0.6567304134368896
1.812774658203125
1.7973341941833496
1.8088107109069824
1.1903586387634277
1.862330436706543
1.2077491283416748
1.0535595417022705
0.7410049438476562
1.7318165302276611
0.7968716621398926
0.9324495792388916
2.030909299850464
1.1796443462371826
1.671278715133667
1.1013031005859375
2.0046815872192383
1.2596442699432373
1.9357092380523682
0.9881985187530518
1.639782428741455
2.047266721725464
1.680288553237915
1.302978754043579
2.1770875453948975
2.004868268966675
1.5006628036499023
2.1922318935394287
2.091404438018799
0.7254774570465088
1.6031975746154785
0.7453889846801758
1.0049076080322266
0.8012728691101074
0.8305318355560303
2.046029567718506
0.9406156539916992
1.0653347969055176
0.7199406623840332
0.39722633361816406
1.5174882411956787
0.057790279388427734
0.3923487663269043
0.06548595428466797
0.07961440086364746
1.4549732208251953
1.4199881553649902
1.0296168327331543
1.2609431743621826
1.685333013534546
1.3258287906646729
0.7637336254119873
1.63065505027771
2.2866737842559814
1.6550192832946777
2.306683301925659
1.177173137664795
1.2562294006347656
2.200761318206787
1.2837023735046387
1.713054895401001
1.6222155094146729
2.004382610321045
1.5701782703399658
0.3123667240142822
2.101144790649414
0.32845640182495117
2.3358395099639893
0.9864661693572998
0.309417724609375
2.317199468612671
0.3092343807220459
1.9695618152618408
1.8109195232391357
1.7831151485443115
0.15491771697998047
1.9031610488891602
0.14203453063964844
1.471480369567871
0.9669930934906006
0.3776431083679199
1.0709302425384521
0.2968754768371582
2.0674147605895996
2.371407985687256
2.382641077041626
1.394582986831665
1.9097247123718262
1.3134965896606445
1.0577318668365479
1.6154932975769043
0.31998133659362793
0.9369399547576904
1.0291399955749512
1.0130939483642578
1.9701476097106934
1.4074549674987793
2.311199903488159
1.3199741840362549
0.339125394821167
2.3085904121398926
1.7920126914978027
0.3925645351409912
2.1501755714416504
1.4986886978149414
2.1652562618255615
1.2708282470703125
1.311204195022583
1.169482707977295
0.9562020301818848
1.142448902130127
1.42756986618042
2.0869123935699463
2.0720200538635254
0.4491288661956787
0.3119621276855469
1.9559781551361084
0.563727855682373
0.2794482707977295
0.453106164932251
0.35637760162353516
0.4668130874633789
0.39249444007873535
0.4645702838897705
1.2951202392578125
0.3918952941894531
0.3238251209259033
0.3765099048614502
0.37018370628356934
0.4245872497558594
0.3267967700958252
0.4011716842651367
0.3817012310028076
0.28699612617492676
0.3155405521392822
0.26311659812927246
0.44595789909362793
0.23690390586853027
0.3457603454589844
0.36312198638916016
0.32210612297058105
0.47298693656921387
0.3089003562927246
0.2565479278564453
0.3306722640991211
0.2996377944946289
0.303302526473999
0.34839916229248047
0.3669087886810303
0.2969374656677246
0.29424524307250977
0.07392430305480957
0.3773674964904785
0.29243969917297363
0.4248828887939453
0.2912003993988037
0.3549489974975586
0.2961268424987793
0.46437835693359375
0.11688756942749023
0.5128576755523682
0.41167521476745605
0.4179816246032715
0.08309078216552734
0.2952573299407959
0.4342958927154541
0.06809473037719727
0.3181898593902588
0.07633018493652344
0.4266853332519531
0.10639739036560059
0.41409754753112793
0.1339399814605713
0.44272351264953613
0.13355326652526855
0.369584321975708
0.1103811264038086
0.14260315895080566
0.35448551177978516
0.15198183059692383
0.4940757751464844
0.3745272159576416
0.5239031314849854
0.416273832321167
0.13033652305603027
0.4255075454711914
0.37425780296325684
0.5329208374023438
0.11304354667663574
0.09866213798522949
0.10349249839782715
0.4488210678100586
0.06831979751586914
0.4300651550292969
0.3951606750488281
0.4384193420410156
0.3841578960418701
0.5350334644317627
0.619037389755249
0.422011137008667
0.4403812885284424
0.6142973899841309
0.5063271522521973
0.4370143413543701
0.18517494201660156
0.619987964630127
0.1717073917388916
0.5547304153442383
0.1636829376220703
0.15581607818603516
0.46048712730407715
0.6065330505371094
0.20685935020446777
0.6428718566894531
0.16007590293884277
0.5835447311401367
0.524376392364502
0.49138569831848145
0.17152118682861328
0.6296231746673584
0.5209448337554932
0.2111372947692871
0.6287121772766113
0.44884800910949707
0.636528730392456
0.44494152069091797
0.6626396179199219
0.5121102333068848
0.662346363067627
0.6540236473083496
0.5487270355224609
0.5985774993896484
0.5418522357940674
0.5721027851104736
0.5694983005523682
0.4966752529144287
0.5268566608428955
0.675037145614624
0.6120400428771973
0.5667061805725098
0.6669912338256836
0.5631771087646484
0.6452391147613525
0.6905815601348877
0.5905733108520508
0.23158621788024902
0.28258776664733887
0.7497031688690186
0.6007513999938965
0.6998915672302246
0.7520279884338379
0.31125569343566895
0.3047053813934326
0.2708415985107422
0.32164883613586426
0.32480645179748535
0.38620781898498535
0.41789698600769043
0.37019920349121094
0.33425307273864746
0.41771697998046875
0.31383442878723145
0.4213564395904541
0.49993085861206055
0.3321819305419922
0.26641321182250977
0.2910115718841553
0.42472076416015625
0.4646174907684326
0.4801623821258545
0.43810343742370605
0.3273453712463379
0.4138777256011963
0.33583569526672363
0.32292985916137695
0.35408592224121094
0.5090382099151611
0.30084824562072754
0.353771448135376
0.47701549530029297
0.23705387115478516
0.5086681842803955
0.560767650604248
0.3253355026245117
0.3802981376647949
0.5760610103607178
0.3427872657775879
0.5629868507385254
0.40863776206970215
0.12330174446105957
0.5703020095825195
0.42478418350219727
0.39859986305236816
0.12636590003967285
0.4528920650482178
0.12379145622253418
0.1309981346130371
0.45331621170043945
0.15418124198913574
0.17804765701293945
0.5828032493591309
0.14278125762939453
0.4173309803009033
0.6567888259887695
0.6340696811676025
0.5935945510864258
0.5579683780670166
0.5762112140655518
0.4328441619873047
0.46422290802001953
0.5622920989990234
0.2817506790161133
0.5528123378753662
0.676112174987793
0.31546783447265625
0.6209032535552979
0.3251664638519287
0.5757813453674316
0.20153164863586426
0.7130928039550781
0.29497241973876953
0.576484203338623
0.5767054557800293
0.19481611251831055
0.6889951229095459
0.14474010467529297
0.5670437812805176
0.23993706703186035
0.6379523277282715
0.061299800872802734
0.5729010105133057
0.7153298854827881
0.6955528259277344
0.548814058303833
0.708137035369873
0.6327245235443115
0.5698897838592529
0.21612548828125
0.2518327236175537
0.6598725318908691
0.42928481101989746
0.5104272365570068
0.29602622985839844
0.27372002601623535
0.19813323020935059
0.11497855186462402
0.32094573974609375
0.14765334129333496
0.256375789642334
0.20456981658935547
0.19907307624816895
0.581491231918335
0.64308762550354
0.22088074684143066
0.3082153797149658
0.13391470909118652
0.5960071086883545
0.3081648349761963
0.672877311706543
0.5794858932495117
0.29277992248535156
0.2769434452056885
0.7313132286071777
0.6087007522583008
0.6658062934875488
0.2668147087097168
0.6585714817047119
0.41003847122192383
0.6507682800292969
0.7507827281951904
0.6716122627258301
0.8095250129699707
0.2077007293701172
0.7091047763824463
0.35418200492858887
0.3750035762786865
0.251192569732666
0.2578606605529785
0.30123114585876465
0.37845468521118164
0.18424630165100098
0.6823179721832275
0.3115990161895752
0.31887316703796387
0.36050915718078613
0.2602100372314453
0.3626885414123535
0.3324015140533447
0.3099701404571533
0.31946587562561035
0.31754398345947266
0.40155935287475586
0.26081037521362305
0.2058713436126709
0.6916210651397705
0.2910175323486328
0.4329986572265625
0.4201319217681885
0.31339430809020996
0.32568979263305664
0.2213892936706543
0.36634016036987305
0.370699405670166
0.3911399841308594
0.3661632537841797
0.34963202476501465
0.22709178924560547
0.3219931125640869
0.2503807544708252
0.25823545455932617
0.24857258796691895
0.2454514503479004
0.4103817939758301
0.2184581756591797
0.4326295852661133
0.3304109573364258
0.3863508701324463
0.3437182903289795
0.3502035140991211
0.4099915027618408
0.32534265518188477
0.40023350715637207
0.33617305755615234
0.4673118591308594
0.45633816719055176
0.25597715377807617
0.3824796676635742
0.4859602451324463
0.3951263427734375
0.2913038730621338
0.3490746021270752
0.045917510986328125
0.3245503902435303
0.5434062480926514
0.45403027534484863
0.3639810085296631
0.32052159309387207
0.4124438762664795
0.44266557693481445
0.48928356170654297
0.3476393222808838
0.33911848068237305
0.3587348461151123
0.350250244140625
0.37419652938842773
0.4552948474884033
0.3326992988586426
0.3473243713378906
0.4369471073150635
0.41551637649536133
0.49077343940734863
0.384174108505249
0.49146103858947754
0.5334680080413818
0.5141074657440186
0.10272216796875
0.429781436920166
0.5052378177642822
0.5600509643554688
0.44341111183166504
0.5304524898529053
0.5006818771362305
0.46213555335998535
0.45562291145324707
0.4888327121734619
0.5917031764984131
0.07209587097167969
0.631312370300293
0.435931921005249
0.5411167144775391
0.6042187213897705
0.4830029010772705
0.5375816822052002
0.6059894561767578
0.5369226932525635
0.2081000804901123
0.4813661575317383
0.6248326301574707
0.49709320068359375
0.14162826538085938
0.624570369720459
0.18820762634277344
0.14494991302490234
0.0487668514251709
0.12267160415649414
0.19045805931091309
0.19789862632751465
0.21807503700256348
0.5644969940185547
0.1827678680419922
0.6347763538360596
0.7358608245849609
0.657426118850708
0.1795663833618164
0.525686502456665
0.5309710502624512
0.5655789375305176
0.5839107036590576
0.6348507404327393
0.06383419036865234
0.0828709602355957
0.8000872135162354
0.09592437744140625
0.23596644401550293
0.3304870128631592
0.33430910110473633
0.3223593235015869
0.23633217811584473
0.2757999897003174
0.6777348518371582
0.7951467037200928
0.723167896270752
0.2050154209136963
0.7431995868682861
0.733964204788208
0.11729001998901367
0.1286163330078125
0.27301979064941406
0.6941592693328857
0.1465914249420166
0.7807338237762451
0.5723950862884521
0.6579971313476562
0.17125892639160156
0.0975196361541748
0.7449197769165039
0.07957339286804199
0.7657451629638672
0.6414783000946045
0.2765226364135742
0.414339542388916
0.7018289566040039
0.6381146907806396
0.40192270278930664
0.7680435180664062
0.13030362129211426
0.32250308990478516
0.7596275806427002
0.1294264793395996
0.42610931396484375
0.4254872798919678
0.17562437057495117
0.10681295394897461
0.3834877014160156
0.723397970199585
0.720628023147583
0.39270997047424316
0.7213811874389648
0.07549428939819336
0.3582570552825928
0.611422061920166
0.6784822940826416
0.7184863090515137
0.3959047794342041
0.3873939514160156
0.43292832374572754
0.37783241271972656
0.44376111030578613
0.41561341285705566
0.29517650604248047
0.38347387313842773
0.4782125949859619
0.38440513610839844
0.3321082592010498
0.7772669792175293
0.45720601081848145
0.4396095275878906
0.406815767288208
0.5177364349365234
0.3404855728149414
0.41518712043762207
0.34167981147766113
0.05750560760498047
0.437511682510376
0.3705477714538574
0.5063724517822266
0.28211545944213867
0.4824864864349365
0.8511040210723877
0.2133798599243164
0.32599735260009766
0.47506070137023926
0.1476147174835205
0.5347104072570801
0.14531731605529785
0.35375189781188965
0.45898890495300293
0.15624094009399414
0.5702674388885498
0.550788164138794
0.2031552791595459
0.4249837398529053
0.21563172340393066
0.2019672393798828
0.5469105243682861
0.22725415229797363
0.2402820587158203
0.10972857475280762
0.2104640007019043
0.41179943084716797
0.12891411781311035
0.2635056972503662
0.5096640586853027
0.3390529155731201
0.2084486484527588
0.1333942413330078
0.940861701965332
0.2572600841522217
0.25687479972839355
0.2126932144165039
0.2707359790802002
0.22600913047790527
0.2856428623199463
0.14135980606079102
0.26827454566955566
0.46840906143188477
0.2766728401184082
0.39113783836364746
0.27085399627685547
0.24795269966125488
0.41103506088256836
0.3763389587402344
0.37148451805114746
0.3317558765411377
0.3537003993988037
0.4254448413848877
0.36754798889160156
0.6168780326843262
0.4205467700958252
0.30957651138305664
0.29734349250793457
0.4365830421447754
0.2885715961456299
0.4067237377166748
0.4479079246520996
0.32076334953308105
0.2864992618560791
0.33727383613586426
0.318986177444458
0.32031941413879395
0.3863039016723633
0.22157692909240723
0.3470466136932373
0.34521031379699707
0.3329963684082031
0.3336770534515381
0.34943604469299316
0.462796688079834
0.3645482063293457
0.35752224922180176
0.33441877365112305
0.2654695510864258
0.34770798683166504
0.42051100730895996
0.39650392532348633
0.2652266025543213
0.3719463348388672
0.3930537700653076
0.4036698341369629
0.4418320655822754
0.2607593536376953
0.17519354820251465
0.2870204448699951
0.22022485733032227
0.042371511459350586
0.484220027923584
0.43530702590942383
0.3456156253814697
0.5231280326843262
0.5102107524871826
0.46161508560180664
0.5172901153564453
0.41051435470581055
0.5292375087738037
0.33122992515563965
0.5510361194610596
0.3166165351867676
0.5579838752746582
0.5662057399749756
0.34145379066467285
0.5373809337615967
0.505162239074707
0.5392704010009766
0.547213077545166
0.5057213306427002
0.5792405605316162
0.47538042068481445
0.12353348731994629
0.11714911460876465
0.45096468925476074
0.3318045139312744
0.3466823101043701
0.543102502822876
0.5105235576629639
0.5412867069244385
0.39708805084228516
0.18087077140808105
0.3558926582336426
0.3886387348175049
0.4750485420227051
0.5344479084014893
0.4492795467376709
0.4387681484222412
0.43871164321899414
0.5191545486450195
0.42616796493530273
0.5853397846221924
0.5506258010864258
0.6169021129608154
0.20137786865234375
0.39612841606140137
0.20711636543273926
0.14369869232177734
0.6503925323486328
0.5174634456634521
0.587923526763916
0.4177238941192627
0.1251380443572998
0.6318323612213135
0.5546689033508301
0.6267244815826416
0.5849032402038574
0.5932233333587646
0.47695136070251465
0.4041147232055664
0.49139952659606934
0.49715685844421387
0.6853268146514893
0.5544865131378174
0.5115606784820557
0.45162296295166016
0.47147583961486816
0.5805933475494385
0.6404943466186523
0.47641777992248535
0.16259241104125977
0.1676628589630127
0.5018293857574463
0.6257505416870117
0.4736003875732422
0.5464742183685303
0.5903756618499756
0.6279747486114502
0.4750185012817383
0.49004626274108887
0.6090292930603027
0.49279165267944336
0.5146019458770752
0.595947265625
0.6955499649047852
0.5437338352203369
0.6205668449401855
0.6634120941162109
0.6924183368682861
0.7156639099121094
0.6018257141113281
0.7053842544555664
0.6881606578826904
0.6019208431243896
0.7977199554443359
0.6821751594543457
0.6011226177215576
0.6465880870819092
0.6059060096740723
0.7115819454193115
0.6513864994049072
0.21117281913757324
0.17437505722045898
0.21291112899780273
0.7338776588439941
0.3006772994995117
0.31439805030822754
0.26813840866088867
0.2667582035064697
0.6475486755371094
0.28070616722106934
0.2693049907684326
0.32654595375061035
0.24454474449157715
0.29398155212402344
0.24454712867736816
0.2606384754180908
0.28397083282470703
0.27771997451782227
0.33887290954589844
0.3517313003540039
0.2968733310699463
0.3302497863769531
0.29410600662231445
0.25954222679138184
0.31631994247436523
0.3019728660583496
0.3858299255371094
0.30199384689331055
0.4097707271575928
0.3622863292694092
0.35012078285217285
0.5049839019775391
0.4630086421966553
0.5914003849029541
0.5032625198364258
0.5254416465759277
0.5985064506530762
0.5534565448760986
0.5936291217803955
0.3950791358947754
0.3609607219696045
0.5681943893432617
0.517822265625
0.4465055465698242
0.055951595306396484
0.4182579517364502
0.4882333278656006
0.045705318450927734
0.6162354946136475
0.5260686874389648
0.42731690406799316
0.47861552238464355
0.46458864212036133
0.5161566734313965
0.4446296691894531
0.47042417526245117
0.6151127815246582
0.6463253498077393
0.5525150299072266
0.09760785102844238
0.5313935279846191
0.5415925979614258
0.6834628582000732
0.6739711761474609
0.45743513107299805
0.5338654518127441
0.6138134002685547
0.60184645652771
0.6464600563049316
0.6658546924591064
0.551048994064331
0.5283396244049072
0.6475796699523926
0.45412111282348633
0.4937856197357178
0.5297367572784424
0.5586953163146973
0.5006272792816162
0.6577699184417725
0.5465834140777588
0.1280057430267334
0.14356780052185059
0.14147496223449707
0.5706498622894287
0.524806022644043
0.6367545127868652
0.5547215938568115
0.6264495849609375
0.6699957847595215
0.5289125442504883
0.5048403739929199
0.15697360038757324
0.6605432033538818
0.15511798858642578
0.18039536476135254
0.1714773178100586
0.5099053382873535
0.5695109367370605
0.5918889045715332
0.5787723064422607
0.7455976009368896
0.5882689952850342
0.44677257537841797
0.7130587100982666
0.17737865447998047
0.20754289627075195
0.27767014503479004
0.2873830795288086
0.27068543434143066
0.3072679042816162
0.2978236675262451
0.04732394218444824
0.05072522163391113
0.045974016189575195
0.39813947677612305
0.06006002426147461
0.04271268844604492
0.05540800094604492
0.42668962478637695
0.3770406246185303
0.31316518783569336
0.3262040615081787
0.7957205772399902
0.4142124652862549
0.7659845352172852
0.44176554679870605
0.4727954864501953
0.42092132568359375
0.7725675106048584
0.42061471939086914
0.7157375812530518
0.7515785694122314
0.7399587631225586
0.8507726192474365
0.4818425178527832
0.39077258110046387
0.464245080947876
0.47031569480895996
0.35898399353027344
0.4430968761444092
0.4013855457305908
0.3497633934020996
0.8549227714538574
0.8488345146179199
0.8124275207519531
0.9103491306304932
0.7464091777801514
0.511465311050415
0.8747727870941162
0.3922731876373291
0.7407104969024658
0.7753968238830566
0.42987871170043945
0.11728167533874512
0.7437479496002197
0.4261038303375244
0.4127473831176758
0.39662790298461914
0.4254896640777588
0.475980281829834
0.41187191009521484
0.48435258865356445
0.440356969833374
0.8256025314331055
0.5014755725860596
0.4676363468170166
0.42566967010498047
0.12647724151611328
0.464275598526001
0.4494454860687256
0.25415897369384766
0.48619532585144043
0.48377180099487305
0.40642690658569336
0.5502748489379883
0.5257325172424316
0.2442934513092041
0.48399972915649414
0.5611886978149414
0.5724782943725586
0.430708646774292
0.11914968490600586
0.5395910739898682
0.479567289352417
0.16340398788452148
0.4800708293914795
0.9021861553192139
0.9447119235992432
0.5910825729370117
0.5759398937225342
0.46807432174682617
0.9605264663696289
0.16551542282104492
0.848745584487915
0.130873441696167
0.8597507476806641
0.1809079647064209
0.23361778259277344
0.15836048126220703
0.1550123691558838
0.15367722511291504
0.16898560523986816
0.5690536499023438
0.20443320274353027
0.60001540184021
0.21968746185302734
0.15232038497924805
0.18480134010314941
0.9386653900146484
0.5746653079986572
0.5039975643157959
0.9804892539978027
0.19489669799804688
0.9033923149108887
0.9350063800811768
0.9141571521759033
0.8196771144866943
0.6110754013061523
1.0395443439483643
0.22950482368469238
0.23871374130249023
0.2454690933227539
1.0520524978637695
0.9502162933349609
0.252180814743042
0.3063786029815674
0.2151355743408203
0.22339510917663574
0.24783873558044434
0.942317008972168
0.7039515972137451
0.9273357391357422
1.0561003684997559
0.26924824714660645
0.23975729942321777
0.26511597633361816
0.2606372833251953
0.2587916851043701
0.37621617317199707
0.05889010429382324
0.05392599105834961
0.267730712890625
0.34780049324035645
0.3724246025085449
0.2959456443786621
0.4209730625152588
0.2597835063934326
0.455291748046875
0.30210423469543457
0.2839677333831787
0.35432958602905273
0.4777963161468506
0.4322690963745117
0.4234812259674072
0.48613953590393066
0.46126437187194824
0.3809993267059326
0.40329575538635254
0.39307475090026855
0.4621729850769043
0.3433558940887451
0.3185756206512451
0.5608882904052734
0.4622924327850342
0.3235611915588379
0.07950472831726074
0.3364717960357666
0.5105006694793701
0.3899967670440674
0.3380765914916992
0.49158358573913574
0.49007248878479004
0.3228762149810791
0.48964810371398926
0.08513641357421875
0.37623047828674316
0.39197850227355957
0.4044530391693115
0.4078960418701172
0.4497344493865967
0.44168734550476074
0.44856762886047363
0.43805575370788574
0.11788511276245117
0.4338374137878418
0.11316275596618652
0.4227786064147949
0.12072205543518066
0.11118483543395996
0.49571752548217773
0.4231264591217041
0.5004949569702148
0.4105875492095947
0.5134596824645996
0.5745856761932373
0.5062699317932129
0.5620982646942139
0.4071216583251953
0.41054868698120117
0.14080572128295898
0.44333815574645996
0.15640687942504883
0.4268972873687744
0.60276198387146
0.5391683578491211
0.36123180389404297
0.513115644454956
0.5607967376708984
0.4350419044494629
0.5671401023864746
0.5367891788482666
0.5573441982269287
0.1792457103729248
0.4736044406890869
0.5463206768035889
0.6927657127380371
0.20893096923828125
0.6129438877105713
0.4046001434326172
0.5980648994445801
0.6012413501739502
0.1751415729522705
0.5694634914398193
0.5762569904327393
0.6352503299713135
0.49904751777648926
0.47690296173095703
0.6415963172912598
0.5680010318756104
0.6338839530944824
0.542487621307373
0.6251356601715088
0.66444993019104
0.54909348487854
0.5525927543640137
0.6751701831817627
0.5455834865570068
0.565537691116333
0.7073662281036377
0.6132297515869141
0.5356676578521729
0.5389800071716309
0.580242395401001
0.491682767868042
0.7372353076934814
0.5744802951812744
0.6157937049865723
0.6843676567077637
0.2076091766357422
0.2158217430114746
0.7198941707611084
0.22600984573364258
0.2895181179046631
0.3077712059020996
0.4056692123413086
0.2572202682495117
0.27353811264038086
0.380082368850708
0.271359920501709
0.2769660949707031
0.4132423400878906
0.422823429107666
0.45351266860961914
0.294966459274292
0.4620506763458252
0.2786366939544678
0.2731454372406006
0.3363199234008789
0.4447519779205322
0.47005796432495117
0.37557220458984375
0.39942216873168945
0.4064013957977295
0.27819013595581055
0.37253499031066895
0.46014857292175293
0.35482168197631836
0.5056259632110596
0.0632479190826416
0.3542141914367676
0.3276355266571045
0.34949398040771484
0.3190751075744629
0.41077446937561035
0.3297891616821289
0.44527268409729004
0.3264045715332031
0.40857505798339844
0.4277229309082031
0.417665958404541
0.5249722003936768
0.09087347984313965
0.4329793453216553
0.377413272857666
0.5293970108032227
0.37849950790405273
0.5638077259063721
0.4181630611419678
0.4182610511779785
0.5261361598968506
0.2715036869049072
0.5729320049285889
0.4443223476409912
0.45211029052734375
0.522881031036377
0.44957900047302246
0.4436981678009033
0.4726090431213379
0.41356420516967773
0.4884071350097656
0.5096931457519531
0.5082035064697266
0.5225296020507812
0.5014069080352783
0.22359585762023926
0.5242869853973389
0.44424891471862793
0.41587400436401367
0.4256258010864258
0.4158284664154053
0.4671902656555176
0.5522642135620117
0.15471315383911133
0.5172417163848877
0.59053635597229
0.5626547336578369
0.5798425674438477
0.5831239223480225
0.5205485820770264
0.19920754432678223
0.5021142959594727
0.5309479236602783
0.5804829597473145
0.6878952980041504
0.4716804027557373
0.20079278945922852
0.6821396350860596
0.6731703281402588
0.5359845161437988
0.5865302085876465
0.4900953769683838
0.5854380130767822
0.5201549530029297
0.5671360492706299
0.48017120361328125
0.5057945251464844
0.6135590076446533
0.5610239505767822
0.6498265266418457
0.5525200366973877
0.49904441833496094
0.5371222496032715
0.690314769744873
0.6519997119903564
0.6221351623535156
0.7112720012664795
0.6752510070800781
0.5650348663330078
0.5724246501922607
0.2594723701477051
0.23292803764343262
0.2736661434173584
0.31818723678588867
0.2856569290161133
0.20019292831420898
0.3559870719909668
0.2697725296020508
0.2431488037109375
0.24504351615905762
0.2678260803222656
0.146592378616333
0.40373921394348145
0.05497932434082031
0.4121518135070801
0.2712438106536865
0.29737353324890137
0.3223581314086914
0.3266634941101074
0.229414701461792
0.29358673095703125
0.302248477935791
0.28954005241394043
0.3037409782409668
0.4853808879852295
0.44278407096862793
0.38651084899902344
0.2938413619995117
0.39412569999694824
0.4182302951812744
0.45350170135498047
0.27680182456970215
0.5300853252410889
0.3224365711212158
0.2958061695098877
0.39048004150390625
0.37619829177856445
0.441910982131958
0.38657069206237793
0.5327749252319336
0.4652271270751953
0.32979416847229004
0.39368391036987305
0.45122790336608887
0.5015363693237305
0.41069865226745605
0.4634213447570801
0.3392651081085205
0.1768355369567871
0.38697218894958496
0.36260390281677246
0.3099339008331299
0.2485194206237793
0.3472740650177002
0.7004671096801758
0.5665924549102783
0.5965125560760498
0.6633279323577881
0.3940117359161377
0.5051984786987305
0.6869714260101318
0.5233638286590576
0.6530182361602783
0.4526948928833008
0.5956196784973145
0.6011123657226562
0.5987024307250977
0.5041337013244629
0.49237728118896484
0.30689263343811035
0.21931815147399902
0.3247041702270508
0.05183553695678711
0.3597123622894287
0.3844177722930908
0.2113945484161377
0.0905923843383789
0.04638171195983887
0.0522000789642334
0.49339842796325684
0.549466609954834
0.44228649139404297
0.46758580207824707
0.4654099941253662
0.4264960289001465
0.5470867156982422
0.41978025436401367
0.41787266731262207
0.4983365535736084
0.09651422500610352
0.3256354331970215
0.10507392883300781
0.36314988136291504
0.5374870300292969
0.46686673164367676
0.42256879806518555
0.3750474452972412
0.5603733062744141
0.38743114471435547
0.34360289573669434
0.5631842613220215
0.43364715576171875
0.4221630096435547
0.6030018329620361
0.41588354110717773
0.12114787101745605
0.5002830028533936
0.5783805847167969
0.5494091510772705
0.3972971439361572
0.4162569046020508
0.39724087715148926
0.48096418380737305
0.6200995445251465
0.5123927593231201
0.5792031288146973
0.5081148147583008
0.5736958980560303
0.10958290100097656
0.4731638431549072
0.4954705238342285
0.4102349281311035
0.5765328407287598
0.4587686061859131
0.36545634269714355
0.11636877059936523
0.47394347190856934
0.6043581962585449
0.6504669189453125
0.3997313976287842
0.5376448631286621
0.4857637882232666
0.43982553482055664
0.5755627155303955
0.569481611251831
0.5267045497894287
0.632756233215332
0.6472122669219971
0.4612412452697754
0.5539624691009521
0.5161952972412109
0.5940649509429932
0.5147788524627686
0.6984901428222656
0.22085094451904297
0.23531866073608398
0.276228666305542
0.23479437828063965
0.16922760009765625
0.1422414779663086
0.23937201499938965
0.18047499656677246
0.3015866279602051
0.3353278636932373
0.3523530960083008
0.3570699691772461
0.3346121311187744
0.2727322578430176
0.22701573371887207
0.22359657287597656
0.21223068237304688
0.04688620567321777
0.30928611755371094
0.2202892303466797
0.2428145408630371
0.07922101020812988
0.4097898006439209
0.2344348430633545
0.36635828018188477
0.08026480674743652
0.33009839057922363
0.3932805061340332
0.09442257881164551
0.2701125144958496
0.3128163814544678
0.2760035991668701
0.38501977920532227
0.30189037322998047
0.4502742290496826
0.30661845207214355
0.3783900737762451
0.5035114288330078
0.44058942794799805
0.42261600494384766
0.3736410140991211
0.4751131534576416
0.33888888359069824
0.36667680740356445
0.4104022979736328
0.4488046169281006
0.3790590763092041
0.49105095863342285
0.4204282760620117
0.39589643478393555
0.4909191131591797
0.3878357410430908
0.3674001693725586
0.39704084396362305
0.41675806045532227
0.4149177074432373
0.38111114501953125
0.46222543716430664
0.4157412052154541
0.38344621658325195
0.37502479553222656
0.32921695709228516
0.4562959671020508
0.4424712657928467
0.4535210132598877
0.39809298515319824
0.4943253993988037
0.594489574432373
0.427020788192749
0.47705745697021484
0.5141243934631348
0.4743692874908447
0.4717674255371094
0.6096808910369873
0.5710945129394531
0.6119344234466553
0.29408717155456543
0.6026754379272461
0.6141002178192139
0.47243452072143555
0.5452771186828613
0.5592336654663086
0.5581924915313721
0.5498533248901367
0.6100847721099854
0.51839280128479
0.5158689022064209
0.532191276550293
0.5598540306091309
0.5565571784973145
0.5981998443603516
0.5783147811889648
0.5904073715209961
0.5294656753540039
0.5664808750152588
0.5812287330627441
0.6853411197662354
0.7289178371429443
0.5733120441436768
0.35854291915893555
0.5675010681152344
0.3530099391937256
0.6621694564819336
0.7511036396026611
0.685697078704834
0.38051629066467285
0.6293973922729492
0.37502336502075195
0.671741247177124
0.6502165794372559
0.3793528079986572
0.39430713653564453
0.43384552001953125
0.41269683837890625
0.40926599502563477
0.4927816390991211
0.48311877250671387
0.4534609317779541
0.5159997940063477
0.5005409717559814
0.4828674793243408
0.49715495109558105
0.4966011047363281
0.46273088455200195
0.5191543102264404
0.5888996124267578
0.6015031337738037
0.375582218170166
0.5047214031219482
0.3821251392364502
0.09481358528137207
0.5278077125549316
0.572246789932251
0.6035292148590088
0.41585707664489746
0.5713458061218262
0.5095474720001221
0.6108596324920654
0.5973010063171387
0.4495244026184082
0.4275968074798584
0.4280726909637451
0.48767900466918945
0.5794017314910889
0.4363441467285156
0.6540029048919678
0.5475435256958008
0.5057764053344727
0.4839036464691162
0.4829285144805908
0.5836360454559326
0.7658767700195312
0.46908998489379883
0.6757493019104004
0.6768720149993896
0.5283865928649902
0.4927952289581299
0.5949227809906006
0.6479816436767578
0.6753139495849609
0.6710355281829834
0.3805570602416992
0.6567156314849854
0.6616744995117188
0.5651988983154297
0.800396203994751
0.617783784866333
0.6894834041595459
0.5097825527191162
0.5964062213897705
0.6933152675628662
0.3102443218231201
0.7950139045715332
0.8393731117248535
0.6725614070892334
0.783900260925293
0.4371175765991211
0.5961904525756836
0.8212671279907227
0.8793716430664062
0.6726276874542236
0.43549370765686035
0.7881548404693604
0.46925973892211914
0.3615992069244385
0.6856894493103027
0.8690013885498047
0.5845515727996826
0.6676716804504395
0.6991603374481201
0.9069976806640625
0.8391895294189453
0.6828737258911133
0.6929984092712402
0.40102624893188477
0.8737325668334961
0.6706774234771729
0.5261776447296143
0.9345371723175049
0.7425680160522461
0.9060540199279785
0.858849287033081
0.8830623626708984
0.9374091625213623
0.9367527961730957
0.8714792728424072
0.8578524589538574
0.7675480842590332
0.7823312282562256
0.8276407718658447
0.6282930374145508
0.6917786598205566
0.6614232063293457
0.3649919033050537
1.0908825397491455
0.43569445610046387
0.4147038459777832
0.49056077003479004
0.3341183662414551
0.6386046409606934
0.2875502109527588
0.36316537857055664
0.33095312118530273
0.33617377281188965
0.6506485939025879
0.4473438262939453
0.3743152618408203
0.9420325756072998
1.0735085010528564
0.5730297565460205
0.9644463062286377
1.192065954208374
0.6461865901947021
0.5676441192626953
0.5567231178283691
0.8147335052490234
0.5276381969451904
0.9698519706726074
0.6430778503417969
1.0357210636138916
0.657092809677124
0.7136986255645752
0.704972505569458
0.4071171283721924
0.6389400959014893
0.42051005363464355
1.0600292682647705
0.847907304763794
0.41848039627075195
0.5876657962799072
0.7474918365478516
0.6047780513763428
0.1256723403930664
0.44895076751708984
0.693342924118042
0.6924705505371094
0.4303712844848633
0.4003291130065918
1.089376449584961
0.7636191844940186
0.13834118843078613
0.3814520835876465
0.45418620109558105
0.48645734786987305
0.46753430366516113
0.4754149913787842
0.6584455966949463
0.6844034194946289
1.0863142013549805
0.7053170204162598
1.0014803409576416
0.3784611225128174
0.640204906463623
0.4838979244232178
0.35999393463134766
0.37046217918395996
0.2766447067260742
0.8009634017944336
0.8009276390075684
0.3996243476867676
0.4468955993652344
0.7419981956481934
0.45369935035705566
0.2290966510772705
0.2869555950164795
0.21408510208129883
0.688321590423584
0.7144646644592285
0.7401409149169922
1.0501654148101807
0.24057507514953613
0.5623598098754883
0.30576515197753906
0.8303098678588867
0.5462877750396729
0.41072964668273926
0.7128043174743652
0.2350621223449707
0.5411303043365479
0.3847522735595703
0.4234347343444824
0.42118406295776367
0.037200212478637695
0.7508716583251953
0.44436025619506836
0.4742443561553955
0.4427676200866699
0.44882726669311523
0.33138275146484375
0.8292806148529053
0.4487593173980713
0.6591353416442871
0.26949620246887207
0.4043905735015869
0.7571568489074707
0.7409331798553467
0.35907602310180664
0.29799771308898926
0.3770754337310791
0.4528772830963135
0.3788907527923584
0.25122523307800293
0.4274592399597168
0.4014108180999756
0.673145055770874
0.43357133865356445
0.3728291988372803
0.8128736019134521
0.32787537574768066
0.3933544158935547
0.3628816604614258
0.12609028816223145
0.8057141304016113
0.4128267765045166
0.5692811012268066
0.44957780838012695
0.4361720085144043
0.47150516510009766
0.46701955795288086
0.3620760440826416
0.39132142066955566
0.7638909816741943
0.51003098487854
0.49393749237060547
0.7349917888641357
1.058744192123413
0.5239343643188477
0.44397401809692383
0.5154497623443604
0.48146891593933105
0.383425235748291
0.4663732051849365
0.8522491455078125
0.8667383193969727
0.4084610939025879
0.5733435153961182
0.4284229278564453
0.5837948322296143
0.23568105697631836
0.45537781715393066
0.4976530075073242
0.48714160919189453
0.9173746109008789
0.6581180095672607
0.5303752422332764
0.523535966873169
0.4919865131378174
0.4711112976074219
0.17186713218688965
0.6289999485015869
0.1805570125579834
0.05590009689331055
0.4859049320220947
1.1356453895568848
0.8008873462677002
0.8565890789031982
0.8499922752380371
0.9271643161773682
0.45056605339050293
0.5894949436187744
0.5957045555114746
0.6467957496643066
0.5571000576019287
0.6080172061920166
0.1846761703491211
0.21150732040405273
0.5445137023925781
0.6932883262634277
0.49578309059143066
0.5123608112335205
0.6136777400970459
0.4865856170654297
0.6045472621917725
0.5219497680664062
0.662189245223999
0.8340485095977783
0.2293717861175537
0.5307421684265137
0.7083113193511963
0.5383045673370361
0.6258132457733154
0.6504490375518799
0.353851318359375
0.18540644645690918
0.24766135215759277
0.18875455856323242
0.27996206283569336
0.17831134796142578
0.24843120574951172
0.22739887237548828
0.21750426292419434
0.19897246360778809
0.04786539077758789
0.2964036464691162
0.0427858829498291
0.28971028327941895
0.27814340591430664
0.35487937927246094
0.39878129959106445
0.28003644943237305
0.3978884220123291
0.36054253578186035
0.06953048706054688
0.44619274139404297
0.45626330375671387
0.4068896770477295
0.36347031593322754
0.042292118072509766
0.1002206802368164
0.2917823791503906
0.4498438835144043
0.3761579990386963
0.056250572204589844
0.37119340896606445
0.38888072967529297
0.07120013236999512
0.47339606285095215
0.05573868751525879
0.06597232818603516
0.482006311416626
0.08030819892883301
0.10404372215270996
0.06092214584350586
0.5646815299987793
0.11659359931945801
0.11287784576416016
0.4615163803100586
0.3960897922515869
0.40436863899230957
0.04843306541442871
0.5581214427947998
0.5866971015930176
0.49998998641967773
0.5967750549316406
0.4365725517272949
0.6142315864562988
0.6413397789001465
0.576958417892456
0.569260835647583
0.14356493949890137
0.4060213565826416
0.1796414852142334
0.6339590549468994
0.6065866947174072
0.46880173683166504
0.5753843784332275
0.5609438419342041
0.43851399421691895
0.5463230609893799
0.4994943141937256
0.5294034481048584
0.15338921546936035
0.19469285011291504
0.545983076095581
0.13983941078186035
0.2809720039367676
0.628007173538208
0.40651941299438477
0.20981621742248535
0.6357722282409668
0.6494438648223877
0.5882582664489746
0.6805441379547119
0.7387959957122803
0.5972659587860107
0.7269065380096436
0.4095039367675781
0.6000492572784424
0.6469521522521973
0.30989575386047363
0.33582401275634766
0.4215872287750244
0.2240126132965088
0.24730420112609863
0.15695762634277344
0.17140793800354004
0.32038331031799316
0.2953956127166748
0.32109832763671875
0.24904298782348633
0.2076277732849121
0.33420801162719727
0.3047020435333252
0.20651936531066895
0.37438201904296875
0.3275644779205322
0.2168412208557129
0.36315011978149414
0.38962817192077637
0.3289048671722412
0.23166584968566895
0.2786281108856201
0.32978105545043945
0.20012593269348145
0.3137848377227783
0.2907845973968506
0.33358049392700195
0.18743348121643066
0.23728203773498535
0.34567785263061523
0.302354097366333
0.24582505226135254
0.06901097297668457
0.3442673683166504
0.32741212844848633
0.2232835292816162
0.40799522399902344
0.33074307441711426
0.2792675495147705
0.2118089199066162
0.2855081558227539
0.3920602798461914
0.3229689598083496
0.2717325687408447
0.4402618408203125
0.415116548538208
0.15754055976867676
0.3274104595184326
0.24146318435668945
0.30301904678344727
0.09010648727416992
0.27840161323547363
0.4395568370819092
0.3904995918273926
0.09214496612548828
0.363419771194458
0.5000612735748291
0.1617279052734375
0.1455533504486084
0.11901044845581055
0.17454767227172852
0.541165828704834
0.5343105792999268
0.1647346019744873
0.2135467529296875
0.1614522933959961
0.17995953559875488
0.5502562522888184
0.20987367630004883
0.5677490234375
0.18044662475585938
0.45427393913269043
0.2409682273864746
0.48178958892822266
0.5607197284698486
0.4731733798980713
0.45026493072509766
0.5382559299468994
0.5315191745758057
0.08304333686828613
0.5378634929656982
0.23526597023010254
0.49845290184020996
0.5683755874633789
0.31068849563598633
0.6216137409210205
0.6121985912322998
0.47818970680236816
0.488079309463501
0.24718904495239258
0.33281922340393066
0.5644271373748779
0.30666637420654297
0.5182757377624512
0.32451796531677246
0.270784854888916
0.5023672580718994
0.29145097732543945
0.558220386505127
0.31196165084838867
0.49101686477661133
0.1352546215057373
0.6132819652557373
0.5551271438598633
0.13291239738464355
0.6298320293426514
0.2918109893798828
0.3322422504425049
0.6075637340545654
0.5829005241394043
0.11709856986999512
0.30899500846862793
0.5519638061523438
0.524646520614624
0.7288751602172852
0.3547518253326416
0.7248802185058594
0.6323907375335693
0.5582268238067627
0.5347344875335693
0.5698964595794678
0.6294097900390625
0.6586031913757324
0.1872241497039795
0.5149962902069092
0.3783571720123291
0.30702662467956543
0.16168713569641113
0.36719846725463867
0.5829052925109863
0.3778376579284668
0.6360702514648438
0.5833635330200195
0.16963458061218262
0.3135859966278076
0.37938809394836426
0.7387981414794922
0.34917759895324707
0.4120306968688965
0.6154670715332031
0.3349766731262207
0.3961338996887207
0.797532320022583
0.41048383712768555
0.7685420513153076
0.7564418315887451
0.24843668937683105
0.46964335441589355
0.3600747585296631
0.38469719886779785
0.7349281311035156
0.43515610694885254
0.339125394821167
0.212022066116333
0.22559857368469238
0.6273977756500244
0.21663355827331543
0.6492209434509277
0.4110443592071533
0.26119279861450195
0.29302239418029785
0.6998016834259033
0.42971372604370117
0.1645796298980713
0.31482481956481934
0.34862589836120605
0.04974961280822754
0.40351128578186035
0.06731438636779785
0.34001612663269043
0.3898484706878662
0.3085672855377197
0.04786348342895508
0.30470919609069824
0.06300663948059082
0.3768939971923828
0.35380101203918457
0.46512913703918457
0.37458014488220215
0.27722764015197754
0.289046049118042
0.53336501121521
0.44861364364624023
0.3384106159210205
0.4682621955871582
0.316967248916626
0.39577460289001465
0.49073219299316406
0.2973933219909668
0.6226603984832764
0.23850226402282715
0.6572930812835693
0.23586606979370117
0.27303218841552734
0.5076673030853271
0.6301403045654297
0.5208983421325684
0.6152534484863281
0.5694830417633057
0.6377413272857666
0.2938659191131592
0.31671810150146484
0.295147180557251
0.34484171867370605
0.21898698806762695
0.2656114101409912
0.2900514602661133
0.2739109992980957
0.2714881896972656
0.30512404441833496
0.03527379035949707
0.3034040927886963
0.30157017707824707
0.33277177810668945
0.38080501556396484
0.3915574550628662
0.34493088722229004
0.3947172164916992
0.03672361373901367
0.27251434326171875
0.2573983669281006
0.46350955963134766
0.27834463119506836
0.06263518333435059
0.4238119125366211
0.4560518264770508
0.28284740447998047
0.3441634178161621
0.3007967472076416
0.08032584190368652
0.08835649490356445
0.3175163269042969
0.10094952583312988
0.09167957305908203
0.3835437297821045
0.4477405548095703
0.36920762062072754
0.3862431049346924
0.35930943489074707
0.42462158203125
0.4197666645050049
0.3169057369232178
0.33100080490112305
0.41358208656311035
0.4419267177581787
0.36760878562927246
0.49137330055236816
0.3807032108306885
0.45801496505737305
0.3833446502685547
0.21831583976745605
0.22286534309387207
0.22734642028808594
0.39713215827941895
0.44869089126586914
0.5263631343841553
0.4147775173187256
0.38336753845214844
0.437222957611084
0.4263951778411865
0.41321325302124023
0.17074370384216309
0.12370085716247559
0.36645030975341797
0.43404459953308105
0.3941667079925537
0.39179420471191406
0.5475702285766602
0.2695126533508301
0.5174076557159424
0.4366121292114258
0.5847539901733398
0.17254233360290527
0.4338412284851074
0.2495276927947998
0.3893749713897705
0.2564108371734619
0.4637033939361572
0.5529360771179199
0.49823427200317383
0.4100222587585449
0.45781707763671875
0.6095023155212402
0.44130730628967285
0.426654577255249
0.5340003967285156
0.5136857032775879
0.4885523319244385
0.6526978015899658
0.46141815185546875
0.5095949172973633
0.5268576145172119
0.5253205299377441
0.3174574375152588
0.5494534969329834
0.4564979076385498
0.49035167694091797
0.6371824741363525
0.5978713035583496
0.6043567657470703
0.5173096656799316
0.47924208641052246
0.600095272064209
0.5795602798461914
0.548137903213501
0.6608293056488037
0.6026298999786377
0.6830761432647705
0.6305248737335205
0.3493475914001465
0.5450711250305176
0.4977757930755615
0.37458348274230957
0.2733471393585205
0.5992488861083984
0.6166489124298096
0.6296355724334717
0.7103376388549805
0.5440194606781006
0.2836482524871826
0.2890148162841797
0.38302063941955566
0.4497263431549072
0.44028401374816895
0.4064176082611084
0.3975203037261963
0.4502432346343994
0.5014536380767822
0.32263731956481934
0.43614983558654785
0.46527552604675293
0.542567253112793
0.5579624176025391
0.3618180751800537
0.5131130218505859
0.41530513763427734
0.45728635787963867
0.5421483516693115
0.5578615665435791
0.5047571659088135
0.36853861808776855
0.5595319271087646
0.5357177257537842
0.41698431968688965
0.4052600860595703
0.36095738410949707
0.36812400817871094
0.3020024299621582
0.45335912704467773
0.4952869415283203
0.4839949607849121
0.4186689853668213
0.5728762149810791
0.3769800662994385
0.41628217697143555
0.5054500102996826
0.3357582092285156
0.38219618797302246
0.5107450485229492
0.624136209487915
0.5498740673065186
0.4766402244567871
0.3967709541320801
0.46376609802246094
0.5153923034667969
0.5380673408508301
0.4786696434020996
0.5097439289093018
0.23222732543945312
0.4587438106536865
0.5504148006439209
0.5243105888366699
0.6409111022949219
0.4124753475189209
0.4818601608276367
0.4479241371154785
0.570798397064209
0.6534972190856934
0.6137137413024902
0.5444924831390381
0.42251038551330566
0.17776155471801758
0.4602961540222168
0.5509800910949707
0.1823134422302246
0.673192024230957
0.6090223789215088
0.43121790885925293
0.6156585216522217
0.5418717861175537
0.4693925380706787
0.5001928806304932
0.4896972179412842
0.5244832038879395
0.702411413192749
0.5024917125701904
0.5635724067687988
0.4898567199707031
0.5939915180206299
0.5072953701019287
0.5744085311889648
0.6388974189758301
0.5389819145202637
0.4877197742462158
0.4797687530517578
0.5380339622497559
0.49803996086120605
0.5259544849395752
0.6964235305786133
0.6922321319580078
0.6667017936706543
0.555901288986206
0.23875951766967773
0.579880952835083
0.6537811756134033
0.6607451438903809
0.6973254680633545
0.5831670761108398
0.6194789409637451
0.6560945510864258
0.22819805145263672
0.6951465606689453
0.6647262573242188
0.5423297882080078
0.6483800411224365
0.6313903331756592
0.3160548210144043
0.30310535430908203
0.27339625358581543
0.2529628276824951
0.3605334758758545
0.2550387382507324
0.35460424423217773
0.28038501739501953
0.29784321784973145
0.36465883255004883
0.23281598091125488
0.04694938659667969
0.05672478675842285
0.3448021411895752
0.2742166519165039
0.2956676483154297
0.40555882453918457
0.4364314079284668
0.2279505729675293
0.3554999828338623
0.2967650890350342
0.2697422504425049
0.4605584144592285
0.28092050552368164
0.23914504051208496
0.253387451171875
0.264110803604126
0.2763357162475586
0.2612183094024658
0.29149413108825684
0.31713342666625977
0.3059377670288086
0.30379390716552734
0.37578392028808594
0.28866052627563477
0.41416263580322266
0.44183778762817383
0.4529235363006592
0.43720054626464844
0.4796102046966553
0.30518507957458496
0.49403834342956543
0.36577725410461426
0.38334083557128906
0.34108972549438477
0.4298720359802246
0.14358186721801758
0.40047693252563477
0.35542845726013184
0.408153772354126
0.13956880569458008
0.31675171852111816
0.5275533199310303
0.3767685890197754
0.49082040786743164
0.14595818519592285
0.33449530601501465
0.40451955795288086
0.3480830192565918
0.5103504657745361
0.14387226104736328
0.48853445053100586
0.1748366355895996
0.48319220542907715
0.42643189430236816
0.43463635444641113
0.4565708637237549
0.5107300281524658
0.5155389308929443
0.5000395774841309
0.5618026256561279
0.48611021041870117
0.3957197666168213
0.462740421295166
0.38626837730407715
0.17615795135498047
0.4177734851837158
0.570958137512207
0.4750852584838867
0.42906904220581055
0.5138905048370361
0.45827794075012207
0.5976958274841309
0.43453240394592285
0.5398015975952148
0.503511905670166
0.5319583415985107
0.5940430164337158
0.2225034236907959
0.18909955024719238
0.18859148025512695
0.4274168014526367
0.48360490798950195
0.4818403720855713
0.6348350048065186
0.5186135768890381
0.5495669841766357
0.5387842655181885
0.421588659286499
0.6079943180084229
0.46172070503234863
0.26579880714416504
0.44001173973083496
0.5599422454833984
0.49942803382873535
0.5744550228118896
0.5951049327850342
0.5311603546142578
0.4734461307525635
0.1358644962310791
0.6959011554718018
0.32380104064941406
0.17441964149475098
0.5633587837219238
0.3191416263580322
0.13112926483154297
0.2449784278869629
0.5700469017028809
0.2180023193359375
0.1684865951538086
0.20109939575195312
0.2631263732910156
0.24335551261901855
0.24146342277526855
0.27623796463012695
0.3241450786590576
0.35848259925842285
0.3056833744049072
0.3730642795562744
0.381345272064209
0.36984944343566895
0.290752649307251
0.24173402786254883
0.2651679515838623
0.4111335277557373
0.29567623138427734
0.04647541046142578
0.05103611946105957
0.04637432098388672
0.31054019927978516
0.3936772346496582
0.335315465927124
0.4468410015106201
0.06355047225952148
0.4270460605621338
0.46097707748413086
0.34560370445251465
0.40778470039367676
0.3940846920013428
0.40509653091430664
0.35863757133483887
0.3312489986419678
0.37038755416870117
0.42503857612609863
0.3045499324798584
0.35721826553344727
0.39025449752807617
0.42746520042419434
0.20769309997558594
0.36173200607299805
0.32621169090270996
0.49416089057922363
0.43753671646118164
0.1976606845855713
0.28186893463134766
0.2708425521850586
0.2811279296875
0.3224916458129883
0.3277735710144043
0.32465338706970215
0.39838600158691406
0.4984927177429199
0.30622243881225586
0.22061777114868164
0.42327189445495605
0.5212152004241943
0.5707778930664062
0.5152616500854492
0.44111037254333496
0.38041138648986816
0.1621105670928955
0.43660998344421387
0.27415037155151367
0.5793836116790771
0.440230131149292
0.5194315910339355
0.5153253078460693
0.5989484786987305
0.5041213035583496
0.2775547504425049
0.23931598663330078
0.521416187286377
0.3121778964996338
0.4329226016998291
0.4312312602996826
0.4584176540374756
0.5314755439758301
0.514962911605835
0.4027535915374756
0.4471416473388672
0.5287020206451416
0.6012563705444336
0.1587080955505371
0.5982098579406738
0.24500656127929688
0.5278375148773193
0.5102591514587402
0.4884941577911377
0.4975471496582031
0.16939783096313477
0.52968430519104
0.2047116756439209
0.5695047378540039
0.36371517181396484
0.6263411045074463
0.365800142288208
0.6036944389343262
0.47062110900878906
0.4228038787841797
0.22433900833129883
0.493915319442749
0.4426994323730469
0.6527822017669678
0.650315523147583
0.587414026260376
0.4628620147705078
0.5253109931945801
0.2221522331237793
0.6325948238372803
0.44045257568359375
0.4672203063964844
0.491652250289917
0.5892333984375
0.45887255668640137
0.3022730350494385
0.7108154296875
0.4564352035522461
0.26444005966186523
0.23907065391540527
0.42031049728393555
0.16732001304626465
0.36473894119262695
0.47550535202026367
0.49155664443969727
0.3083517551422119
0.33521389961242676
0.3205385208129883
0.3179302215576172
0.34334778785705566
0.360034704208374
0.3170139789581299
0.3856642246246338
0.23743343353271484
0.29544734954833984
0.21603798866271973
0.24756860733032227
0.17541861534118652
0.41129398345947266
0.2750122547149658
0.2335982322692871
0.2638130187988281
0.3464634418487549
0.22151398658752441
0.30402708053588867
0.3904392719268799
0.452329158782959
0.329331636428833
0.45334482192993164
0.058330535888671875
0.07771563529968262
0.07477021217346191
0.09599590301513672
0.29247426986694336
0.0962369441986084
0.38815736770629883
0.10658764839172363
0.31987500190734863
0.40725088119506836
0.40667724609375
0.49578428268432617
0.37659668922424316
0.3636665344238281
0.5008502006530762
0.3577427864074707
0.3835296630859375
0.4327378273010254
0.583390474319458
0.4256312847137451
0.4759652614593506
0.41142725944519043
0.361560583114624
0.19634532928466797
0.42740869522094727
0.09475398063659668
0.21718668937683105
0.4187920093536377
0.5057985782623291
0.4950902462005615
0.594275712966919
0.5385031700134277
0.18475627899169922
0.3705277442932129
0.503624677658081
0.3886139392852783
0.5790646076202393
0.3903777599334717
0.4395275115966797
0.4873342514038086
0.4352381229400635
0.4076688289642334
0.3940110206604004
0.4713737964630127
0.5581367015838623
0.5329263210296631
0.16853809356689453
0.5959553718566895
0.2574160099029541
0.6192715167999268
0.5414481163024902
0.49927663803100586
0.16232705116271973
0.4689974784851074
0.4628756046295166
0.45395874977111816
0.5604977607727051
0.44530534744262695
0.4241201877593994
0.6436073780059814
0.680718183517456
0.4201655387878418
0.4132084846496582
0.16463899612426758
0.2080080509185791
0.543316125869751
0.5120606422424316
0.44107651710510254
0.17121434211730957
0.47315168380737305
0.5435786247253418
0.21854734420776367
0.20319008827209473
0.6467666625976562
0.7009549140930176
0.5180439949035645
0.22430777549743652
0.5867335796356201
0.6722955703735352
0.5133936405181885
0.7196969985961914
0.6995384693145752
0.647533655166626
0.266521692276001
0.25201940536499023
0.334733247756958
0.3394899368286133
0.3879971504211426
0.4293491840362549
0.43834662437438965
0.276073694229126
0.3319408893585205
0.4054267406463623
0.2935812473297119
0.3433041572570801
0.4089326858520508
0.3071155548095703
0.3780639171600342
0.4837660789489746
0.32733798027038574
0.4912586212158203
0.4752926826477051
0.4485492706298828
0.44916820526123047
0.43555688858032227
0.42510437965393066
0.422863245010376
0.465104341506958
0.4448227882385254
0.3875288963317871
0.33029961585998535
0.38202810287475586
0.5050132274627686
0.4199552536010742
0.507075309753418
0.4352734088897705
0.40576958656311035
0.4273829460144043
0.2064666748046875
0.4068763256072998
0.36820244789123535
0.5139188766479492
0.37045788764953613
0.46164536476135254
0.14964771270751953
0.5166385173797607
0.15210676193237305
0.15199637413024902
0.4368467330932617
0.5195555686950684
0.4964017868041992
0.42510271072387695
0.4054989814758301
0.4368913173675537
0.4207892417907715
0.4580841064453125
0.3809354305267334
0.4190080165863037
0.4163517951965332
0.4003028869628906
0.3965272903442383
0.3942232131958008
0.49857211112976074
0.4118063449859619
0.4471256732940674
0.14055323600769043
0.5673470497131348
0.5765221118927002
0.473402738571167
0.4198770523071289
0.5967178344726562
0.554589033126831
0.5605583190917969
0.5331270694732666
0.28368353843688965
0.5193569660186768
0.5378198623657227
0.5527446269989014
0.47127556800842285
0.6000752449035645
0.5394387245178223
0.5379877090454102
0.48442721366882324
0.6039416790008545
0.6611993312835693
0.46945929527282715
0.5752317905426025
0.4540061950683594
0.6772134304046631
0.5865635871887207
0.6895132064819336
0.6565046310424805
0.474346399307251
0.6458396911621094
0.2167072296142578
0.5572373867034912
0.6249237060546875
0.5410714149475098
0.6136288642883301
0.2402653694152832
0.6033949851989746
0.3575623035430908
0.21351933479309082
0.3686041831970215
0.2561197280883789
0.4405834674835205
0.29728055000305176
0.4033207893371582
0.41809630393981934
0.3510408401489258
0.4333231449127197
0.4011514186859131
0.3647115230560303
0.49629735946655273
0.44936251640319824
0.42061352729797363
0.43717336654663086
0.490908145904541
0.434218168258667
0.29733753204345703
0.5073740482330322
0.42439699172973633
0.3194153308868408
0.5057623386383057
0.31535863876342773
0.4200630187988281
0.321291446685791
0.3814675807952881
0.3154938220977783
0.4709739685058594
0.3925361633300781
0.5290572643280029
0.5013763904571533
0.419039249420166
0.33983635902404785
0.10969400405883789
0.5296230316162109
0.49265456199645996
0.505812406539917
0.41776108741760254
0.12020444869995117
0.42748522758483887
0.36833715438842773
0.5382769107818604
0.3925034999847412
0.3871479034423828
0.3471665382385254
0.5026876926422119
0.48346972465515137
0.38544225692749023
0.5601692199707031
0.3702523708343506
0.3587791919708252
0.40120720863342285
0.5608687400817871
0.528170108795166
0.587637186050415
0.5049870014190674
0.5557749271392822
0.3951570987701416
0.43903350830078125
0.5782008171081543
0.5893857479095459
0.5234501361846924
0.4971499443054199
0.5474772453308105
0.4221339225769043
0.4435386657714844
0.3743166923522949
0.4027550220489502
0.49083971977233887
0.49443864822387695
0.1354506015777588
0.44602251052856445
0.45667552947998047
0.48433780670166016
0.5556252002716064
0.49584197998046875
0.6237199306488037
0.3963353633880615
0.39209818840026855
0.5211505889892578
0.42862367630004883
0.4867818355560303
0.43811964988708496
0.4538850784301758
0.5159451961517334
0.5378913879394531
0.5478940010070801
0.4434168338775635
0.5120863914489746
0.5215485095977783
0.5040683746337891
0.5120842456817627
0.5944597721099854
0.16190242767333984
0.5282027721405029
0.48676085472106934
0.5497219562530518
0.45282959938049316
0.4617271423339844
0.18634462356567383
0.19241571426391602
0.5043411254882812
0.45903825759887695
0.6344184875488281
0.7235584259033203
0.2870497703552246
0.2542111873626709
0.36728477478027344
0.04168081283569336
0.0436403751373291
0.04272913932800293
0.3689694404602051
0.3598673343658447
0.2887899875640869
0.3410987854003906
0.3194897174835205
0.424471378326416
0.3849644660949707
0.3674309253692627
0.3620011806488037
0.4016849994659424
0.3001677989959717
0.3167381286621094
0.3394460678100586
0.3123130798339844
0.3680436611175537
0.4693601131439209
0.38097643852233887
0.3698701858520508
0.3808560371398926
0.4492149353027344
0.35373830795288086
0.4295032024383545
0.3813915252685547
0.10556912422180176
0.33148813247680664
0.388979434967041
0.3955056667327881
0.3280355930328369
0.5010795593261719
0.42672252655029297
0.3597731590270996
0.43703651428222656
0.4790825843811035
0.5105142593383789
0.36234331130981445
0.4119415283203125
0.3474757671356201
0.45818448066711426
0.38675808906555176
0.3569676876068115
0.5303444862365723
0.3386342525482178
0.47234153747558594
0.4407641887664795
0.441178560256958
0.27698564529418945
0.4960794448852539
0.4627246856689453
0.4958951473236084
0.33556556701660156
0.41405463218688965
0.46081018447875977
0.5187888145446777
0.5113472938537598
0.49307680130004883
0.4242210388183594
0.5030505657196045
0.5390992164611816
0.3965287208557129
0.4146461486816406
0.45861101150512695
0.4594762325286865
0.537172794342041
0.5874142646789551
0.4909238815307617
0.5539267063140869
0.5288815498352051
0.4859955310821533
0.5350263118743896
0.44524049758911133
0.47771716117858887
0.5634186267852783
0.515702486038208
0.565631628036499
0.4478726387023926
0.4436759948730469
0.5131845474243164
0.5429036617279053
0.46248674392700195
0.5532920360565186
0.4211714267730713
0.5395510196685791
0.5385968685150146
0.46828436851501465
0.5051817893981934
0.5045490264892578
0.5572001934051514
0.6147985458374023
0.5873830318450928
0.49326062202453613
0.4925847053527832
0.5655992031097412
0.5128824710845947
0.6216020584106445
0.5558021068572998
0.6169185638427734
0.5761587619781494
0.24259257316589355
0.2505674362182617
0.2531771659851074
0.252427339553833
0.29026293754577637
0.28639888763427734
0.34681200981140137
0.39045286178588867
0.3883545398712158
0.31148505210876465
0.30484676361083984
0.3567080497741699
0.44318366050720215
0.2335958480834961
0.23604393005371094
0.3213965892791748
0.39727115631103516
0.2991759777069092
0.3824038505554199
0.4147508144378662
0.20797491073608398
0.28436851501464844
0.39793848991394043
0.4222545623779297
0.4611012935638428
0.05421018600463867
0.33646321296691895
0.3360171318054199
0.42657971382141113
0.42261528968811035
0.41555166244506836
0.48900365829467773
0.44168686866760254
0.4183375835418701
0.262986421585083
0.5083675384521484
0.29072141647338867
0.39585328102111816
0.45232224464416504
0.4221222400665283
0.46175527572631836
0.36588191986083984
0.4740142822265625
0.4416813850402832
0.4470946788787842
0.11235213279724121
0.39841389656066895
0.4503896236419678
0.4095017910003662
0.3877553939819336
0.4001271724700928
0.11555695533752441
0.43877387046813965
0.10421943664550781
0.11572885513305664
0.140183687210083
0.39621591567993164
0.13525128364562988
0.47133708000183105
0.18490290641784668
0.4908924102783203
0.4004509449005127
0.127852201461792
0.1344466209411621
0.1223747730255127
0.46452903747558594
0.4358079433441162
0.14156484603881836
0.1084892749786377
0.42160797119140625
0.6256639957427979
0.43360018730163574
0.44817590713500977
0.6347861289978027
0.5532472133636475
0.5036492347717285
0.18337154388427734
0.47914981842041016
0.21845722198486328
0.45026707649230957
0.4287102222442627
0.566089391708374
0.6410930156707764
0.6478850841522217
0.5301132202148438
0.5089640617370605
0.5664181709289551
0.5777881145477295
0.6365320682525635
0.1964561939239502
0.5819029808044434
0.4759693145751953
0.5559055805206299
0.6560115814208984
0.5689706802368164
0.5947351455688477
0.5394189357757568
0.6814849376678467
0.6304643154144287
0.7214860916137695
0.6073489189147949
0.2531766891479492
0.5196070671081543
0.18607497215270996
0.30678343772888184
0.74680495262146
0.28177475929260254
0.5178325176239014
0.6168644428253174
0.6695432662963867
0.5911679267883301
0.6546061038970947
0.6795859336853027
0.5748825073242188
0.30413389205932617
0.5660912990570068
0.5691623687744141
0.3024864196777344
0.5950541496276855
0.7131502628326416
0.6004934310913086
0.4803435802459717
0.2537691593170166
0.2627906799316406
0.25175905227661133
0.26482272148132324
0.28000330924987793
0.28937530517578125
0.306499719619751
0.316652774810791
0.286773681640625
0.3287653923034668
0.2869281768798828
0.30099034309387207
0.2896738052368164
0.35627055168151855
0.35175657272338867
0.3354651927947998
0.32535409927368164
0.38186120986938477
0.35509729385375977
0.34343838691711426
0.34941673278808594
0.3215522766113281
0.3527369499206543
0.3491694927215576
0.355327844619751
0.34517741203308105
0.40163350105285645
0.39904093742370605
0.37007808685302734
0.3777127265930176
0.3653991222381592
0.3653130531311035
0.3782200813293457
0.41365790367126465
0.3772454261779785
0.3771963119506836
0.4605255126953125
