0.24364733695983887
0.24658465385437012
0.2519798278808594
0.266613245010376
0.25492262840270996
0.04664921760559082
0.05266976356506348
0.06771516799926758
0.28966283798217773
0.3617117404937744
0.14523863792419434
0.3957483768463135
0.3798866271972656
0.1568896770477295
0.16144633293151855
0.15986371040344238
0.4243128299713135
0.08085155487060547
0.1957547664642334
0.09099340438842773
0.08812165260314941
0.050916194915771484
0.09760165214538574
0.03659868240356445
0.0914454460144043
0.04080367088317871
0.23128914833068848
0.045404672622680664
0.04692268371582031
0.06440997123718262
0.059107065200805664
0.06682372093200684
0.0532381534576416
0.04590964317321777
0.06261944770812988
0.07481074333190918
0.0746469497680664
0.08919119834899902
0.07971620559692383
0.0910038948059082
0.114166259765625
0.10084009170532227
0.037770986557006836
0.04414248466491699
0.04388308525085449
0.050870418548583984
0.07975101470947266
0.05122876167297363
0.23943376541137695
0.23716378211975098
0.05977821350097656
0.07785367965698242
0.25968360900878906
0.06409907341003418
0.04513812065124512
0.06497859954833984
0.06508660316467285
0.04951333999633789
0.057038307189941406
0.04799056053161621
0.05600452423095703
0.06389904022216797
0.06287217140197754
0.05809617042541504
0.06001925468444824
0.05751919746398926
0.056391239166259766
0.061016082763671875
0.09598302841186523
0.11146283149719238
0.04878377914428711
0.08502197265625
0.11620473861694336
0.04862070083618164
0.06081795692443848
0.07167601585388184
0.15013337135314941
0.0905914306640625
0.06409549713134766
0.13042640686035156
0.052588462829589844
0.07327508926391602
0.05524468421936035
0.06906461715698242
0.06937718391418457
0.08821916580200195
0.08156275749206543
0.0814809799194336
0.1093599796295166
0.045282602310180664
0.0705411434173584
0.05881142616271973
0.07559013366699219
0.0628204345703125
0.061800241470336914
0.0539402961730957
0.070343017578125
0.08121585845947266
0.07831692695617676
0.04871082305908203
0.0433046817779541
0.09685659408569336
0.04965710639953613
0.07598686218261719
0.07102441787719727
0.33396029472351074
0.07652139663696289
0.04501152038574219
0.04873228073120117
0.052282094955444336
0.056072235107421875
0.14106988906860352
0.08360791206359863
0.08212995529174805
0.15397119522094727
0.11958932876586914
0.09757590293884277
0.055025577545166016
0.0750131607055664
0.09410333633422852
0.07121109962463379
0.05228066444396973
0.05434679985046387
0.07311391830444336
0.055370330810546875
0.05921673774719238
0.07140469551086426
0.04555106163024902
0.1958932876586914
0.21173548698425293
0.15974068641662598
0.13874578475952148
0.1489269733428955
0.21792292594909668
0.14366507530212402
0.20681452751159668
0.18483400344848633
0.14661002159118652
0.049517154693603516
0.049285888671875
0.06999039649963379
0.06895208358764648
0.08154606819152832
0.07892441749572754
0.07864141464233398
0.050685882568359375
0.09285664558410645
0.05998992919921875
0.09346914291381836
0.04530668258666992
0.060302734375
0.04662966728210449
0.12149262428283691
0.06362652778625488
0.06870913505554199
0.0738668441772461
0.05006670951843262
0.0906975269317627
0.049458980560302734
0.04543876647949219
0.12441277503967285
0.09601593017578125
0.09364557266235352
0.12902617454528809
0.05614614486694336
0.07883834838867188
0.04371523857116699
0.09372735023498535
0.09357309341430664
0.0880272388458252
0.07633042335510254
0.07537412643432617
0.0867149829864502
0.20519399642944336
0.052413225173950195
0.053819894790649414
0.05882906913757324
0.053869009017944336
0.05601811408996582
0.05660676956176758
0.04945039749145508
0.0684514045715332
0.08150982856750488
0.13819503784179688
0.09385824203491211
0.0941305160522461
0.07025504112243652
0.08032584190368652
0.13437771797180176
0.07407665252685547
0.23070740699768066
0.07730889320373535
0.06336236000061035
0.059496402740478516
0.059819698333740234
0.06687307357788086
0.07455182075500488
0.061669111251831055
0.06627035140991211
0.08992815017700195
0.05324673652648926
0.048304080963134766
0.07950615882873535
0.07176971435546875
0.08354830741882324
0.16581487655639648
0.1562638282775879
0.27405214309692383
0.09511637687683105
0.16925477981567383
0.10508871078491211
0.09962773323059082
0.033104896545410156
0.03428840637207031
0.03983807563781738
0.05680441856384277
0.04559016227722168
0.22187471389770508
0.05292463302612305
0.03524208068847656
0.06921195983886719
0.06270647048950195
0.06876373291015625
0.04970216751098633
0.09524011611938477
0.055597543716430664
0.3327910900115967
0.04329490661621094
0.06715273857116699
0.04611945152282715
0.045636653900146484
0.0656583309173584
0.037904977798461914
0.05715513229370117
0.07352495193481445
0.06831598281860352
0.05550408363342285
0.07506155967712402
0.06168508529663086
0.06055760383605957
0.13378357887268066
0.13515663146972656
0.14819049835205078
0.12399077415466309
0.11270260810852051
0.18467068672180176
0.16022062301635742
0.09395790100097656
0.14766359329223633
0.08666706085205078
0.06425905227661133
0.06897640228271484
0.05347776412963867
0.07916688919067383
0.07131075859069824
0.05411267280578613
0.05178022384643555
0.034607648849487305
0.08743667602539062
0.08139348030090332
0.11095523834228516
0.09676551818847656
0.09141325950622559
0.10056400299072266
0.048329830169677734
0.11855888366699219
0.07139253616333008
0.14733266830444336
0.16834330558776855
0.1586015224456787
0.1640925407409668
0.17975378036499023
0.298938512802124
0.20188164710998535
0.15212321281433105
0.2570483684539795
0.0754995346069336
0.2256782054901123
0.04398036003112793
0.04349780082702637
0.0761115550994873
0.11651086807250977
0.11681294441223145
0.11234760284423828
0.04697394371032715
0.040802001953125
0.07410430908203125
0.07041621208190918
0.06784200668334961
0.05240201950073242
0.03588700294494629
0.049889326095581055
0.05951571464538574
0.038350582122802734
0.10149621963500977
0.039440155029296875
0.06576251983642578
0.0721280574798584
0.061768293380737305
0.04292750358581543
0.05285167694091797
0.04945206642150879
0.07606792449951172
0.0558931827545166
0.051607370376586914
0.1373586654663086
0.14674639701843262
0.11894559860229492
0.040997982025146484
0.14218640327453613
0.14154267311096191
0.15363860130310059
0.08882260322570801
0.04860115051269531
0.09029436111450195
0.17879247665405273
0.04615640640258789
0.045398712158203125
0.055589914321899414
0.049637794494628906
0.06084322929382324
0.04547739028930664
0.05096864700317383
0.09201645851135254
0.0822455883026123
0.09365606307983398
0.073822021484375
0.061977386474609375
0.06810975074768066
0.058048248291015625
0.07105278968811035
0.053050994873046875
0.06587982177734375
0.07598519325256348
0.05353856086730957
0.07613945007324219
0.08872795104980469
0.1016693115234375
0.09487009048461914
0.11866021156311035
0.06158590316772461
0.0716702938079834
0.06034708023071289
0.04769015312194824
0.13724875450134277
0.1382160186767578
0.0652608871459961
0.06333732604980469
0.10208749771118164
0.039872169494628906
0.1917731761932373
0.037352561950683594
0.04868364334106445
0.044069766998291016
0.07655525207519531
0.07551002502441406
0.07498025894165039
0.05309128761291504
0.06583118438720703
0.07895255088806152
0.07674908638000488
0.07664084434509277
0.04486727714538574
0.061185359954833984
0.048295021057128906
0.060050010681152344
0.06704354286193848
0.07527923583984375
0.0804893970489502
0.1354382038116455
0.14556026458740234
0.07806897163391113
0.06988358497619629
0.0789341926574707
0.07861018180847168
0.06288909912109375
0.07481122016906738
0.24489188194274902
0.05721426010131836
0.06496787071228027
0.0712728500366211
0.07837963104248047
0.09120011329650879
0.10382366180419922
0.09156084060668945
0.07007861137390137
0.04436659812927246
0.04226994514465332
0.05460643768310547
0.05446600914001465
0.04135251045227051
0.06876254081726074
0.05377674102783203
0.0813283920288086
0.35718274116516113
0.041352033615112305
0.11048340797424316
0.11320781707763672
0.11481618881225586
0.14508676528930664
0.08798670768737793
0.13304853439331055
0.08267951011657715
0.25126075744628906
0.05130720138549805
0.07950019836425781
0.0401151180267334
0.04307055473327637
0.05394911766052246
0.04222273826599121
0.08952116966247559
0.05699515342712402
0.039470672607421875
0.040424346923828125
0.0350651741027832
0.09590792655944824
0.04752397537231445
0.10785818099975586
0.05347585678100586
0.04047107696533203
0.04547286033630371
0.051319122314453125
0.038254499435424805
0.040277957916259766
0.039170026779174805
0.04360008239746094
0.058142900466918945
0.05002188682556152
0.0586094856262207
0.0633230209350586
0.05345726013183594
0.11852598190307617
0.06361103057861328
0.14495086669921875
0.0469667911529541
0.03856086730957031
0.051480770111083984
0.05308341979980469
0.04191780090332031
0.06628632545471191
0.0644083023071289
0.09197831153869629
0.07962703704833984
0.1004493236541748
0.05230569839477539
0.07925152778625488
0.10315918922424316
0.11037850379943848
0.04449319839477539
0.04435276985168457
0.0586698055267334
0.03177285194396973
0.04275655746459961
0.04870772361755371
0.0530393123626709
0.06159615516662598
0.09216022491455078
0.08229327201843262
0.08658146858215332
0.1062629222869873
0.05297970771789551
0.1192169189453125
0.11049795150756836
0.11960935592651367
0.05774354934692383
0.04819083213806152
0.04697704315185547
0.04681682586669922
0.056941986083984375
0.05503964424133301
0.05530548095703125
0.06346011161804199
0.051405906677246094
0.06448602676391602
0.04342150688171387
0.05942273139953613
0.0660090446472168
0.043409109115600586
0.1896228790283203
0.12174034118652344
0.0506594181060791
0.03808116912841797
0.20896339416503906
0.20706486701965332
0.03790450096130371
0.06873345375061035
0.12058901786804199
0.04548501968383789
0.08735036849975586
0.09596419334411621
0.1047053337097168
0.09723305702209473
0.11355090141296387
0.10242390632629395
0.10750842094421387
0.11826539039611816
0.0783388614654541
0.05579829216003418
0.06108260154724121
0.22420477867126465
0.043802738189697266
0.05851292610168457
0.04336428642272949
0.08344650268554688
0.07291817665100098
0.06414389610290527
0.05781841278076172
0.0542905330657959
0.06961941719055176
0.09752893447875977
0.10723400115966797
0.06773161888122559
0.07610201835632324
0.07972908020019531
0.11271953582763672
0.11264181137084961
0.10545182228088379
0.08291411399841309
0.09056925773620605
0.05759143829345703
0.12154483795166016
0.11505508422851562
0.06394124031066895
0.043616533279418945
0.05884885787963867
0.08732748031616211
0.05425620079040527
0.05200338363647461
0.06809568405151367
0.0524449348449707
0.04793405532836914
0.08319497108459473
0.06531548500061035
0.07322192192077637
0.07805156707763672
0.0834200382232666
0.07500195503234863
0.06185460090637207
0.07726502418518066
0.07669782638549805
0.06658124923706055
0.08475756645202637
0.1384871006011963
0.06851983070373535
0.048722028732299805
0.06611466407775879
0.07416939735412598
0.07773876190185547
0.06262516975402832
0.1007227897644043
0.08839774131774902
0.1045224666595459
0.04259157180786133
0.05540633201599121
0.06552362442016602
0.07321667671203613
0.0974578857421875
0.06031179428100586
0.09236860275268555
0.0954740047454834
0.06986522674560547
0.2041633129119873
0.042353153228759766
0.14249205589294434
0.031673431396484375
0.06206345558166504
0.16592860221862793
0.04766130447387695
0.05402851104736328
0.0771474838256836
0.12042689323425293
0.04487752914428711
0.06807351112365723
0.06793761253356934
0.07207584381103516
0.0660400390625
0.05992889404296875
0.04956674575805664
0.05824923515319824
0.054251670837402344
0.11895871162414551
0.05824565887451172
0.10264205932617188
0.07064056396484375
0.0820913314819336
0.046866655349731445
0.14326167106628418
0.04562807083129883
0.07024025917053223
0.37354397773742676
0.04587578773498535
0.03975367546081543
0.27539563179016113
0.050881385803222656
0.06024622917175293
0.05612897872924805
0.06282281875610352
0.0526583194732666
0.08636260032653809
0.0709695816040039
0.08746576309204102
0.11385178565979004
0.07939791679382324
0.06927275657653809
0.09894013404846191
0.08217906951904297
0.09644627571105957
0.11842894554138184
0.09087920188903809
0.04396986961364746
0.0433659553527832
0.05429530143737793
0.05265951156616211
0.11862349510192871
0.13377070426940918
0.07596826553344727
0.07142424583435059
0.04404020309448242
0.051920175552368164
0.07164978981018066
0.10107278823852539
0.04474520683288574
0.05204057693481445
0.0528101921081543
0.03130507469177246
0.07796812057495117
0.10921955108642578
0.04815268516540527
0.09485411643981934
0.08526825904846191
0.08348512649536133
0.06359052658081055
0.05517864227294922
0.05107402801513672
0.10347962379455566
0.0471649169921875
0.03951430320739746
0.03893685340881348
0.043920040130615234
0.0356137752532959
0.07045340538024902
0.07874774932861328
0.027603626251220703
0.051381587982177734
0.10402131080627441
0.05196118354797363
0.06080484390258789
0.06829714775085449
0.03702950477600098
0.05836129188537598
0.051351308822631836
0.051453351974487305
0.040261030197143555
0.06823563575744629
0.2008962631225586
0.19207310676574707
0.07976293563842773
0.20332932472229004
0.21253752708435059
0.08174395561218262
0.05446290969848633
0.05637311935424805
0.10321164131164551
0.07199287414550781
0.08983969688415527
0.07717514038085938
0.09739160537719727
0.0950932502746582
0.07151985168457031
0.07232809066772461
0.08976340293884277
0.10775232315063477
0.08989262580871582
0.045567989349365234
0.04535222053527832
0.09746813774108887
0.06468749046325684
0.07983589172363281
0.07755446434020996
0.06745457649230957
0.05203604698181152
0.09636735916137695
0.07763266563415527
0.0845191478729248
0.05477619171142578
0.0625770092010498
0.07329177856445312
0.07179737091064453
0.0720973014831543
0.07220339775085449
0.05242466926574707
0.07485389709472656
0.07246875762939453
0.07246208190917969
0.07938075065612793
0.05271124839782715
0.049082279205322266
0.055736541748046875
0.046447038650512695
0.05755114555358887
0.06763839721679688
0.07316040992736816
0.06569933891296387
0.07310247421264648
0.07078123092651367
0.04988408088684082
0.04374051094055176
0.04359030723571777
0.04441022872924805
0.07810354232788086
0.0577390193939209
0.06826567649841309
0.07390880584716797
0.08444976806640625
0.09462952613830566
0.06702494621276855
0.07589340209960938
0.05135822296142578
0.08829641342163086
0.05865931510925293
0.05767679214477539
0.07018494606018066
0.09045910835266113
0.0537872314453125
0.08147597312927246
0.06760382652282715
0.08180832862854004
0.07102179527282715
0.05730319023132324
0.040780067443847656
0.05918741226196289
0.05600881576538086
0.08806085586547852
0.05559968948364258
0.07192111015319824
0.07188534736633301
0.07002639770507812
0.16223835945129395
0.04977893829345703
0.05782008171081543
0.04067540168762207
0.05883216857910156
0.06641411781311035
0.05718374252319336
0.060385942459106445
0.07441997528076172
0.049056291580200195
0.104888916015625
0.06867074966430664
0.09820270538330078
0.09884524345397949
0.05530118942260742
0.07860803604125977
0.060544729232788086
0.11746096611022949
0.09348177909851074
0.09743237495422363
0.04252171516418457
0.050156593322753906
0.05704140663146973
0.057704925537109375
0.06675386428833008
0.0870821475982666
0.07826018333435059
0.07047486305236816
0.04866838455200195
0.08723688125610352
0.08255338668823242
0.08656620979309082
0.04936361312866211
0.04834342002868652
0.05478262901306152
0.05565690994262695
0.054320335388183594
0.06214189529418945
0.07011771202087402
0.06798076629638672
0.0479586124420166
0.05641818046569824
0.08071470260620117
0.0368196964263916
0.03973126411437988
0.09066462516784668
0.06620049476623535
0.061676979064941406
0.06976699829101562
0.07465648651123047
0.059607744216918945
0.0719916820526123
0.05059027671813965
0.06210160255432129
0.05528879165649414
0.06264424324035645
0.05984330177307129
0.05618643760681152
0.05618119239807129
0.08483242988586426
0.06848669052124023
0.0807955265045166
0.16905617713928223
0.05234718322753906
0.06980347633361816
0.08171892166137695
0.19976162910461426
0.07612991333007812
0.07067227363586426
0.08198022842407227
0.07147693634033203
0.08130288124084473
0.047463417053222656
0.040329933166503906
0.04508018493652344
0.03677201271057129
0.04493999481201172
0.06439638137817383
0.05972599983215332
0.06651115417480469
0.07003116607666016
0.05134224891662598
0.05740499496459961
0.04048633575439453
0.09399628639221191
0.07797956466674805
0.11076092720031738
0.10791563987731934
0.05116748809814453
0.07459068298339844
0.09220647811889648
0.07509350776672363
0.041428327560424805
0.08152246475219727
0.03727579116821289
0.0843970775604248
0.08627057075500488
0.08607006072998047
0.0787818431854248
0.07465171813964844
0.058408498764038086
0.05957150459289551
0.03585982322692871
0.0687108039855957
0.06471633911132812
0.0812079906463623
0.04677295684814453
0.06939053535461426
0.07576298713684082
0.09028482437133789
0.12149500846862793
0.05159330368041992
0.13820886611938477
0.05322384834289551
0.12163043022155762
0.10649418830871582
0.14363479614257812
0.06835532188415527
0.09271717071533203
0.049599647521972656
0.05483412742614746
0.06617236137390137
0.05241727828979492
0.06721663475036621
0.07216525077819824
0.055570363998413086
0.09628653526306152
0.0710458755493164
0.06638097763061523
0.12039947509765625
0.03799915313720703
0.12173628807067871
0.054894208908081055
0.07211017608642578
0.08480119705200195
0.0861976146697998
0.051641225814819336
0.07176947593688965
0.09768891334533691
0.04631757736206055
0.046816349029541016
0.051248788833618164
0.07711458206176758
0.06290507316589355
0.0861043930053711
0.061507225036621094
0.06963253021240234
0.09269142150878906
0.08051538467407227
0.1046762466430664
0.07450509071350098
0.04643082618713379
0.033628225326538086
0.058804988861083984
0.06288838386535645
0.06340885162353516
0.07325363159179688
0.06337213516235352
0.09845161437988281
0.09575438499450684
0.054799556732177734
0.07722806930541992
0.07477664947509766
0.04762530326843262
0.03899121284484863
0.04621458053588867
0.05071067810058594
0.04372739791870117
0.05334639549255371
0.0576481819152832
0.05652165412902832
0.05141186714172363
0.05074477195739746
0.05684542655944824
0.05556297302246094
0.07842230796813965
0.06969523429870605
0.05868792533874512
0.05084824562072754
0.0748295783996582
0.05895686149597168
0.043798208236694336
0.0757303237915039
0.06281757354736328
0.04234790802001953
0.05652165412902832
0.061371564865112305
0.07100248336791992
0.07194161415100098
0.06651735305786133
0.0933990478515625
0.06343913078308105
0.1053621768951416
0.05815434455871582
0.05103778839111328
0.06061697006225586
0.08070564270019531
0.05591440200805664
0.0494847297668457
0.04969191551208496
0.055739641189575195
0.046253204345703125
0.05034446716308594
0.04379868507385254
0.04385638236999512
0.06753849983215332
0.06439781188964844
0.05585312843322754
0.03710675239562988
0.09917187690734863
0.1075279712677002
0.121185302734375
0.10459470748901367
0.10038113594055176
0.07171010971069336
0.08307099342346191
0.09952330589294434
0.09697675704956055
0.04994487762451172
0.05446982383728027
0.062136173248291016
0.0709695816040039
0.09164762496948242
0.07093501091003418
0.09695982933044434
0.10611915588378906
0.10608506202697754
0.09911108016967773
0.03653454780578613
0.06031322479248047
0.13363909721374512
0.050287485122680664
0.036180734634399414
0.05390667915344238
0.04481935501098633
0.0418543815612793
0.06658649444580078
0.06930971145629883
0.05966925621032715
0.07837343215942383
0.05536842346191406
0.05264425277709961
0.05065321922302246
0.06994891166687012
0.0644688606262207
0.08046698570251465
0.07544946670532227
0.04759955406188965
0.047881364822387695
0.11688804626464844
0.18540549278259277
0.15139412879943848
0.12341094017028809
0.05728769302368164
0.056172847747802734
0.17195701599121094
0.1434478759765625
0.05829215049743652
0.041751861572265625
0.07866811752319336
0.07669878005981445
0.06543374061584473
0.07749462127685547
0.07497167587280273
0.07989716529846191
0.08136129379272461
0.07500457763671875
0.07399535179138184
0.08341050148010254
0.045664072036743164
0.0636892318725586
0.06201314926147461
0.0534512996673584
0.0588228702545166
0.07801628112792969
0.059729814529418945
0.07346248626708984
0.08726859092712402
0.09453845024108887
0.05154848098754883
0.04239845275878906
0.0704793930053711
0.043532371520996094
0.06476688385009766
0.06074213981628418
0.08322763442993164
0.08060455322265625
0.06640505790710449
0.08919715881347656
0.06130266189575195
0.06554102897644043
0.06495928764343262
0.03686261177062988
0.06231975555419922
0.06414079666137695
0.05922341346740723
0.03707695007324219
0.09294939041137695
0.03871631622314453
0.08858132362365723
0.04680156707763672
0.07230114936828613
0.1178884506225586
0.15798497200012207
0.09423184394836426
0.14513015747070312
0.05609583854675293
0.14487719535827637
0.12668395042419434
0.05194592475891113
0.04473137855529785
0.04917263984680176
0.060823678970336914
0.2395308017730713
0.053531646728515625
0.09155035018920898
0.0737457275390625
0.08438944816589355
0.08134770393371582
0.09003639221191406
0.0686039924621582
0.08150911331176758
0.0956721305847168
0.08521533012390137
0.04401731491088867
0.040479421615600586
0.16809558868408203
0.05367422103881836
0.16782426834106445
0.0366823673248291
0.07157254219055176
0.1791527271270752
0.17633366584777832
0.19981169700622559
0.149125337600708
0.05573391914367676
0.05781912803649902
0.05620861053466797
0.06493520736694336
0.061759233474731445
0.10255551338195801
0.06463479995727539
0.04530835151672363
0.06374359130859375
0.06817412376403809
0.052315711975097656
0.04737973213195801
0.07898068428039551
0.14604496955871582
0.06571030616760254
0.08977198600769043
0.03935122489929199
0.0561826229095459
0.2274916172027588
0.17914557456970215
0.0407102108001709
0.19071388244628906
0.20685052871704102
0.07362937927246094
0.17631101608276367
0.03730177879333496
0.07446885108947754
0.11229348182678223
0.034664154052734375
0.05120849609375
0.06061124801635742
0.04505753517150879
0.05718231201171875
0.04891610145568848
0.07905030250549316
0.08894562721252441
0.06282877922058105
0.07619047164916992
0.06076788902282715
0.04176020622253418
0.04783272743225098
0.2978997230529785
0.056208133697509766
0.053675174713134766
0.041036367416381836
0.05291438102722168
0.041579246520996094
0.04699397087097168
0.053259849548339844
0.06837248802185059
0.05774402618408203
0.052815914154052734
0.03896331787109375
0.05088639259338379
0.06320476531982422
0.05661606788635254
0.06171083450317383
0.0354311466217041
0.043530941009521484
0.0636136531829834
0.08481240272521973
0.07322001457214355
0.06032109260559082
0.05519390106201172
0.048276662826538086
0.053273916244506836
0.05274701118469238
0.05281686782836914
0.046668291091918945
0.05063819885253906
0.0438539981842041
0.057435035705566406
0.15838003158569336
0.04586172103881836
0.030061006546020508
0.10605406761169434
0.10289120674133301
0.10933542251586914
0.10343241691589355
0.1017465591430664
0.04159188270568848
0.04277372360229492
0.04929518699645996
0.08973956108093262
0.05815744400024414
0.06740999221801758
0.08365297317504883
0.07069540023803711
0.07582831382751465
0.08276128768920898
0.09649300575256348
0.11001706123352051
0.09737539291381836
0.09883260726928711
0.09699892997741699
0.10634851455688477
0.11507701873779297
0.05701875686645508
0.05959200859069824
0.05870819091796875
0.0639033317565918
0.04404854774475098
0.048720359802246094
0.05728769302368164
0.05476641654968262
0.06496191024780273
0.08692717552185059
0.0698249340057373
0.14428305625915527
0.1293013095855713
0.1134345531463623
0.11340785026550293
0.14780497550964355
0.0753335952758789
0.0651557445526123
0.11788773536682129
0.03754401206970215
0.05593371391296387
0.0704488754272461
0.07558107376098633
0.08804535865783691
0.05872488021850586
0.12646889686584473
0.05944466590881348
0.10875177383422852
0.11698365211486816
0.11700916290283203
0.10776138305664062
0.04912567138671875
0.06765413284301758
0.03745722770690918
0.03529548645019531
0.04229617118835449
0.09598255157470703
0.10340166091918945
0.0603024959564209
0.08327579498291016
0.07675313949584961
0.052117347717285156
0.08737587928771973
0.11670327186584473
0.07034468650817871
0.11804318428039551
0.1118924617767334
0.04252934455871582
0.0422055721282959
0.04243803024291992
0.12013959884643555
0.03755927085876465
0.06456732749938965
0.06508731842041016
0.05407071113586426
0.09425926208496094
0.03636813163757324
0.09012293815612793
0.0901494026184082
0.11983990669250488
0.09102821350097656
0.08395528793334961
0.06940460205078125
0.0694587230682373
0.07053184509277344
0.03853344917297363
0.08222794532775879
0.0861351490020752
0.041068077087402344
0.08604884147644043
0.09855055809020996
0.08964276313781738
0.09667682647705078
0.06215715408325195
0.05082869529724121
0.09380316734313965
0.07123875617980957
0.05106520652770996
0.06253886222839355
0.08336472511291504
0.1435701847076416
0.11433696746826172
0.10755205154418945
0.0857231616973877
0.055571556091308594
0.03613758087158203
0.05847930908203125
0.0572812557220459
0.0762331485748291
0.04859018325805664
0.04005765914916992
0.056212425231933594
0.06494879722595215
0.05355691909790039
0.049661874771118164
0.04834747314453125
0.07030677795410156
0.0561068058013916
0.03932952880859375
0.07413268089294434
0.06904983520507812
0.05340456962585449
0.07229852676391602
0.06239604949951172
0.04684638977050781
0.06945013999938965
0.05877089500427246
0.0702829360961914
0.041656494140625
0.06145143508911133
0.0585484504699707
0.04210853576660156
0.030510663986206055
.09845161437988281
0.09575438499450684
0.054799556732177734
0.07722806930541992
0.07477664947509766
0.04762530326843262
0.04548311233520508
0.0613408088684082
0.18055152893066406
0.056304931640625
0.1662755012512207
0.14027667045593262
0.08359408378601074
0.10350894927978516
0.10327458381652832
0.13231253623962402
0.03690648078918457
0.08434319496154785
0.04038500785827637
0.04408144950866699
0.05826902389526367
0.060356855392456055
0.060265541076660156
0.0529627799987793
0.07754206657409668
0.06826019287109375
0.06307458877563477
0.12075161933898926
0.06776189804077148
0.05004143714904785
0.0623013973236084
0.04644894599914551
0.0757601261138916
0.06373810768127441
0.07101702690124512
0.07962584495544434
0.04054546356201172
0.07309460639953613
0.07941126823425293
0.053905487060546875
0.056542396545410156
0.046555519104003906
0.07227182388305664
0.05774426460266113
0.051511287689208984
0.06390690803527832
0.08407068252563477
0.07905340194702148
0.059713125228881836
0.06734395027160645
0.0580747127532959
0.07527613639831543
0.035106658935546875
0.12007784843444824
0.0936586856842041
0.09148693084716797
0.049729347229003906
0.12292313575744629
0.14444565773010254
0.07084107398986816
0.19876933097839355
0.08568382263183594
0.0684199333190918
0.05900835990905762
0.11138463020324707
0.048711299896240234
0.10183548927307129
0.031304121017456055
0.10534214973449707
0.04506516456604004
0.055387258529663086
0.1245126724243164
0.1013636589050293
0.04793143272399902
0.07458806037902832
0.07194375991821289
0.052132606506347656
0.06374406814575195
0.044740915298461914
0.11034679412841797
0.10072875022888184
0.052232980728149414
0.03569149971008301
0.07310628890991211
0.10607647895812988
0.10595059394836426
0.09023332595825195
0.04633927345275879
0.06487298011779785
0.04364967346191406
0.07333803176879883
0.07035565376281738
0.056020259857177734
0.16037917137145996
0.09403538703918457
0.3296175003051758
0.046341657638549805
0.08623313903808594
0.06401538848876953
0.12541985511779785
0.1263577938079834
0.06010794639587402
0.1537163257598877
0.10901117324829102
0.07056069374084473
0.06839108467102051
0.08049201965332031
0.0875539779663086
0.05615830421447754
0.037286996841430664
0.06996679306030273
0.06533527374267578
0.08572554588317871
0.04393482208251953
0.08846831321716309
0.07387208938598633
0.15529441833496094
0.12327194213867188
0.047537803649902344
0.05665469169616699
0.15165066719055176
0.1322188377380371
0.05841350555419922
0.06670522689819336
0.0666191577911377
0.06448173522949219
0.0726158618927002
0.05067706108093262
0.07491612434387207
0.07024836540222168
0.06279945373535156
0.08682131767272949
0.05660843849182129
0.06192779541015625
0.1009359359741211
0.05469250679016113
0.05520892143249512
0.05442214012145996
0.058959007263183594
0.07515430450439453
0.07729721069335938
0.07753157615661621
0.06307435035705566
0.10423684120178223
0.038785696029663086
0.06326723098754883
0.06904006004333496
0.17983102798461914
0.06766295433044434
0.0751655101776123
0.06949925422668457
0.06757736206054688
0.07152938842773438
0.08424854278564453
0.07095956802368164
0.07675981521606445
0.04104018211364746
0.10924172401428223
0.057508230209350586
0.060305118560791016
0.10404205322265625
0.0671074390411377
0.14641547203063965
0.11315655708312988
0.044239044189453125
0.05406975746154785
0.04994559288024902
0.04343986511230469
0.0480649471282959
0.21550989151000977
0.05798625946044922
0.08256363868713379
0.0562741756439209
0.0639951229095459
0.10747981071472168
0.08440065383911133
0.06822013854980469
0.11150670051574707
0.24108672142028809
0.043759822845458984
0.0445561408996582
0.061810970306396484
0.047577619552612305
0.06896281242370605
0.07137203216552734
0.08610844612121582
0.0678102970123291
0.07508206367492676
0.06364202499389648
0.07279610633850098
0.04526877403259277
0.11398458480834961
0.12676548957824707
0.07888007164001465
0.07559561729431152
0.04226279258728027
0.051552534103393555
0.04102158546447754
0.051790714263916016
0.06127524375915527
0.0667116641998291
0.05990719795227051
0.0454716682434082
0.06304097175598145
0.06189227104187012
0.07780790328979492
0.060425519943237305
0.05161762237548828
0.05953359603881836
0.08107709884643555
0.04552888870239258
0.1158757209777832
0.0355067253112793
0.05090737342834473
0.09090900421142578
0.10752463340759277
0.07150053977966309
0.04213380813598633
0.045957088470458984
0.05359530448913574
0.05914163589477539
0.0751180648803711
0.049558401107788086
0.06498360633850098
0.08047032356262207
0.05113840103149414
0.1024470329284668
0.04688215255737305
0.1293942928314209
0.1269378662109375
0.05643177032470703
0.07446074485778809
0.06762313842773438
0.06075453758239746
0.04950833320617676
0.03411149978637695
0.04191732406616211
0.11321616172790527
0.03883767127990723
0.05491781234741211
0.06304621696472168
0.05868649482727051
0.06706476211547852
0.08319950103759766
0.06979990005493164
0.07358765602111816
0.0528564453125
0.04374074935913086
0.14147138595581055
0.05808520317077637
0.054108619689941406
0.045180559158325195
0.09673285484313965
0.09907412528991699
0.059236764907836914
0.10342168807983398
0.17586541175842285
0.04111123085021973
0.13970494270324707
0.053899526596069336
0.06068229675292969
0.08061671257019043
0.059389352798461914
0.04862785339355469
0.0605168342590332
0.038813114166259766
0.07494735717773438
0.052327871322631836
0.035845279693603516
0.05159306526184082
0.04632258415222168
0.1300039291381836
0.05248689651489258
0.04328012466430664
0.05982613563537598
0.04581761360168457
0.06999683380126953
0.05369734764099121
0.054350852966308594
0.042400360107421875
0.0352940559387207
0.052704572677612305
0.06790757179260254
0.12247657775878906
0.03331446647644043
0.1154165267944336
0.06976604461669922
0.09271860122680664
0.040096282958984375
0.04122567176818848
0.11241888999938965
0.10761475563049316
0.1609790325164795
0.07648825645446777
0.07008481025695801
0.05808758735656738
0.041875362396240234
0.10906863212585449
0.06734943389892578
0.061502695083618164
0.04236912727355957
0.0424952507019043
0.03616166114807129
0.04746079444885254
0.054978132247924805
0.05299258232116699
0.04454994201660156
0.04280734062194824
0.07652974128723145
0.037937164306640625
0.11458539962768555
0.12532520294189453
0.0381929874420166
0.11200857162475586
0.10846233367919922
0.06085610389709473
0.11017727851867676
0.07292461395263672
0.08170676231384277
0.05824899673461914
0.036603689193725586
0.05814671516418457
0.04864859580993652
0.0600125789642334
0.05382204055786133
0.06574320793151855
0.043534040451049805
0.06209588050842285
0.07541704177856445
0.07349300384521484
0.06502461433410645
0.05137443542480469
0.05968141555786133
0.04940009117126465
0.047098398208618164
0.06523251533508301
0.08684730529785156
0.09735941886901855
0.07344317436218262
0.0760498046875
0.03576183319091797
0.042298078536987305
0.17534685134887695
0.2077317237854004
0.13037109375
0.09709382057189941
0.11641955375671387
0.22449254989624023
0.056207895278930664
0.11623144149780273
0.16869068145751953
0.15661072731018066
0.20105624198913574
0.05350804328918457
0.046352386474609375
0.04995608329772949
0.060675621032714844
0.05600571632385254
0.056960105895996094
0.05253314971923828
0.04757261276245117
0.07412123680114746
0.08472418785095215
0.035820722579956055
0.08723592758178711
0.07857632637023926
0.06137681007385254
0.05038309097290039
0.045693397521972656
0.0417935848236084
0.053676605224609375
0.0561521053314209
0.03373384475708008
0.048552513122558594
0.13122224807739258
0.1431872844696045
0.22196745872497559
0.11796307563781738
0.1167151927947998
0.13745450973510742
0.07306337356567383
0.06532597541809082
0.16141247749328613
0.19214630126953125
0.03789496421813965
0.04887080192565918
0.04195213317871094
0.05649685859680176
0.06133675575256348
0.07251954078674316
0.0774226188659668
0.07479977607727051
0.07201528549194336
0.03790020942687988
0.09248924255371094
0.07294034957885742
0.1108255386352539
0.04376649856567383
0.05156373977661133
0.06276845932006836
0.07326936721801758
0.06622719764709473
0.06824517250061035
0.05175447463989258
0.09490060806274414
0.09128069877624512
0.10543394088745117
0.051550865173339844
0.09249520301818848
0.04132676124572754
0.04093766212463379
0.038596153259277344
0.061141252517700195
0.06803083419799805
0.09722065925598145
0.056643009185791016
0.09187150001525879
0.07456326484680176
0.06416630744934082
0.08264851570129395
0.11110329627990723
0.11613202095031738
0.07028079032897949
0.06456422805786133
0.07264494895935059
0.08489656448364258
0.0925438404083252
0.10737776756286621
0.050609588623046875
0.1266946792602539
0.10644316673278809
0.0602266788482666
0.04745912551879883
0.07397150993347168
0.08943486213684082
0.06865286827087402
0.10208702087402344
0.1037454605102539
0.10055208206176758
0.11419510841369629
0.11070823669433594
0.1059117317199707
0.11110568046569824
0.03999829292297363
0.08056020736694336
0.09786176681518555
0.05376434326171875
0.08735060691833496
0.11325979232788086
0.09127473831176758
0.10740852355957031
0.12256956100463867
0.1174781322479248
0.11233997344970703
0.07401108741760254
0.03673696517944336
0.045459747314453125
0.10651969909667969
0.12671756744384766
0.06101870536804199
0.05172538757324219
0.04110527038574219
0.08881068229675293
0.10913991928100586
0.10174894332885742
0.11935877799987793
0.10953950881958008
0.07835793495178223
0.09366917610168457
0.04864382743835449
0.06145811080932617
0.04673433303833008
0.06962108612060547
0.05680131912231445
0.04837989807128906
0.0846254825592041
0.0678398609161377
0.0776224136352539
0.08257818222045898
0.04101753234863281
0.08069419860839844
0.04460000991821289
0.05094122886657715
0.10593080520629883
0.05018973350524902
0.07754969596862793
0.06915044784545898
0.08483672142028809
0.07724881172180176
0.0748281478881836
0.07153820991516113
0.05778050422668457
0.05181622505187988
0.0478825569152832
0.0373835563659668
0.06625628471374512
0.06540822982788086
0.08166122436523438
0.08253669738769531
0.08150458335876465
0.08849406242370605
0.10386109352111816
0.07969784736633301
0.09217119216918945
0.09654569625854492
0.04947233200073242
0.05096793174743652
0.042194366455078125
0.062140464782714844
0.060545921325683594
0.038958072662353516
0.07943606376647949
0.06302762031555176
0.0614476203918457
0.049707889556884766
0.1058657169342041
0.12263345718383789
0.14094209671020508
0.10484790802001953
0.038883209228515625
0.054817914962768555
0.14077067375183105
0.06876373291015625
0.0615231990814209
0.054752349853515625
0.06764650344848633
0.06928730010986328
0.07771015167236328
0.05448603630065918
0.053829193115234375
0.05757403373718262
0.06868243217468262
0.1099541187286377
0.08606982231140137
0.10144782066345215
0.06616020202636719
0.04484891891479492
0.059792280197143555
0.0551295280456543
0.06912779808044434
0.08105278015136719
0.09120965003967285
0.05271291732788086
0.07541441917419434
0.09872698783874512
0.10027337074279785
0.11797523498535156
0.10008668899536133
0.07889747619628906
0.039845943450927734
0.03499746322631836
0.07046079635620117
0.06325864791870117
0.05346941947937012
0.05124831199645996
0.07093143463134766
0.0655364990234375
0.08921170234680176
0.061737060546875
0.07632160186767578
0.06488466262817383
0.04449868202209473
0.08110237121582031
0.07985281944274902
0.08402037620544434
0.11075830459594727
0.08158278465270996
0.08998513221740723
0.10065674781799316
0.0550541877746582
0.10208988189697266
0.11989855766296387
0.09368205070495605
0.054917335510253906
0.0456538200378418
0.0453336238861084
0.03844714164733887
0.08100414276123047
0.07763242721557617
0.09224843978881836
0.07496452331542969
0.08217215538024902
0.0940091609954834
0.07673239707946777
0.06716537475585938
0.06562399864196777
0.06728744506835938
0.06849431991577148
0.08374214172363281
0.08330488204956055
0.07383251190185547
0.08612060546875
0.0836648941040039
0.09116101264953613
0.048114776611328125
0.157562255859375
0.06800723075866699
0.03325152397155762
0.05272531509399414
0.0614316463470459
0.0839989185333252
0.10094428062438965
0.10067915916442871
0.12117600440979004
0.1106114387512207
0.042411088943481445
0.10122275352478027
0.11752581596374512
0.047057151794433594
0.06202554702758789
0.0666499137878418
0.17277264595031738
0.0615692138671875
0.05593299865722656
0.0562441349029541
0.12055301666259766
0.09003591537475586
0.04947662353515625
0.03945755958557129
0.09579896926879883
0.13659882545471191
0.09836244583129883
0.1519002914428711
0.08180570602416992
0.09380316734313965
0.0616297721862793
0.06201624870300293
0.11595940589904785
0.09404730796813965
0.07460737228393555
0.09207797050476074
0.0912470817565918
0.0995640754699707
0.07270216941833496
0.09167051315307617
0.09867429733276367
0.07475900650024414
0.12217521667480469
0.04892706871032715
0.030292510986328125
0.05525636672973633
0.048584938049316406
0.06544137001037598
0.06507563591003418
0.057917118072509766
0.10260224342346191
0.05013084411621094
0.11461210250854492
0.1790146827697754
0.13181734085083008
0.05681324005126953
0.06339645385742188
0.051827430725097656
0.05791926383972168
0.10492372512817383
0.09220623970031738
0.10758709907531738
0.06595730781555176
0.10277915000915527
0.09569096565246582
0.061678171157836914
0.047896623611450195
0.06399798393249512
0.054611921310424805
0.07903218269348145
0.24376630783081055
0.07159686088562012
0.07393550872802734
0.05599093437194824
0.04711413383483887
0.062331199645996094
0.045166730880737305
0.040818214416503906
0.0643320083618164
0.05788135528564453
0.06640124320983887
0.05359339714050293
0.0677180290222168
0.04890036582946777
0.06418871879577637
0.06792402267456055
0.10371851921081543
0.07378125190734863
0.08380413055419922
0.09531855583190918
0.08131289482116699
0.05506777763366699
0.08107733726501465
0.08621835708618164
0.04655289649963379
0.10187625885009766
0.044594526290893555
0.040987253189086914
0.05556035041809082
0.08393120765686035
0.10137248039245605
0.10001373291015625
0.08185410499572754
0.08804869651794434
0.10347104072570801
0.10506057739257812
0.04413127899169922
0.059165239334106445
0.048839569091796875
0.13982343673706055
0.04256033897399902
0.06783461570739746
0.06325054168701172
0.0665898323059082
0.060422420501708984
0.05354428291320801
0.07633066177368164
0.06737709045410156
0.0593721866607666
0.0691683292388916
0.07394123077392578
0.05624794960021973
0.05352902412414551
0.05194687843322754
0.06444454193115234
0.04709434509277344
0.0468752384185791
0.05007576942443848
0.06228804588317871
0.04212784767150879
0.10219407081604004
0.0975656509399414
0.06509828567504883
0.05788612365722656
0.06560134887695312
0.12024593353271484
0.16033720970153809
0.040236711502075195
0.047064781188964844
0.16326165199279785
0.17284417152404785
0.3851606845855713
0.16940021514892578
0.3719205856323242
0.07514166831970215
0.0925133228302002
0.1555795669555664
0.046030521392822266
0.045342445373535156
0.0728914737701416
0.07310080528259277
0.07278656959533691
0.07199954986572266
0.09424877166748047
0.08194255828857422
0.1098015308380127
0.08437895774841309
0.11831951141357422
0.062398433685302734
0.06746578216552734
0.0670468807220459
0.06647396087646484
0.08969283103942871
0.11751890182495117
0.09617853164672852
0.06810712814331055
0.0738973617553711
0.13404107093811035
0.13183259963989258
0.07905936241149902
0.06306886672973633
0.11968183517456055
0.16105937957763672
0.11108636856079102
0.039916038513183594
0.03891181945800781
0.24727201461791992
0.2645878791809082
0.2589271068572998
0.16016483306884766
0.22984910011291504
0.11133790016174316
0.18487787246704102
0.12078452110290527
0.3983795642852783
0.08413839340209961
0.10141515731811523
0.06430864334106445
0.06913542747497559
0.04297351837158203
0.12207841873168945
0.11089205741882324
0.1217048168182373
0.11891913414001465
0.11639571189880371
0.05172848701477051
0.0801229476928711
0.04837203025817871
0.11051797866821289
0.06048154830932617
0.05536937713623047
0.10586428642272949
0.041521310806274414
0.15092873573303223
0.13021230697631836
0.13566803932189941
0.1300029754638672
0.17910170555114746
0.08173775672912598
0.08347010612487793
0.05908942222595215
0.05291938781738281
0.049550771713256836
0.07456088066101074
0.06361961364746094
0.07144045829772949
0.046060800552368164
0.0440523624420166
0.07244420051574707
0.12058496475219727
0.056150197982788086
0.1672496795654297
0.11856436729431152
0.05527043342590332
0.05539536476135254
0.0908348560333252
0.06468057632446289
0.1005704402923584
0.08388948440551758
0.0354924201965332
0.04476785659790039
0.04689431190490723
0.044152259826660156
0.05624985694885254
0.05347633361816406
0.048844337463378906
0.06111311912536621
0.07124876976013184
0.05672168731689453
0.07497501373291016
0.05876874923706055
0.05806088447570801
0.03771471977233887
0.05560159683227539
0.0634772777557373
0.06496024131774902
0.05640769004821777
0.05064582824707031
0.05460834503173828
0.037935495376586914
0.0378725528717041
0.05954098701477051
0.14226841926574707
0.09470677375793457
0.05593752861022949
0.11654782295227051
0.07459139823913574
0.06689667701721191
0.10524678230285645
0.1204369068145752
0.03803062438964844
0.16045856475830078
0.059409141540527344
0.05896759033203125
0.031770944595336914
0.09477663040161133
0.0460205078125
0.05663752555847168
0.06598305702209473
0.06562423706054688
0.06495404243469238
0.07083916664123535
0.12983298301696777
0.04166221618652344
0.05207681655883789
0.037905216217041016
0.05093216896057129
0.04024076461791992
0.19265985488891602
0.08180046081542969
0.2161257266998291
0.0823514461517334
0.09673523902893066
0.046965599060058594
0.04825925827026367
0.043314218521118164
0.058661460876464844
0.05002284049987793
0.0656898021697998
0.03941011428833008
0.04989767074584961
0.058798789978027344
0.05703020095825195
0.09049606323242188
0.08775520324707031
0.054350852966308594
0.06983518600463867
0.06212210655212402
0.09952640533447266
0.0853891372680664
0.04549050331115723
0.07484793663024902
0.09866714477539062
0.0517885684967041
0.15200328826904297
0.0593111515045166
0.0583043098449707
0.04503679275512695
0.042662858963012695
0.05578732490539551
0.07000565528869629
0.06138205528259277
0.07101559638977051
0.049605369567871094
0.046628475189208984
0.0633697509765625
0.05953025817871094
0.04976344108581543
0.0586850643157959
0.06876754760742188
0.07626843452453613
0.05993366241455078
0.06159234046936035
0.05671095848083496
0.06143498420715332
0.05056595802307129
0.11240458488464355
0.06440258026123047
0.06502246856689453
0.049124956130981445
0.09020686149597168
0.0655052661895752
0.07696652412414551
0.12735772132873535
0.0600123405456543
0.05971217155456543
0.06536436080932617
0.04750180244445801
0.04858708381652832
0.04857158660888672
0.04006242752075195
0.05747699737548828
0.15646815299987793
0.051108598709106445
0.060411930084228516
0.20021772384643555
0.13036537170410156
0.03809237480163574
0.12276387214660645
0.0712125301361084
0.08914685249328613
0.059288978576660156
0.04585075378417969
0.053800344467163086
0.04192829132080078
0.07898235321044922
0.038814544677734375
0.09706306457519531
0.09347248077392578
0.06256580352783203
0.08482980728149414
0.058030128479003906
0.07343745231628418
0.05999279022216797
0.06511330604553223
0.05530571937561035
0.051297903060913086
0.059801340103149414
0.06812620162963867
0.0858452320098877
0.04490089416503906
0.052533626556396484
0.0569307804107666
0.05605363845825195
0.04884791374206543
0.0471651554107666
0.05131649971008301
0.06569790840148926
0.09210634231567383
0.06926274299621582
0.041260480880737305
0.05202460289001465
0.056836605072021484
0.16465330123901367
0.13691043853759766
0.03834342956542969
0.10285615921020508
0.0539853572845459
0.08587503433227539
0.08511972427368164
0.043351173400878906
0.07233929634094238
0.06403613090515137
0.09381842613220215
0.10909795761108398
0.08363842964172363
0.05727243423461914
0.07080507278442383
0.06515359878540039
0.06856894493103027
0.06628203392028809
0.04755091667175293
0.048926353454589844
0.22550678253173828
0.16092610359191895
0.08577466011047363
0.16054677963256836
0.16104984283447266
0.06471371650695801
0.04757952690124512
0.03204774856567383
0.11505675315856934
0.04750418663024902
0.17453742027282715
0.17220520973205566
0.16857099533081055
0.07689023017883301
0.049092769622802734
0.046715736389160156
0.09485340118408203
0.10242152214050293
0.04130268096923828
0.0501251220703125
0.049176692962646484
0.036809682846069336
0.05974745750427246
0.07555818557739258
0.07565617561340332
0.10106086730957031
0.07321429252624512
0.10768675804138184
0.11471772193908691
0.10246109962463379
0.10277915000915527
0.07907891273498535
0.04596114158630371
0.058349609375
0.06535816192626953
0.07359862327575684
0.07263803482055664
0.07285284996032715
0.06379199028015137
0.0637662410736084
0.0960686206817627
0.040532827377319336
0.048139095306396484
0.12524914741516113
0.041355133056640625
0.04924654960632324
0.04414820671081543
0.13461995124816895
0.050383806228637695
0.17319011688232422
0.06685471534729004
0.04977846145629883
0.0655980110168457
0.06107616424560547
0.06830906867980957
0.06837201118469238
0.045334577560424805
0.04807019233703613
0.07837080955505371
0.08282089233398438
0.12178516387939453
0.12057828903198242
0.155808687210083
0.10790681838989258
0.09754085540771484
0.12691688537597656
0.13204264640808105
0.13794755935668945
0.04741358757019043
0.05720973014831543
0.044666290283203125
0.0479128360748291
0.07037544250488281
0.07333779335021973
0.08156156539916992
0.06805729866027832
0.0841212272644043
0.09698796272277832
0.0888519287109375
0.10774016380310059
0.09221935272216797
0.1106419563293457
0.06716132164001465
0.05617165565490723
0.05836081504821777
0.052791595458984375
0.046469688415527344
0.032465457916259766
0.09022641181945801
0.05954909324645996
0.07866621017456055
0.05502796173095703
0.0636289119720459
0.0338747501373291
0.06267476081848145
0.04271292686462402
0.04835772514343262
0.1011664867401123
0.10342812538146973
0.13061094284057617
0.12075352668762207
0.09006881713867188
0.07450199127197266
0.09380364418029785
0.06169009208679199
0.11743474006652832
0.04736971855163574
0.045699357986450195
0.03819894790649414
0.04314017295837402
0.04410910606384277
0.04796195030212402
0.08832192420959473
0.09981298446655273
0.07350397109985352
0.07836341857910156
0.09267735481262207
0.08866095542907715
0.07886958122253418
0.11836409568786621
0.07721686363220215
0.04323697090148926
0.056757211685180664
0.0578763484954834
0.0570225715637207
0.045056819915771484
0.06352543830871582
0.07700991630554199
0.07582592964172363
0.08922028541564941
0.06215524673461914
0.06709957122802734
0.05236029624938965
0.060919761657714844
0.0774083137512207
0.04515862464904785
0.06054329872131348
0.05227017402648926
0.07439017295837402
0.057694196701049805
0.04702472686767578
0.07481956481933594
0.06740236282348633
0.08184552192687988
0.07954645156860352
0.05168485641479492
0.08230781555175781
0.07328557968139648
0.05704045295715332
0.07165694236755371
0.07172274589538574
0.06664490699768066
0.07159972190856934
0.06674885749816895
0.07839441299438477
0.09004521369934082
0.07125401496887207
0.05219125747680664
0.041658639907836914
0.04871201515197754
0.05872368812561035
0.06196475028991699
0.06904959678649902
0.0602412223815918
0.08267068862915039
0.09294915199279785
0.09074068069458008
0.04220104217529297
0.0527799129486084
0.05973482131958008
0.062406301498413086
0.06552600860595703
0.08240389823913574
0.08217072486877441
0.07249045372009277
0.09837865829467773
0.07432317733764648
0.07234787940979004
0.03828120231628418
0.05162978172302246
0.06305360794067383
0.03598833084106445
0.05964207649230957
0.07554054260253906
0.038604736328125
0.06988716125488281
0.07980203628540039
0.08626484870910645
0.06059861183166504
0.09255075454711914
0.06610584259033203
0.05285906791687012
0.059191226959228516
0.0715186595916748
0.0710442066192627
0.07813119888305664
0.07224488258361816
0.04771709442138672
0.03676152229309082
0.09346795082092285
0.047213077545166016
0.1097710132598877
0.12678837776184082
0.09638786315917969
0.14212894439697266
0.13980984687805176
0.051576852798461914
0.06224393844604492
0.04504132270812988
0.06538653373718262
0.0538179874420166
0.05033612251281738
0.08019042015075684
0.06269574165344238
0.07275533676147461
0.10207486152648926
0.05723094940185547
0.03469967842102051
0.0894315242767334
0.08984827995300293
0.058763742446899414
0.0758519172668457
0.047052621841430664
0.07698702812194824
0.0724480152130127
0.06959915161132812
0.06874704360961914
0.06553053855895996
0.08706831932067871
0.04380488395690918
0.04545140266418457
0.06256771087646484
0.06085634231567383
0.13860654830932617
0.04005026817321777
0.07707667350769043
0.0849466323852539
0.05006051063537598
0.0962684154510498
0.12448000907897949
0.10105490684509277
0.04499673843383789
0.05889487266540527
0.05664706230163574
0.053652048110961914
0.054398298263549805
0.06517553329467773
0.04625439643859863
0.05254340171813965
0.07451939582824707
0.049458980560302734
0.04850029945373535
0.08581709861755371
0.06004905700683594
0.09139680862426758
0.0961148738861084
0.05003619194030762
0.12857770919799805
0.12596607208251953
0.0675959587097168
0.0425868034362793
0.06457138061523438
0.07988452911376953
0.056325435638427734
0.07115769386291504
0.03707623481750488
0.05524086952209473
0.0797123908996582
0.08406352996826172
0.09800553321838379
0.042542457580566406
0.11238884925842285
0.07456207275390625
0.04382753372192383
0.09694814682006836
0.10434865951538086
0.11630940437316895
0.14980745315551758
0.06516170501708984
0.08485054969787598
0.07270574569702148
0.08019495010375977
0.08661317825317383
0.09360647201538086
0.06445026397705078
0.12773776054382324
0.09344100952148438
0.1221628189086914
0.16149520874023438
0.09578227996826172
0.10178470611572266
0.09942889213562012
0.031476497650146484
0.1963367462158203
0.140364408493042
0.037015676498413086
0.06497573852539062
0.0694887638092041
0.062487125396728516
0.07377314567565918
0.0837392807006836
0.0422673225402832
0.04884743690490723
0.09493398666381836
0.09890460968017578
0.08389639854431152
0.0939936637878418
0.052411556243896484
0.07977819442749023
0.08514261245727539
0.07959938049316406
0.16353297233581543
0.06747794151306152
0.07468056678771973
0.08332228660583496
0.08319258689880371
0.08745408058166504
0.1150050163269043
0.11205720901489258
0.09784913063049316
0.06803464889526367
0.11325502395629883
0.11834478378295898
0.05018734931945801
0.04893302917480469
0.056272029876708984
0.04478931427001953
0.06067633628845215
0.04326224327087402
0.05061006546020508
0.06888413429260254
0.05829501152038574
0.08023619651794434
0.05991411209106445
0.06280159950256348
0.055481672286987305
0.05406069755554199
0.051613807678222656
0.038544654846191406
0.06104469299316406
0.06427383422851562
0.10002589225769043
0.06832170486450195
0.09929800033569336
0.058032989501953125
0.08775115013122559
0.07223296165466309
0.08162045478820801
0.1044611930847168
0.04537487030029297
0.06002616882324219
0.053525447845458984
0.056301116943359375
0.05144643783569336
0.08331441879272461
0.07548332214355469
0.0580594539642334
0.06922698020935059
0.04843330383300781
0.04196667671203613
0.06007671356201172
0.08782958984375
0.09201598167419434
0.09611725807189941
0.0588839054107666
0.05247759819030762
0.049715518951416016
0.06369376182556152
0.06908679008483887
0.07783007621765137
0.08727216720581055
0.04960227012634277
0.09097838401794434
0.1213080883026123
0.04367876052856445
0.13289999961853027
0.08260202407836914
0.09691596031188965
0.08398222923278809
0.07659506797790527
0.08245563507080078
0.05985450744628906
0.06590414047241211
0.03953909873962402
0.07898545265197754
0.09341049194335938
0.0915377140045166
0.05654287338256836
0.04600715637207031
0.05567312240600586
0.05432772636413574
0.10812807083129883
0.05461239814758301
0.07119917869567871
0.1217966079711914
0.0565953254699707
0.041323184967041016
0.0919191837310791
0.08201885223388672
0.06693196296691895
0.07944941520690918
0.05750417709350586
0.14218735694885254
0.12972712516784668
0.07268667221069336
0.08224821090698242
0.1042931079864502
0.10575389862060547
0.0910646915435791
0.04480719566345215
0.0566866397857666
0.07886695861816406
0.06148171424865723
0.08057832717895508
0.0720975399017334
0.0662081241607666
0.03041839599609375
0.05352067947387695
0.07587528228759766
0.10120725631713867
0.05272698402404785
0.06255197525024414
0.05995917320251465
0.08336067199707031
0.052037715911865234
0.0656576156616211
0.07424473762512207
0.04002690315246582
0.08108353614807129
0.0941314697265625
0.05620837211608887
0.06349587440490723
0.11594820022583008
0.07147097587585449
0.08566689491271973
0.07060813903808594
0.10615777969360352
0.11252975463867188
0.0759129524230957
0.06743574142456055
0.07497692108154297
0.0749661922454834
0.05401873588562012
0.05774974822998047
0.050496578216552734
0.049397945404052734
0.05913686752319336
0.06701850891113281
0.06464028358459473
0.06240653991699219
0.06736397743225098
0.06497597694396973
0.062346696853637695
0.04492926597595215
0.05640149116516113
0.04747176170349121
0.04007411003112793
0.09717583656311035
0.03956794738769531
0.06213569641113281
0.0622410774230957
0.07480669021606445
0.07372689247131348
0.051335811614990234
0.046007633209228516
0.04794716835021973
0.06156587600708008
0.0758523941040039
0.039572715759277344
0.03953909873962402
0.05642414093017578
0.06439423561096191
0.06140708923339844
0.060956478118896484
0.12163209915161133
0.17362022399902344
0.11951279640197754
0.12772107124328613
0.06801843643188477
0.12244081497192383
0.10994601249694824
0.10043525695800781
0.05605792999267578
0.06792807579040527
0.04643392562866211
0.07404971122741699
0.07950282096862793
0.10002899169921875
0.09639406204223633
0.09061741828918457
0.0967869758605957
0.11800980567932129
0.11002111434936523
0.08473849296569824
0.11753082275390625
0.03811311721801758
0.06464815139770508
0.053563594818115234
0.05708742141723633
0.07225489616394043
0.08398079872131348
0.05729055404663086
0.0882422924041748
0.09506583213806152
0.04222893714904785
0.058516740798950195
0.11098885536193848
0.07271242141723633
0.04114484786987305
0.057283878326416016
0.05567145347595215
0.06879401206970215
0.032553672790527344
0.05993032455444336
0.09895920753479004
0.05057573318481445
0.0682671070098877
0.04184770584106445
0.04857611656188965
0.04723215103149414
0.048799991607666016
0.10072135925292969
0.03992342948913574
0.13431310653686523
0.11288285255432129
0.05124855041503906
0.03919029235839844
0.05656623840332031
0.10572171211242676
0.0740823745727539
0.09815239906311035
0.07039880752563477
0.05867147445678711
0.07354593276977539
0.1321253776550293
0.08839583396911621
0.0816504955291748
0.034325361251831055
0.0507807731628418
0.05016756057739258
0.0448911190032959
0.05861210823059082
0.05403256416320801
0.061998844146728516
0.08273839950561523
0.03946185111999512
0.08249568939208984
0.0687258243560791
0.06574606895446777
0.07854127883911133
0.04592490196228027
0.06478404998779297
0.08464479446411133
0.07564711570739746
0.08486652374267578
0.06071305274963379
0.05557751655578613
0.06201624870300293
0.048386335372924805
0.10306453704833984
0.11562967300415039
0.10979628562927246
0.06719422340393066
0.046543121337890625
0.04042530059814453
0.07254648208618164
0.04795479774475098
0.10511040687561035
0.04624199867248535
0.0977320671081543
0.08014678955078125
0.08319807052612305
0.1038656234741211
0.06583309173583984
0.10307049751281738
0.11041855812072754
0.08638787269592285
0.10445189476013184
0.07605338096618652
0.05107283592224121
0.06630945205688477
0.0662987232208252
0.08033871650695801
0.07544898986816406
0.09914588928222656
0.04653596878051758
0.08376216888427734
0.09781861305236816
0.08914971351623535
0.1032106876373291
0.06000685691833496
0.035013675689697266
0.08595681190490723
0.10147428512573242
0.041551828384399414
0.06709933280944824
0.0945594310760498
0.09817075729370117
0.050035953521728516
0.07848000526428223
0.09478116035461426
0.11492633819580078
0.11492538452148438
0.06050539016723633
0.045507192611694336
0.06540560722351074
0.056742191314697266
0.10386323928833008
0.04859328269958496
0.06215190887451172
0.10082292556762695
0.045130252838134766
0.09419512748718262
0.08963775634765625
0.10954689979553223
0.1102294921875
0.06313467025756836
0.04060983657836914
0.08054614067077637
0.04789018630981445
0.05193042755126953
0.05607342720031738
0.0979619026184082
0.09237432479858398
0.08983302116394043
0.10081052780151367
0.0527958869934082
0.11123919486999512
0.11072993278503418
0.09064102172851562
0.13978838920593262
0.12662005424499512
0.057581424713134766
0.07628130912780762
0.04658818244934082
0.06027340888977051
0.11024045944213867
0.10832619667053223
0.1186525821685791
0.08960890769958496
0.060427188873291016
0.11309075355529785
0.07684850692749023
0.054358482360839844
0.07111692428588867
0.04060959815979004
0.06084728240966797
0.06239128112792969
0.0681908130645752
0.052846670150756836
0.0705254077911377
0.0895237922668457
0.07543826103210449
0.08889651298522949
0.061368703842163086
0.08014154434204102
0.05168962478637695
0.06141781806945801
0.05443310737609863
0.04871726036071777
0.04931998252868652
0.05753350257873535
0.08791518211364746
0.0967397689819336
0.10309767723083496
0.10764765739440918
0.08994722366333008
0.06846761703491211
0.07353091239929199
0.044898271560668945
0.08558034896850586
0.11418890953063965
0.07084131240844727
0.07183623313903809
0.06797266006469727
0.07378935813903809
0.048516273498535156
0.09206485748291016
0.08702230453491211
0.04381203651428223
0.06048154830932617
0.0702219009399414
0.08443641662597656
0.0831918716430664
0.08939361572265625
0.04867410659790039
0.08197474479675293
0.04690670967102051
0.10360336303710938
0.09987163543701172
0.04770612716674805
0.052110910415649414
0.03814220428466797
0.04946422576904297
0.048110246658325195
0.04584097862243652
0.1400918960571289
0.06441760063171387
0.05186033248901367
0.08428239822387695
0.15108680725097656
0.05950355529785156
0.19613337516784668
0.06791234016418457
0.0739295482635498
0.0712888240814209
0.06912517547607422
0.09861493110656738
0.09006023406982422
0.08942937850952148
0.09860968589782715
0.04105329513549805
0.23249197006225586
0.21390604972839355
0.24137353897094727
0.19825458526611328
0.15015292167663574
0.12876462936401367
0.13721370697021484
0.1951308250427246
0.11234426498413086
0.1613936424255371
0.04747724533081055
0.05802178382873535
0.04755568504333496
0.04062914848327637
0.04709506034851074
0.05791282653808594
0.05600237846374512
0.08207154273986816
0.06726908683776855
0.09282207489013672
0.0624842643737793
0.06512331962585449
0.05014348030090332
0.07082271575927734
0.03689384460449219
0.04810309410095215
0.09976482391357422
0.041663169860839844
0.09933876991271973
0.07841181755065918
0.10021638870239258
0.10204410552978516
0.06702876091003418
0.07443952560424805
0.057504892349243164
0.06252551078796387
0.05977749824523926
0.07291531562805176
0.040239572525024414
0.07436776161193848
0.08835101127624512
0.08327460289001465
0.06905746459960938
0.1143789291381836
0.11692023277282715
0.045114755630493164
0.042806386947631836
0.11249327659606934
0.09428167343139648
0.26018190383911133
0.0812375545501709
0.15920662879943848
0.14268040657043457
0.15909481048583984
0.04541611671447754
0.13840627670288086
0.14155006408691406
0.20099830627441406
0.04812908172607422
0.05071711540222168
0.04593396186828613
0.34256696701049805
0.044499874114990234
0.11400938034057617
0.04868292808532715
0.12580370903015137
0.050940513610839844
0.12726759910583496
0.11994814872741699
0.11456012725830078
0.09326863288879395
0.05870318412780762
0.09697771072387695
0.11827301979064941
0.04630708694458008
0.042584896087646484
0.03452467918395996
0.08828353881835938
0.06925225257873535
0.07173609733581543
0.0959937572479248
0.09619021415710449
0.04331254959106445
0.12030434608459473
0.10835814476013184
0.10482215881347656
0.1097407341003418
0.04851174354553223
0.05232357978820801
0.05262398719787598
0.07736611366271973
0.06975436210632324
0.06190776824951172
0.07681417465209961
0.057923316955566406
0.05344390869140625
0.06677508354187012
0.040191650390625
0.06748032569885254
0.04957890510559082
0.05276370048522949
0.06902790069580078
0.06600403785705566
0.07028508186340332
0.08686137199401855
0.06369876861572266
0.04954981803894043
0.048182010650634766
0.0443575382232666
0.03191041946411133
0.04087328910827637
0.10625100135803223
0.1167902946472168
0.08374190330505371
0.050289154052734375
0.046118974685668945
0.0609738826751709
0.08455109596252441
0.1016244888305664
0.08957457542419434
0.17116022109985352
0.25231313705444336
0.25308704376220703
0.18006157875061035
0.17498373985290527
0.18231463432312012
0.08069443702697754
0.09239935874938965
0.09234046936035156
0.07810091972351074
0.29147911071777344
0.046308040618896484
0.05966997146606445
0.07087182998657227
0.0895383358001709
0.08889055252075195
0.07101845741271973
0.08329439163208008
0.06582188606262207
0.10853195190429688
0.07707786560058594
0.10811853408813477
0.05728864669799805
0.0554347038269043
0.042634010314941406
0.0622868537902832
0.07212615013122559
0.047127723693847656
0.05352330207824707
0.06094861030578613
0.08284735679626465
0.05836844444274902
0.05280017852783203
0.05222439765930176
0.11619949340820312
0.11566901206970215
0.049413442611694336
0.056085824966430664
0.12690496444702148
0.07322525978088379
0.0381162166595459
0.05735588073730469
0.06076169013977051
0.08228778839111328
0.02934551239013672
0.05177426338195801
0.09046792984008789
0.06400465965270996
0.08964157104492188
0.0763404369354248
0.043511152267456055
0.09915566444396973
0.04468274116516113
0.04597592353820801
0.04690670967102051
0.08114409446716309
0.067962646484375
0.08220028877258301
0.05647873878479004
0.13083243370056152
0.1091451644897461
0.12315201759338379
0.1233682632446289
0.0502474308013916
0.06190156936645508
0.13769245147705078
0.04117107391357422
0.055029869079589844
0.05671381950378418
0.09845089912414551
0.057851552963256836
0.06676006317138672
0.06839704513549805
0.0725858211517334
0.08237695693969727
0.06690073013305664
0.1029362678527832
0.043443918228149414
0.052500247955322266
0.07324528694152832
0.14310169219970703
0.07708930969238281
0.06801223754882812
0.06931614875793457
0.07548785209655762
0.06643223762512207
0.0488588809967041
0.08073782920837402
0.04967355728149414
0.05554795265197754
0.06251406669616699
0.07734489440917969
0.060959815979003906
0.09054064750671387
0.06296491622924805
0.059554100036621094
0.06399774551391602
0.030726909637451172
0.06258678436279297
0.04172325134277344
0.06285262107849121
0.05112719535827637
0.0693964958190918
0.0877983570098877
0.039696693420410156
0.07177352905273438
0.07936787605285645
0.043473005294799805
0.10015225410461426
0.10280323028564453
0.10020232200622559
0.04488825798034668
0.03118443489074707
0.041177988052368164
0.04703879356384277
0.06027626991271973
0.05607914924621582
0.06696248054504395
0.05709075927734375
0.05982708930969238
0.08702421188354492
0.06766748428344727
0.06606435775756836
0.0312039852142334
0.06558370590209961
0.04865145683288574
0.07358312606811523
0.041169166564941406
0.043608665466308594
0.04563713073730469
0.05843949317932129
0.07239222526550293
0.07245779037475586
0.0702202320098877
0.06166791915893555
0.05832099914550781
0.09921407699584961
0.045064687728881836
0.1281578540802002
0.07772350311279297
0.0496058464050293
0.1238100528717041
0.0646505355834961
0.06297755241394043
0.048467159271240234
0.18602252006530762
0.11322665214538574
0.08806014060974121
0.06193828582763672
0.055815935134887695
0.06698179244995117
0.08023762702941895
0.09141969680786133
0.10438990592956543
0.05251359939575195
0.05982017517089844
0.11343264579772949
0.07639479637145996
0.0900418758392334
0.06012701988220215
0.05513882637023926
0.10096240043640137
0.09719705581665039
0.07625126838684082
0.12985491752624512
0.13490796089172363
0.06276130676269531
0.08547043800354004
0.09593963623046875
0.1376786231994629
0.10099649429321289
0.07646441459655762
0.09560084342956543
0.0462031364440918
0.09887409210205078
0.06614208221435547
0.05612683296203613
0.05590057373046875
0.05218648910522461
0.05028867721557617
0.041051387786865234
0.07201170921325684
0.07288575172424316
0.04767727851867676
0.0828559398651123
0.0748589038848877
0.06512117385864258
0.050696611404418945
0.07336544990539551
0.07616519927978516
0.06455397605895996
0.0567781925201416
0.05707883834838867
0.06824111938476562
0.07733297348022461
0.08055996894836426
0.034628868103027344
0.07645869255065918
0.07388901710510254
0.07989883422851562
0.07004070281982422
0.05001211166381836
0.04430723190307617
0.04821300506591797
0.05993986129760742
0.11232995986938477
0.06487488746643066
0.14288973808288574
0.07528185844421387
0.10424447059631348
0.07906436920166016
0.12399053573608398
0.08977770805358887
0.058446407318115234
0.051483869552612305
0.06740331649780273
0.06744742393493652
0.16405010223388672
0.04750227928161621
0.07054305076599121
0.07033920288085938
0.10866308212280273
0.047080039978027344
0.11224246025085449
0.12249135971069336
0.0675959587097168
0.13570690155029297
0.18630194664001465
0.16744089126586914
0.08170557022094727
0.12382745742797852
0.05655503273010254
0.1296229362487793
0.1280975341796875
0.15758705139160156
0.07101082801818848
0.17229437828063965
0.07402205467224121
0.06008481979370117
0.08865714073181152
0.11298465728759766
0.056531667709350586
0.09005379676818848
0.09712481498718262
0.05820035934448242
0.10975766181945801
0.05873560905456543
0.06353926658630371
0.07268285751342773
0.08141279220581055
0.058028459548950195
0.04672813415527344
0.06238842010498047
0.04884028434753418
0.06490921974182129
0.07320070266723633
0.06302142143249512
0.07353472709655762
0.08368515968322754
0.09434962272644043
0.06817626953125
0.04392838478088379
0.06905174255371094
0.04650998115539551
0.0856330394744873
0.07974553108215332
0.09555196762084961
0.07888674736022949
0.0802922248840332
0.03901362419128418
0.07959723472595215
0.0602574348449707
0.0747838020324707
0.056195974349975586
0.06997132301330566
0.10907816886901855
0.09514856338500977
0.12688112258911133
