0.4721231460571289
0.4343526363372803
0.4708232879638672
0.5146307945251465
0.5118918418884277
0.05179595947265625
0.1562652587890625
0.32834291458129883
0.46132755279541016
0.4910266399383545
0.38764500617980957
0.5361580848693848
0.06609463691711426
0.6014442443847656
0.4604809284210205
0.42653656005859375
0.4843442440032959
0.07889938354492188
0.47461366653442383
0.09654712677001953
0.6043996810913086
0.6174719333648682
0.5315158367156982
0.11321020126342773
0.48180055618286133
0.1488051414489746
0.4811744689941406
0.14789080619812012
0.10383749008178711
0.15526938438415527
0.12144160270690918
0.13488459587097168
0.18024063110351562
0.13555192947387695
0.144667387008667
0.14351558685302734
0.1268160343170166
0.12447047233581543
0.6008005142211914
0.16201329231262207
0.5579490661621094
0.30220603942871094
0.15793681144714355
0.126007080078125
0.54219651222229
0.24779701232910156
0.21334004402160645
0.12409114837646484
0.14677691459655762
0.2705497741699219
0.15765380859375
0.6155099868774414
0.5888383388519287
0.15035748481750488
0.5023365020751953
0.1068868637084961
0.11061668395996094
0.5525991916656494
0.19132471084594727
0.3619070053100586
0.3225886821746826
0.11819195747375488
0.23689937591552734
0.08886194229125977
0.2266700267791748
0.599240779876709
0.3583252429962158
0.20875334739685059
0.7617762088775635
0.6311771869659424
0.8433189392089844
0.5798006057739258
0.12506628036499023
0.6490952968597412
0.5927343368530273
0.14217019081115723
0.16094636917114258
0.7590959072113037
0.1701822280883789
0.1789264678955078
0.16199898719787598
0.22981548309326172
0.17400074005126953
0.06378674507141113
0.7280380725860596
0.2304844856262207
0.24885153770446777
0.3478364944458008
0.17855072021484375
0.2453916072845459
0.20194530487060547
0.388688325881958
0.09873175621032715
0.3146250247955322
0.11057591438293457
0.6417996883392334
0.3422555923461914
0.21419930458068848
0.43965578079223633
0.4581766128540039
0.2860889434814453
0.35884547233581543
0.3592345714569092
0.24670052528381348
0.15050411224365234
0.44594860076904297
0.18871641159057617
0.22355389595031738
0.2302107810974121
0.11140823364257812
0.15430402755737305
0.14754629135131836
0.2046678066253662
0.16374683380126953
0.17605042457580566
0.21382379531860352
0.13471555709838867
0.24287748336791992
0.0642397403717041
0.5168375968933105
0.20209932327270508
0.13390755653381348
0.25328540802001953
0.2623882293701172
0.2897827625274658
0.18589496612548828
0.23467326164245605
0.2008066177368164
0.4206223487854004
0.31371045112609863
0.2007615566253662
0.420560359954834
0.17867207527160645
0.1891493797302246
0.42084455490112305
0.1820228099822998
0.12435293197631836
0.26161861419677734
0.14122986793518066
0.2053995132446289
0.10645771026611328
0.13266634941101074
0.24016165733337402
0.11484050750732422
0.6364555358886719
0.1477680206298828
0.2289116382598877
0.47275805473327637
0.24462199211120605
0.23369765281677246
0.24961423873901367
0.21193218231201172
0.1965348720550537
0.18012332916259766
0.21888232231140137
0.19947385787963867
0.33998584747314453
0.21175098419189453
0.25199317932128906
0.24184656143188477
0.26502490043640137
0.1498255729675293
0.5969085693359375
0.24548864364624023
0.20043253898620605
0.6526858806610107
0.20604705810546875
0.6622767448425293
0.6644308567047119
0.44931888580322266
0.23842597007751465
0.13675260543823242
0.4894580841064453
0.27110934257507324
0.23281311988830566
0.15674328804016113
0.48392748832702637
0.2864701747894287
0.16277050971984863
0.16733407974243164
0.2548210620880127
0.28252077102661133
0.2765212059020996
0.2563142776489258
0.39130091667175293
0.18627452850341797
0.29598426818847656
0.15134739875793457
0.25066113471984863
0.31816768646240234
0.8052780628204346
0.7818124294281006
0.31102776527404785
0.33275628089904785
0.7627708911895752
0.22161316871643066
0.21259307861328125
0.408083438873291
0.22835254669189453
0.3365209102630615
0.32753586769104004
0.21164488792419434
0.32508015632629395
0.1320338249206543
0.17182612419128418
0.23678302764892578
0.3733196258544922
0.2215421199798584
0.16982579231262207
0.10272026062011719
0.10349154472351074
0.3647170066833496
0.3689699172973633
0.10400557518005371
0.11246919631958008
0.13071894645690918
0.12946677207946777
0.136610746383667
0.2518320083618164
0.2121727466583252
0.3956949710845947
0.191314697265625
0.19125771522521973
0.26218557357788086
0.14380455017089844
0.1392350196838379
0.16566205024719238
0.26967430114746094
0.29372501373291016
0.5425798892974854
0.14621233940124512
0.366652250289917
0.15039491653442383
0.14475727081298828
0.44141530990600586
0.19935083389282227
0.31295299530029297
0.32595372200012207
0.2136211395263672
0.33824992179870605
0.21730875968933105
0.20594143867492676
0.37550854682922363
0.2247321605682373
0.24560832977294922
0.23080229759216309
0.3036940097808838
0.28809404373168945
0.30008697509765625
0.3095977306365967
0.2203812599182129
0.2404646873474121
0.23959827423095703
0.22320151329040527
0.4176025390625
0.28151464462280273
0.1815485954284668
0.23791003227233887
0.17073965072631836
0.17369747161865234
0.3018300533294678
0.31801319122314453
0.26164889335632324
0.3532843589782715
0.20240163803100586
0.1048879623413086
0.06540608406066895
0.29401588439941406
0.14086484909057617
0.08905482292175293
0.08933663368225098
0.07086420059204102
0.08373403549194336
0.07640910148620605
0.24399662017822266
0.3646864891052246
0.10660576820373535
0.38608860969543457
0.2600843906402588
0.1063387393951416
0.1106717586517334
0.2683103084564209
0.22800970077514648
0.13984918594360352
0.29027223587036133
0.30329370498657227
0.2940373420715332
0.3942146301269531
0.12382245063781738
0.28508758544921875
0.23954010009765625
0.21678447723388672
0.24519586563110352
0.2478170394897461
0.4882962703704834
0.287839412689209
0.10891056060791016
0.29378628730773926
0.25173211097717285
0.1344621181488037
0.11765241622924805
0.4510350227355957
0.17847728729248047
0.20579957962036133
0.1756589412689209
0.1637270450592041
0.18001890182495117
0.11626243591308594
0.15922045707702637
0.3684093952178955
0.1933121681213379
0.12760591506958008
0.17539525032043457
0.09839606285095215
0.36849117279052734
0.19795823097229004
0.17942285537719727
0.14670395851135254
0.21588969230651855
0.11898541450500488
0.39078545570373535
0.21549177169799805
0.14678716659545898
0.11680078506469727
0.23144888877868652
0.42347240447998047
0.20928668975830078
0.2752876281738281
0.1448676586151123
0.22569775581359863
0.30521631240844727
0.0742340087890625
0.15994644165039062
0.15792489051818848
0.44457244873046875
0.1457056999206543
0.1577613353729248
0.18741369247436523
0.1553022861480713
0.13385772705078125
0.21736383438110352
0.25536346435546875
0.17988014221191406
0.23370695114135742
0.48311400413513184
0.32930755615234375
0.17995381355285645
0.18039822578430176
0.1562974452972412
0.08371281623840332
0.25524330139160156
0.16110897064208984
0.28885865211486816
0.1992182731628418
0.17452263832092285
0.23627519607543945
0.150496244430542
0.20540118217468262
0.15590548515319824
0.15756750106811523
0.16831469535827637
0.13331937789916992
0.13339972496032715
0.14029717445373535
0.13232183456420898
0.15736961364746094
0.1588425636291504
0.3595290184020996
0.1998577117919922
0.14650440216064453
0.10058712959289551
0.07810091972351074
0.2325427532196045
0.08793091773986816
0.17184829711914062
0.1326138973236084
0.13450002670288086
0.21895480155944824
0.24984359741210938
0.17165017127990723
0.12590479850769043
0.20251822471618652
0.2054147720336914
0.1745457649230957
0.23703694343566895
0.228623628616333
0.38509345054626465
0.24882102012634277
0.3294532299041748
0.1763296127319336
0.2476952075958252
0.2050027847290039
0.20314741134643555
0.16083979606628418
0.18170738220214844
0.1678450107574463
0.2546844482421875
0.16074419021606445
0.17465567588806152
0.14616918563842773
0.1234595775604248
0.4241602420806885
0.22239232063293457
0.452800989151001
0.2651827335357666
0.1370840072631836
0.1551370620727539
0.2642357349395752
0.21441864967346191
0.11095905303955078
0.1984562873840332
0.19577789306640625
0.19992709159851074
0.1196138858795166
0.13425326347351074
0.17797493934631348
0.06872081756591797
0.11373162269592285
0.1394045352935791
0.22631168365478516
0.2115185260772705
0.280994176864624
0.10881352424621582
0.25232911109924316
0.11834836006164551
0.11716747283935547
0.2788560390472412
0.09398722648620605
0.09452009201049805
0.10469627380371094
0.0783696174621582
0.17415928840637207
0.0896003246307373
0.10327339172363281
0.28404951095581055
0.261646032333374
0.29506373405456543
0.25235605239868164
0.06312251091003418
0.1004493236541748
0.12134575843811035
0.31913161277770996
0.16587090492248535
0.1132204532623291
0.07963991165161133
0.09540224075317383
0.18339896202087402
0.1970365047454834
0.2240896224975586
0.23199081420898438
0.22113299369812012
0.125565767288208
0.24266362190246582
0.2623171806335449
0.16833090782165527
0.09875154495239258
0.2634391784667969
0.3271629810333252
0.22588372230529785
0.1963024139404297
0.39386487007141113
0.23347210884094238
0.24175357818603516
0.27151036262512207
0.23524045944213867
0.16633129119873047
0.21501874923706055
0.1732497215270996
0.1401500701904297
0.17430639266967773
0.28227877616882324
0.2633960247039795
0.28483104705810547
0.3072481155395508
0.39819788932800293
0.29468631744384766
0.31981778144836426
0.289839506149292
0.21224546432495117
0.3581879138946533
0.32030606269836426
0.29561662673950195
0.35759758949279785
0.25635766983032227
0.33086371421813965
0.2609415054321289
0.1738901138305664
0.3101522922515869
0.32684779167175293
0.3338484764099121
0.432340145111084
0.37818121910095215
0.3532898426055908
0.30870985984802246
0.30063748359680176
0.36285901069641113
0.3388032913208008
0.2375333309173584
0.20084095001220703
0.2209155559539795
0.4380815029144287
0.39215874671936035
0.2167830467224121
0.43617868423461914
0.22122669219970703
0.4502120018005371
0.4338090419769287
0.46378350257873535
0.6381802558898926
0.4316415786743164
0.49375271797180176
0.3836085796356201
0.7002203464508057
0.6504380702972412
0.7418255805969238
1.0121688842773438
1.1231684684753418
0.6862225532531738
0.7166562080383301
0.7491645812988281
0.6856374740600586
0.7177278995513916
0.858576774597168
1.2163095474243164
1.2269887924194336
1.2461493015289307
0.8830337524414062
1.0910379886627197
0.924382209777832
1.090238332748413
1.0063066482543945
1.150386095046997
1.0204730033874512
1.454897165298462
1.3964712619781494
1.046135663986206
1.045046091079712
1.1156013011932373
1.120396375656128
1.3984131813049316
1.1871395111083984
1.320183277130127
1.6214754581451416
1.5757300853729248
1.6426753997802734
1.4375905990600586
1.2294042110443115
1.684556245803833
1.4969475269317627
1.7442903518676758
1.4564728736877441
1.7855966091156006
1.720552921295166
1.5440945625305176
1.6956779956817627
1.570659875869751
1.5581929683685303
1.179112195968628
1.5395982265472412
1.4899523258209229
1.3387775421142578
1.098287582397461
1.6886425018310547
1.1639039516448975
1.5471258163452148
1.442641258239746
1.397071361541748
1.6658143997192383
1.6001989841461182
2.148566961288452
1.0300312042236328
1.6846535205841064
1.0460338592529297
1.072378158569336
1.327993631362915
0.9485623836517334
1.9122486114501953
2.045466423034668
1.225193977355957
0.645256519317627
1.9235286712646484
1.9282870292663574
0.9510116577148438
1.3664631843566895
1.7433290481567383
1.4671516418457031
0.6918346881866455
0.8923254013061523
1.7526867389678955
0.946082592010498
1.3177623748779297
0.23032522201538086
0.18317794799804688
1.9649641513824463
0.08499002456665039
2.0040435791015625
2.004636764526367
1.1424734592437744
1.5169727802276611
1.2963554859161377
0.11987853050231934
0.09468817710876465
0.21212506294250488
0.42029690742492676
0.13687777519226074
1.2233128547668457
0.8332455158233643
0.14638233184814453
0.29819726943969727
0.9989547729492188
0.8469271659851074
1.4292075634002686
0.11574125289916992
1.1156947612762451
1.350877285003662
0.2271747589111328
0.10776591300964355
0.10584521293640137
1.168189525604248
1.3086600303649902
0.18434453010559082
1.8200955390930176
0.14092588424682617
1.3327536582946777
0.27716708183288574
1.812147617340088
0.07559347152709961
0.30136775970458984
0.09430956840515137
2.104377031326294
1.925905704498291
1.1710994243621826
2.1020147800445557
0.14824414253234863
2.115293025970459
1.7894973754882812
1.8462626934051514
1.930968999862671
0.2924816608428955
1.1029658317565918
0.11068296432495117
1.8138492107391357
2.3675527572631836
0.11873269081115723
1.2741968631744385
1.932612419128418
0.10106945037841797
0.25003981590270996
1.1215925216674805
0.1107032299041748
0.25342631340026855
0.22791242599487305
1.8278400897979736
0.3559300899505615
0.12516999244689941
1.0956361293792725
1.2998175621032715
1.3656177520751953
0.2645227909088135
1.4456872940063477
0.1217341423034668
0.21779131889343262
0.13360834121704102
2.346330404281616
0.5285224914550781
1.8788182735443115
0.3679056167602539
0.4701979160308838
0.21756577491760254
0.1501317024230957
1.739565372467041
0.9468710422515869
0.1781308650970459
1.3435533046722412
0.15426182746887207
0.3705143928527832
0.42870402336120605
0.28906917572021484
1.7502422332763672
0.3624074459075928
2.178135395050049
1.7516238689422607
1.8160171508789062
1.6054518222808838
0.31546664237976074
1.3240835666656494
1.9232721328735352
2.281867742538452
1.7655043601989746
0.6054072380065918
0.31783246994018555
0.781623125076294
0.36118268966674805
1.2335765361785889
1.529876470565796
1.2345752716064453
1.1549482345581055
1.1911256313323975
1.5469298362731934
1.9531333446502686
1.2349956035614014
1.2952113151550293
0.25437259674072266
0.34986329078674316
2.0985586643218994
1.9521872997283936
1.4320411682128906
1.1608633995056152
2.0985405445098877
2.218625068664551
0.9664914608001709
2.1214191913604736
0.5269196033477783
1.294121265411377
0.3724510669708252
1.889190912246704
1.8824098110198975
1.637378454208374
1.7928392887115479
2.131242275238037
2.006823778152466
0.5543017387390137
0.6265497207641602
0.35889196395874023
0.6425271034240723
2.159463405609131
1.0643393993377686
2.3412013053894043
1.7380297183990479
1.1951484680175781
1.3864972591400146
0.5650243759155273
1.987680196762085
0.7218592166900635
0.2529454231262207
2.5778374671936035
0.2859175205230713
0.28526735305786133
0.530064582824707
1.5092275142669678
1.39670729637146
2.276479721069336
0.6841096878051758
0.5549240112304688
0.27834653854370117
0.4664316177368164
2.053945541381836
1.3482470512390137
2.141849994659424
2.3818092346191406
1.0022518634796143
2.2997703552246094
1.4204106330871582
1.6016864776611328
0.529172420501709
1.7111177444458008
1.191511631011963
0.32002687454223633
0.6102917194366455
0.9686875343322754
1.7210240364074707
1.760251760482788
0.3270297050476074
0.3538949489593506
0.3440115451812744
0.3862898349761963
0.33675599098205566
0.3789377212524414
0.3663904666900635
0.5274198055267334
0.2842869758605957
0.5068230628967285
0.33878159523010254
0.2320091724395752
0.47910594940185547
0.4927842617034912
0.5039615631103516
0.26563429832458496
0.26630067825317383
0.04678201675415039
0.458770751953125
0.584477424621582
0.47551608085632324
0.3662402629852295
0.40213966369628906
0.5387139320373535
0.1123955249786377
0.08702373504638672
0.09993529319763184
0.5719726085662842
0.45507121086120605
0.07704377174377441
0.5996549129486084
0.38263416290283203
0.36260032653808594
0.578192949295044
0.5033738613128662
0.5686554908752441
0.08051371574401855
0.5060839653015137
0.09029054641723633
0.06978535652160645
0.5107760429382324
0.12647509574890137
0.07075214385986328
0.08958911895751953
0.5368375778198242
0.5729212760925293
0.10664033889770508
0.6449053287506104
0.4736061096191406
0.4237055778503418
0.4891386032104492
0.1493518352508545
0.4462406635284424
0.4917628765106201
0.13178634643554688
0.15797162055969238
0.14789557456970215
0.3628504276275635
0.471498966217041
0.6792268753051758
0.16405653953552246
0.44768309593200684
0.4472208023071289
0.6381192207336426
0.4916360378265381
0.6343889236450195
0.6651268005371094
0.14297795295715332
0.19319820404052734
0.6750397682189941
0.4825410842895508
0.622922420501709
0.7198081016540527
0.11562395095825195
0.6653585433959961
0.6937968730926514
0.13182425498962402
0.6769647598266602
0.6719834804534912
0.4253122806549072
0.11558294296264648
0.1318507194519043
0.17275166511535645
0.5377857685089111
0.6407437324523926
0.43618273735046387
0.13009119033813477
0.49086570739746094
0.15630459785461426
0.7662186622619629
0.7938241958618164
0.47489237785339355
0.15854907035827637
0.14896440505981445
0.6661946773529053
0.5631475448608398
0.7411878108978271
0.19338417053222656
0.501009464263916
0.4359104633331299
0.5210440158843994
0.76712965965271
0.6537425518035889
0.7271571159362793
0.7823288440704346
0.5461394786834717
0.514082670211792
0.6635618209838867
0.7357711791992188
0.7443976402282715
0.7539398670196533
0.5704576969146729
0.7782468795776367
0.7622525691986084
0.5915658473968506
0.8472578525543213
0.5894274711608887
0.6608562469482422
0.650437593460083
0.6638181209564209
0.6093878746032715
0.5427744388580322
0.7538504600524902
0.6317768096923828
0.7337429523468018
0.722689151763916
0.6842508316040039
0.5952358245849609
0.7468922138214111
0.6355478763580322
0.6033244132995605
0.7034523487091064
0.8677761554718018
0.7325239181518555
0.6385867595672607
0.6302988529205322
0.5813164710998535
0.6483089923858643
0.6094045639038086
0.6742260456085205
0.732367753982544
0.7842288017272949
0.7006340026855469
0.7763378620147705
0.7396144866943359
0.7394261360168457
0.7630486488342285
0.9012000560760498
0.6513698101043701
0.6556949615478516
0.8422503471374512
0.7448320388793945
0.8946049213409424
0.7873241901397705
0.5211915969848633
0.6200895309448242
0.6181230545043945
0.7228350639343262
0.842609167098999
0.6777794361114502
0.6433093547821045
0.6382548809051514
0.8091566562652588
0.7997004985809326
0.7400760650634766
0.8687751293182373
0.7166311740875244
0.9544453620910645
0.8011515140533447
0.8843064308166504
0.8287844657897949
0.3825645446777344
0.3295149803161621
0.8075003623962402
0.8641078472137451
0.9681251049041748
0.8657867908477783
0.9525434970855713
0.8726136684417725
0.793825626373291
0.7859914302825928
0.35276150703430176
0.9393661022186279
0.864687442779541
0.38271069526672363
0.46555018424987793
0.5324020385742188
0.5283243656158447
0.3754582405090332
0.44110107421875
0.4787921905517578
0.5773308277130127
0.466266393661499
0.4133009910583496
0.47994065284729004
0.3702578544616699
0.5391333103179932
0.3344576358795166
0.3097405433654785
0.38158082962036133
0.27652692794799805
0.2642991542816162
0.2714574337005615
0.5603349208831787
0.4873530864715576
0.4678659439086914
0.2558276653289795
0.06604290008544922
0.30843639373779297
0.4143953323364258
0.3758418560028076
0.08578968048095703
0.5547049045562744
0.5427885055541992
0.5648148059844971
0.34212756156921387
0.6658427715301514
0.5554590225219727
0.3811004161834717
0.6264200210571289
0.6062836647033691
0.5520279407501221
0.4682145118713379
0.6091601848602295
0.4328041076660156
0.561845064163208
0.09728097915649414
0.5648376941680908
0.4095427989959717
0.6133174896240234
0.11089348793029785
0.5917513370513916
0.5984070301055908
0.4487755298614502
0.5447893142700195
0.13496661186218262
0.4122180938720703
0.4943070411682129
0.6817073822021484
0.6614904403686523
0.5490431785583496
0.5230422019958496
0.5136854648590088
0.16878604888916016
0.5747056007385254
0.5723323822021484
0.5771157741546631
0.7692441940307617
0.483670711517334
0.6083710193634033
0.5761957168579102
0.6038258075714111
0.4165689945220947
0.44802021980285645
0.5386483669281006
0.7727866172790527
0.5517327785491943
0.6722254753112793
0.7136240005493164
0.6749880313873291
0.4997851848602295
0.4826982021331787
0.5422523021697998
0.5178570747375488
0.5050442218780518
0.7266383171081543
0.5815651416778564
0.6540908813476562
0.7013278007507324
0.5767135620117188
0.5727427005767822
0.4842214584350586
0.7805197238922119
0.4984714984893799
0.7314777374267578
0.546241283416748
0.21201872825622559
0.6133277416229248
0.5616357326507568
0.22911953926086426
0.6866562366485596
0.6336476802825928
0.7037515640258789
0.5500938892364502
0.5416762828826904
0.6029653549194336
0.23898005485534668
0.5280723571777344
0.24532341957092285
0.1515052318572998
0.514094352722168
0.20649099349975586
0.5568258762359619
0.21062016487121582
0.6485018730163574
0.21148157119750977
0.8851101398468018
0.8521580696105957
0.6037819385528564
0.5291821956634521
0.9497675895690918
0.8704254627227783
0.7274999618530273
0.6879830360412598
0.954322338104248
0.8484494686126709
0.6403975486755371
0.5668787956237793
0.3310112953186035
0.8336067199707031
0.8261055946350098
0.8121547698974609
0.2945840358734131
0.8535213470458984
0.33999156951904297
0.6746289730072021
0.6748719215393066
0.9475078582763672
0.3371601104736328
0.8021836280822754
0.6608405113220215
0.2722175121307373
0.2077007293701172
0.8076431751251221
0.34355688095092773
0.2716944217681885
0.2762608528137207
0.2735579013824463
0.27013444900512695
0.7372374534606934
0.38804149627685547
0.3433351516723633
0.6660590171813965
0.6300108432769775
0.3309452533721924
0.708125114440918
0.7072315216064453
0.6249618530273438
0.7766518592834473
0.5914547443389893
0.7859792709350586
0.6808536052703857
0.6886472702026367
0.40085458755493164
0.41260552406311035
0.8121247291564941
0.2994883060455322
1.0345699787139893
0.5541195869445801
0.4300272464752197
0.8846228122711182
0.42308735847473145
0.9748032093048096
0.37780165672302246
0.8985905647277832
0.6972002983093262
0.8702938556671143
0.9996011257171631
0.8238117694854736
0.40235400199890137
0.3866100311279297
0.7417793273925781
0.7390792369842529
0.38252782821655273
0.9101662635803223
0.39975404739379883
0.8902051448822021
0.44069552421569824
1.1015777587890625
0.8596518039703369
0.726823091506958
0.7447915077209473
0.4162290096282959
0.39775586128234863
0.4122183322906494
0.4269230365753174
0.77018141746521
0.4500701427459717
0.40206027030944824
0.4632723331451416
0.442962646484375
0.40610647201538086
1.0992634296417236
0.4675898551940918
0.4312562942504883
0.4025130271911621
0.8796596527099609
0.39395761489868164
0.5381247997283936
0.05060100555419922
0.5922634601593018
0.04874396324157715
0.040651798248291016
0.4727449417114258
0.6108262538909912
0.6039047241210938
0.4525134563446045
0.5321900844573975
0.4789419174194336
0.3814074993133545
0.3925027847290039
0.6198270320892334
0.42842960357666016
0.3485710620880127
0.656156063079834
0.678642988204956
0.10939979553222656
0.5373263359069824
0.5938675403594971
0.6208713054656982
0.4603271484375
0.6712429523468018
0.7461152076721191
0.45094799995422363
0.5797159671783447
0.628239631652832
0.6814353466033936
0.6032428741455078
0.5991458892822266
0.5897543430328369
0.5275716781616211
0.6386005878448486
0.7624142169952393
0.5930469036102295
0.5460536479949951
0.7213945388793945
0.7738730907440186
0.6325027942657471
0.10967874526977539
0.6438148021697998
0.6564967632293701
0.6387732028961182
0.665184736251831
0.5948598384857178
0.7504003047943115
0.13963580131530762
0.635566234588623
0.5883951187133789
0.5078084468841553
0.5755624771118164
0.6670458316802979
0.5860817432403564
0.6314225196838379
0.7912936210632324
0.7185924053192139
0.7787032127380371
0.8078835010528564
0.5598239898681641
0.609872579574585
0.7400462627410889
0.7489235401153564
0.5374834537506104
0.868464469909668
0.7643303871154785
0.6545250415802002
0.8812088966369629
0.8593170642852783
0.682037353515625
0.8055648803710938
0.8641312122344971
0.7536208629608154
0.6736550331115723
0.8619728088378906
0.3228144645690918
0.7680850028991699
0.8771538734436035
0.7357158660888672
0.7037856578826904
0.7396290302276611
0.9658052921295166
0.8956129550933838
1.124648094177246
0.9045815467834473
1.0474848747253418
0.9382979869842529
1.0392861366271973
0.5524108409881592
1.0664472579956055
1.2673234939575195
0.5657143592834473
0.9515938758850098
0.5532824993133545
1.069056749343872
1.2159693241119385
1.237142562866211
0.5947365760803223
1.140491008758545
1.0783228874206543
1.3154220581054688
1.0562880039215088
1.0146245956420898
0.5856592655181885
0.528986930847168
1.0818288326263428
1.146578311920166
1.281766653060913
0.5687165260314941
1.35606050491333
1.0397844314575195
1.2891216278076172
1.0179579257965088
0.5621099472045898
1.2835798263549805
1.1269121170043945
1.0821328163146973
0.5578763484954834
1.3247087001800537
0.6981728076934814
1.2838561534881592
1.3841779232025146
0.6552386283874512
0.6160449981689453
1.15553617477417
1.4025790691375732
1.234497308731079
1.1900734901428223
0.6075654029846191
0.6038017272949219
1.3071744441986084
1.156364917755127
1.2200367450714111
0.6653203964233398
0.7792758941650391
0.5375840663909912
0.7139725685119629
0.7663910388946533
0.6681592464447021
1.3176720142364502
1.256408452987671
0.5204463005065918
0.8381390571594238
1.4974498748779297
1.2646675109863281
1.2431094646453857
1.464402675628662
1.510439395904541
1.2433295249938965
1.4758858680725098
0.4102489948272705
1.3250784873962402
1.307131052017212
1.5913612842559814
1.4567184448242188
1.3334527015686035
1.5977847576141357
1.4353179931640625
1.4854388236999512
1.384660005569458
1.588029384613037
0.4581723213195801
1.4535801410675049
0.7674417495727539
0.6842224597930908
0.8975317478179932
0.6851215362548828
0.6899528503417969
0.7076222896575928
0.37915658950805664
0.8950321674346924
0.8928523063659668
0.8841040134429932
0.372880220413208
0.708547830581665
0.365401029586792
0.919100284576416
0.6841955184936523
0.9600791931152344
1.56229567527771
0.9105238914489746
1.4327280521392822
1.4788200855255127
0.8694813251495361
0.9016892910003662
1.03350830078125
0.9903442859649658
1.55903959274292
0.9522035121917725
0.6996772289276123
0.3668205738067627
1.065558910369873
0.9338583946228027
0.9138963222503662
0.9595623016357422
0.4145336151123047
1.0123074054718018
1.5070374011993408
1.0632996559143066
0.7065489292144775
1.0248134136199951
1.0445947647094727
0.9631404876708984
1.1094722747802734
1.0061120986938477
1.03873610496521
0.8747014999389648
1.034226417541504
1.0976579189300537
1.0223701000213623
1.0985088348388672
1.1253597736358643
1.0842406749725342
0.43261241912841797
1.0541563034057617
1.1493704319000244
1.0686626434326172
0.791773796081543
0.7718179225921631
0.4510157108306885
0.43883633613586426
1.8824923038482666
1.9110298156738281
0.3784048557281494
0.9795212745666504
0.9830577373504639
0.37918949127197266
1.1525814533233643
0.6916816234588623
1.0034220218658447
0.7267985343933105
0.7436199188232422
1.032620906829834
0.7582237720489502
1.034644365310669
0.766892671585083
0.40120434761047363
1.065739631652832
1.3022117614746094
0.7424376010894775
0.7704484462738037
0.7268397808074951
1.226630687713623
1.995647668838501
1.339512586593628
0.6492464542388916
0.4100978374481201
0.34758758544921875
0.7533683776855469
0.4145526885986328
0.47689080238342285
0.45291566848754883
0.42637133598327637
0.7887036800384521
1.881836175918579
1.328744649887085
1.3669800758361816
1.325584888458252
0.38916611671447754
2.1480605602264404
0.3947267532348633
0.8549184799194336
0.7426328659057617
2.1913912296295166
0.9938406944274902
0.8437550067901611
0.6560957431793213
0.8879032135009766
0.36688232421875
0.5997722148895264
0.8712775707244873
0.8527750968933105
0.8878185749053955
0.49967145919799805
0.7806134223937988
0.3171851634979248
0.7228989601135254
0.4813096523284912
1.1891965866088867
1.423553228378296
0.5213532447814941
0.9530372619628906
0.8555223941802979
0.337998628616333
0.9126238822937012
1.400611400604248
0.32099461555480957
0.8842606544494629
0.5239264965057373
0.46166563034057617
0.583094596862793
0.7459814548492432
0.3847529888153076
0.5298740863800049
0.3533508777618408
0.258486270904541
0.9555473327636719
1.5831530094146729
0.27904748916625977
0.8580114841461182
0.414475679397583
0.8045611381530762
0.3891115188598633
0.8921246528625488
0.299086332321167
0.2857654094696045
1.0274298191070557
0.3211369514465332
0.8454554080963135
0.37761521339416504
0.6763169765472412
0.6740350723266602
0.4626166820526123
0.6948955059051514
0.2973463535308838
0.9602530002593994
0.8407735824584961
1.1374826431274414
0.35414981842041016
0.7383475303649902
0.9906084537506104
0.35737109184265137
0.7820274829864502
0.5652613639831543
0.3763725757598877
0.9272844791412354
0.5911123752593994
1.0779895782470703
0.9236998558044434
0.6756103038787842
0.9140374660491943
0.9664003849029541
0.4531106948852539
0.8397350311279297
0.8203375339508057
0.539837121963501
0.5310592651367188
0.3065180778503418
0.8384222984313965
0.6216168403625488
0.2588658332824707
0.6305201053619385
1.0232298374176025
0.7625317573547363
1.0188891887664795
0.8649129867553711
0.832261323928833
0.57590651512146
1.1054601669311523
0.38504695892333984
0.2546415328979492
0.4525420665740967
0.8934710025787354
0.2829921245574951
0.8809225559234619
1.0394785404205322
0.3184545040130615
0.39769673347473145
0.4968423843383789
0.9239680767059326
0.4651618003845215
0.7233283519744873
0.5540738105773926
0.4431915283203125
0.9638757705688477
0.7270650863647461
0.6580860614776611
0.3366374969482422
0.5732519626617432
1.0223088264465332
0.761918306350708
0.7383511066436768
0.9973869323730469
0.7205483913421631
0.9018967151641846
0.7714600563049316
0.4028482437133789
0.7241640090942383
0.269852876663208
0.3353281021118164
0.28456592559814453
0.7065918445587158
0.74005126953125
1.0242328643798828
0.9886775016784668
0.3952770233154297
1.1681103706359863
0.4021341800689697
1.1884937286376953
0.3510565757751465
0.4582371711730957
0.4812803268432617
0.6361863613128662
0.4048426151275635
0.4288315773010254
0.7758486270904541
0.43567800521850586
0.39186549186706543
0.8211421966552734
0.5414111614227295
1.1334137916564941
0.39716386795043945
1.3008129596710205
0.276705265045166
0.38009071350097656
0.33113646507263184
0.5317161083221436
0.7012042999267578
0.9961569309234619
0.2196793556213379
0.44341206550598145
0.24497771263122559
1.1697745323181152
0.9761993885040283
0.5222432613372803
1.104011058807373
0.35434627532958984
0.37493133544921875
0.6993403434753418
0.5775425434112549
0.5923047065734863
0.34544873237609863
0.48473548889160156
1.1577332019805908
0.26659512519836426
1.2118639945983887
0.4784238338470459
0.28757190704345703
0.2401597499847412
1.1419239044189453
0.33652400970458984
0.40193653106689453
0.6570394039154053
0.4546372890472412
0.3416287899017334
0.38806629180908203
1.0099496841430664
0.5267379283905029
0.6993355751037598
0.44235825538635254
0.43820905685424805
0.4283485412597656
0.46522998809814453
0.43964624404907227
0.7683525085449219
0.6849985122680664
0.5189390182495117
0.4001195430755615
0.6185417175292969
0.40585780143737793
0.5839574337005615
0.5580160617828369
0.4346902370452881
0.5204253196716309
0.8044450283050537
0.9439098834991455
0.44512200355529785
0.5287010669708252
0.7066833972930908
1.2935900688171387
0.5648367404937744
0.5810370445251465
0.8178448677062988
1.24692702293396
0.43787455558776855
0.7023618221282959
0.5371673107147217
0.6791203022003174
0.7783987522125244
0.39678120613098145
0.47637295722961426
0.7963943481445312
0.5134785175323486
0.5743131637573242
1.2542216777801514
1.3695390224456787
0.4864499568939209
0.41263365745544434
0.5220999717712402
0.6197695732116699
0.5931668281555176
0.7043712139129639
0.5104367733001709
0.37908363342285156
0.44732165336608887
0.5861186981201172
0.5379195213317871
0.4053971767425537
0.9383225440979004
0.6000795364379883
0.4302835464477539
1.011350393295288
0.4090440273284912
0.7241251468658447
0.7509675025939941
0.6001434326171875
0.6560389995574951
1.0320196151733398
0.5809168815612793
1.11374831199646
0.988213300704956
1.5837583541870117
0.8473317623138428
0.4038369655609131
0.500434160232544
0.7483415603637695
0.4285428524017334
0.8416156768798828
0.6085400581359863
0.41762471199035645
0.7298061847686768
0.5881781578063965
0.6460182666778564
0.4500255584716797
0.4032113552093506
0.8201050758361816
0.5313279628753662
1.1406102180480957
0.5733709335327148
0.53352952003479
0.7312650680541992
0.7709331512451172
1.3794758319854736
0.6016240119934082
0.6977365016937256
0.9408042430877686
0.5641176700592041
0.517287015914917
0.5258684158325195
0.5946195125579834
0.8193020820617676
0.5315585136413574
0.3796260356903076
0.6761107444763184
0.6445009708404541
0.6283657550811768
0.7685427665710449
0.5196006298065186
0.7235896587371826
0.5400629043579102
0.9599907398223877
0.532623291015625
0.8883583545684814
0.530571699142456
0.3673264980316162
0.5008978843688965
0.7569546699523926
0.7119770050048828
1.112598180770874
0.8471882343292236
0.7314004898071289
0.6142723560333252
0.6879446506500244
0.5780766010284424
1.0660498142242432
0.5344781875610352
1.2185721397399902
1.0944008827209473
0.6593255996704102
0.7021083831787109
0.47911763191223145
0.8282840251922607
0.7518458366394043
0.5935466289520264
0.8575434684753418
0.6527316570281982
0.5586514472961426
1.1054377555847168
0.8830685615539551
0.5472745895385742
0.6149308681488037
0.4721822738647461
0.8168432712554932
0.5281198024749756
0.638613224029541
0.4927816390991211
0.8106529712677002
0.789520263671875
0.3709070682525635
1.0383286476135254
0.9953145980834961
0.38878297805786133
0.2103574275970459
0.8048593997955322
0.4953958988189697
0.7970519065856934
0.5769445896148682
0.6409916877746582
0.8075048923492432
1.137150526046753
0.9328179359436035
0.5971841812133789
0.9815397262573242
0.3623955249786377
0.7080938816070557
0.3312242031097412
0.5576009750366211
0.8033316135406494
0.3104705810546875
0.6815454959869385
0.34209609031677246
0.4203312397003174
0.35579514503479004
0.2947676181793213
0.7261900901794434
0.301302433013916
0.8339545726776123
0.631317138671875
0.794041633605957
0.5844528675079346
0.7481377124786377
0.6325817108154297
0.4757039546966553
0.709378719329834
0.840970516204834
0.34496378898620605
0.3499619960784912
0.49878621101379395
0.4738609790802002
0.31169700622558594
0.44518613815307617
0.6713776588439941
0.7211167812347412
0.24081134796142578
0.40183591842651367
0.4351310729980469
0.3831651210784912
0.17882776260375977
0.5659024715423584
0.5651900768280029
0.430617094039917
0.2953038215637207
0.2876458168029785
0.6641669273376465
0.49416255950927734
0.5976693630218506
0.5706570148468018
0.8389012813568115
0.29064178466796875
0.4161953926086426
0.42394328117370605
0.3137173652648926
0.74660325050354
0.9946355819702148
0.38809847831726074
0.674588680267334
0.6245584487915039
0.47075867652893066
0.7876501083374023
0.3659226894378662
0.45008254051208496
0.3267037868499756
0.7724652290344238
0.5986549854278564
0.43148112297058105
0.545809268951416
0.2423112392425537
0.8039717674255371
0.8403129577636719
0.576164722442627
0.747699499130249
0.3375871181488037
0.30077600479125977
0.6461265087127686
0.40926313400268555
0.6980721950531006
0.661200761795044
0.9439737796783447
0.5462195873260498
0.7051942348480225
0.6279871463775635
0.5968818664550781
0.39061450958251953
1.0017895698547363
0.3113880157470703
0.2428579330444336
0.6948297023773193
0.8776648044586182
0.7323839664459229
0.9514520168304443
1.310720443725586
0.794670820236206
0.7421529293060303
0.777747392654419
0.4155433177947998
0.5049452781677246
1.2576851844787598
0.642066240310669
0.761824369430542
1.0226936340332031
0.9364180564880371
0.9469990730285645
0.5599613189697266
0.5403926372528076
0.858332633972168
0.3957710266113281
0.44121336936950684
0.382479190826416
0.47694897651672363
1.0338973999023438
0.9382524490356445
0.41746068000793457
0.809912919998169
0.37659382820129395
0.4396493434906006
0.92771315574646
0.8652942180633545
0.3957235813140869
0.5123035907745361
0.6737918853759766
0.831761360168457
1.4964158535003662
0.5200092792510986
0.3969235420227051
0.386019229888916
1.1745316982269287
0.6324925422668457
0.6757986545562744
0.9331355094909668
0.38700270652770996
0.40451979637145996
0.4011385440826416
0.545783519744873
0.47830653190612793
0.44736599922180176
0.6036608219146729
0.6396484375
0.34571242332458496
0.6919982433319092
0.606980562210083
0.44912099838256836
0.8272087574005127
0.5278370380401611
0.571209192276001
0.7128400802612305
0.47102975845336914
0.44727492332458496
0.8664894104003906
1.010371446609497
0.37253785133361816
0.47184276580810547
0.740652322769165
0.4441866874694824
0.9861795902252197
0.858924150466919
0.6363897323608398
0.733006477355957
0.4534037113189697
0.3346519470214844
0.2813537120819092
0.5832946300506592
0.3376765251159668
0.5554850101470947
0.410982608795166
0.6093559265136719
0.6960716247558594
0.9303171634674072
0.6477375030517578
0.7563841342926025
0.7560787200927734
0.4998350143432617
0.6703076362609863
0.48935675621032715
0.3899848461151123
1.3091003894805908
0.25560998916625977
0.5202233791351318
0.6161689758300781
0.4318671226501465
0.5826976299285889
0.7708446979522705
0.5451605319976807
0.6836347579956055
0.4656999111175537
0.42012453079223633
0.46235108375549316
1.0301523208618164
0.7840068340301514
0.40642857551574707
0.6798031330108643
0.8213391304016113
0.8994975090026855
1.2451038360595703
0.9630639553070068
0.6176159381866455
0.6259036064147949
0.4387478828430176
0.7011854648590088
0.6489081382751465
0.32025957107543945
0.5673153400421143
0.2800781726837158
0.35677218437194824
0.3534092903137207
0.63812255859375
0.7628591060638428
0.38042545318603516
0.8618669509887695
0.4809119701385498
0.7206892967224121
0.6974136829376221
0.38668107986450195
1.1596367359161377
1.5208020210266113
0.5214314460754395
0.6741185188293457
0.5280046463012695
0.41370344161987305
0.4075014591217041
0.951685905456543
0.5639052391052246
0.3509252071380615
0.5477592945098877
0.7071475982666016
0.8737266063690186
0.34135913848876953
0.39235424995422363
0.430736780166626
0.5113663673400879
0.8479170799255371
0.34750819206237793
0.649341344833374
0.6646275520324707
0.5232033729553223
0.5569117069244385
0.6279444694519043
0.6583597660064697
0.647972822189331
0.7232873439788818
0.4634838104248047
0.5754978656768799
0.9765019416809082
0.3836960792541504
0.47009778022766113
0.6452662944793701
0.7083568572998047
0.7548480033874512
0.6356179714202881
1.1294405460357666
1.2351765632629395
0.5639686584472656
0.6482689380645752
1.2106401920318604
1.023144006729126
0.574070930480957
0.8747704029083252
0.7057876586914062
0.44951295852661133
1.7381470203399658
0.6680891513824463
0.6303918361663818
0.3864777088165283
0.39430999755859375
0.87371826171875
0.988722562789917
0.9746387004852295
0.6372709274291992
0.99658203125
1.2596485614776611
0.9358720779418945
0.8114421367645264
1.0468904972076416
0.5798578262329102
1.238114595413208
1.0335509777069092
0.3778703212738037
0.6992247104644775
0.37026095390319824
0.9370596408843994
0.97812819480896
0.43365907669067383
0.39931273460388184
0.9169440269470215
0.914238691329956
0.3788602352142334
0.7685658931732178
0.8669428825378418
0.7621204853057861
1.5165131092071533
1.7196760177612305
0.6977062225341797
0.7494771480560303
1.3461780548095703
0.8193328380584717
0.4013535976409912
0.7483289241790771
0.6165671348571777
1.0039727687835693
0.8263955116271973
0.8429217338562012
0.7137844562530518
1.0022237300872803
0.7717561721801758
0.9711506366729736
0.7785165309906006
0.7723283767700195
0.49472665786743164
0.6250858306884766
0.7497215270996094
0.8718676567077637
0.8198444843292236
0.8403332233428955
1.493544340133667
1.257336139678955
0.8084821701049805
1.4595682621002197
0.8586015701293945
1.2382221221923828
0.46105217933654785
0.979952335357666
0.37441587448120117
0.7257723808288574
0.3538057804107666
0.42566633224487305
0.6971209049224854
0.5962941646575928
0.9398486614227295
0.6907596588134766
0.9893932342529297
0.2964184284210205
0.5815062522888184
0.5799436569213867
0.5996031761169434
0.5515410900115967
0.31876611709594727
0.7092292308807373
0.5889077186584473
0.7825932502746582
0.7817513942718506
0.9651551246643066
1.0137181282043457
0.939549446105957
0.6549637317657471
0.5626990795135498
0.28182387351989746
0.3604724407196045
0.6455042362213135
0.2861480712890625
1.2675275802612305
0.5993936061859131
0.6188039779663086
0.639209508895874
0.8342947959899902
0.806870698928833
0.6548426151275635
0.7838871479034424
1.1242432594299316
0.9173834323883057
1.1965200901031494
1.0909206867218018
1.1290733814239502
0.9938621520996094
0.5569491386413574
0.9714291095733643
1.2422308921813965
1.0154404640197754
1.0311596393585205
0.28373098373413086
0.5910301208496094
2.086968421936035
1.5859193801879883
0.29853034019470215
0.5965445041656494
0.6291000843048096
0.6306624412536621
0.5303950309753418
0.3036928176879883
0.7853231430053711
1.1479771137237549
0.34338951110839844
0.3539700508117676
0.3067493438720703
0.9367270469665527
0.3158223628997803
0.8246719837188721
0.8516864776611328
1.206376552581787
1.1177730560302734
0.3222799301147461
0.8439760208129883
0.6237139701843262
0.541395902633667
0.6592543125152588
0.49709248542785645
1.1102244853973389
1.1788523197174072
0.82338547706604
0.8417966365814209
0.8651793003082275
0.7209212779998779
0.3288142681121826
0.3304867744445801
0.34366464614868164
0.30772995948791504
0.3026723861694336
0.313154935836792
0.3628261089324951
0.29798460006713867
0.7402353286743164
0.57527756690979
1.2679622173309326
0.5946259498596191
0.32178783416748047
0.48886799812316895
0.3002190589904785
0.6427028179168701
0.30870842933654785
0.46924781799316406
0.8009707927703857
0.7498428821563721
0.4573936462402344
1.0048673152923584
0.6296539306640625
0.43886232376098633
0.33974671363830566
0.6944494247436523
0.6684579849243164
0.658879280090332
0.3486013412475586
0.3684086799621582
0.25268006324768066
0.3792855739593506
0.48841333389282227
0.28766536712646484
0.9966409206390381
0.48619866371154785
0.4335904121398926
0.4507589340209961
0.7031643390655518
0.6884288787841797
0.7069089412689209
0.31424951553344727
0.7348551750183105
0.48250246047973633
0.5277326107025146
0.5142180919647217
0.5790143013000488
0.821303129196167
0.4263794422149658
0.7990851402282715
0.728466272354126
0.9998493194580078
0.7354822158813477
0.4074716567993164
0.7717633247375488
0.22858905792236328
0.2955169677734375
0.7208607196807861
0.21433067321777344
0.5006940364837646
0.323486328125
0.36623334884643555
0.28850793838500977
0.45687222480773926
0.2522623538970947
0.6270358562469482
0.45981478691101074
0.7310631275177002
0.19953274726867676
0.28090548515319824
0.3607521057128906
0.31575727462768555
1.5014584064483643
0.3861734867095947
0.7301583290100098
0.827495813369751
1.0481503009796143
0.5285398960113525
0.35794830322265625
0.31812405586242676
0.5590572357177734
0.6585495471954346
0.37801170349121094
0.33382487297058105
0.5620722770690918
0.27892303466796875
0.4708108901977539
0.24295735359191895
0.4223031997680664
0.566199541091919
0.5742197036743164
0.7704508304595947
0.3733947277069092
0.3060617446899414
0.2444608211517334
0.9146976470947266
0.44597482681274414
0.46172356605529785
0.7985928058624268
0.595555305480957
0.9244511127471924
0.25980067253112793
0.7263553142547607
0.752943754196167
0.914588451385498
0.6809968948364258
0.4569284915924072
0.9968132972717285
0.3894996643066406
0.7955408096313477
0.32982468605041504
0.6791825294494629
0.715618371963501
0.3647916316986084
0.8523521423339844
0.7962357997894287
0.3758101463317871
0.5827429294586182
0.3928205966949463
0.2799375057220459
0.6265361309051514
0.7586746215820312
0.3962361812591553
0.8697786331176758
0.396697998046875
0.8960459232330322
0.27147674560546875
0.5272912979125977
0.3623974323272705
0.5633015632629395
0.5256803035736084
0.43592190742492676
0.8506700992584229
0.27487993240356445
0.387753963470459
0.9355013370513916
0.8447163105010986
0.29979944229125977
0.5418109893798828
0.44584012031555176
0.3296527862548828
0.2825171947479248
0.9655587673187256
0.3881063461303711
1.1360912322998047
0.48205137252807617
0.35750293731689453
1.1683857440948486
0.7992129325866699
0.508368968963623
0.6866273880004883
0.5110492706298828
0.6671905517578125
0.40287089347839355
0.5914366245269775
0.5421621799468994
0.612750768661499
0.39421582221984863
0.306398868560791
1.5595030784606934
0.8840539455413818
0.40763211250305176
0.4935176372528076
0.3280630111694336
0.5463583469390869
1.278975009918213
1.0062358379364014
0.4841465950012207
1.0289998054504395
0.46472907066345215
0.44722819328308105
0.5407431125640869
0.7106657028198242
0.867384672164917
0.841754674911499
1.0520398616790771
1.253030776977539
0.7561371326446533
0.618685245513916
0.5490050315856934
0.6164863109588623
0.30211496353149414
0.34055471420288086
0.7121827602386475
0.29308295249938965
0.44187378883361816
0.2800455093383789
0.35625791549682617
0.7321949005126953
0.6099128723144531
0.5357837677001953
1.1101934909820557
1.086803674697876
0.3368091583251953
0.42400074005126953
1.0308709144592285
0.46259260177612305
1.11421799659729
0.3905012607574463
0.5855486392974854
0.6520750522613525
0.5213642120361328
1.1797993183135986
0.5290160179138184
0.5384941101074219
0.5362868309020996
0.4704475402832031
0.5762138366699219
0.4124011993408203
0.4542262554168701
1.165722370147705
0.5628840923309326
0.38526320457458496
0.3548722267150879
0.38979506492614746
0.28386831283569336
1.0707330703735352
0.5812058448791504
0.42369723320007324
0.332780122756958
1.0309600830078125
0.542726993560791
0.43202972412109375
0.42729949951171875
0.6556634902954102
0.5584666728973389
0.292003870010376
0.437105655670166
0.36577463150024414
0.5483002662658691
0.6048791408538818
0.2792191505432129
0.6765172481536865
0.4561893939971924
0.2612018585205078
0.25643086433410645
0.4080824851989746
0.4280564785003662
0.4635467529296875
0.6179580688476562
0.46595191955566406
0.4293057918548584
0.7815885543823242
0.737194299697876
0.2428426742553711
0.5677967071533203
0.3943908214569092
1.4215335845947266
0.5198049545288086
0.9866809844970703
0.5016775131225586
1.2093589305877686
0.5104482173919678
0.4039726257324219
0.4107992649078369
0.5907914638519287
0.36398768424987793
0.37657856941223145
0.29110264778137207
0.569141149520874
0.398298978805542
0.309584379196167
1.1873948574066162
0.2740488052368164
0.3965342044830322
0.8275051116943359
0.33994412422180176
0.4654867649078369
0.3272554874420166
0.13419437408447266
0.2863788604736328
0.3971083164215088
0.7924644947052002
0.638251781463623
0.6156008243560791
0.37245726585388184
0.3141026496887207
0.8522696495056152
0.2947046756744385
0.309323787689209
0.4804573059082031
0.7511353492736816
0.6304099559783936
0.7964732646942139
0.5250632762908936
0.8785393238067627
0.2706737518310547
0.313640832901001
0.424976110458374
0.2505979537963867
0.484236478805542
0.39459848403930664
0.40428829193115234
1.5917630195617676
0.42432117462158203
0.7318453788757324
0.5570476055145264
0.566192626953125
0.46942996978759766
0.5119936466217041
0.3706521987915039
0.4728682041168213
0.24962949752807617
0.8935203552246094
0.8529911041259766
0.39938879013061523
0.4791243076324463
0.7619688510894775
0.5417158603668213
0.7323296070098877
0.6205909252166748
0.7705719470977783
0.6696474552154541
0.4798905849456787
0.5235335826873779
0.4905269145965576
0.3548893928527832
0.4533379077911377
0.3020005226135254
0.41240477561950684
0.473921537399292
0.5550541877746582
0.7182919979095459
0.741248607635498
1.0086472034454346
0.5779883861541748
0.43519067764282227
0.4503190517425537
0.5130047798156738
0.6377913951873779
0.8336856365203857
0.46609973907470703
0.6543960571289062
0.38889431953430176
0.413912296295166
0.38569068908691406
0.5965237617492676
0.854600191116333
0.3606898784637451
0.7159140110015869
0.5691311359405518
0.33119964599609375
0.531238317489624
0.3493161201477051
0.316103458404541
0.6653804779052734
0.4857156276702881
0.6896421909332275
0.5410120487213135
0.4686143398284912
0.5938844680786133
0.32868504524230957
0.7743468284606934
0.5381283760070801
0.6076505184173584
0.305391788482666
0.5351433753967285
1.0423164367675781
0.28573155403137207
0.6399047374725342
0.36184072494506836
0.953437328338623
0.42467617988586426
0.4203948974609375
0.5441913604736328
0.5724000930786133
0.5489661693572998
0.09054780006408691
0.43706274032592773
0.6854636669158936
0.42963528633117676
0.5968961715698242
0.6320745944976807
0.3742964267730713
0.31923556327819824
0.5433349609375
0.6278533935546875
0.7661283016204834
0.58512282371521
0.7349166870117188
0.483306884765625
0.5909087657928467
0.42507433891296387
0.4285759925842285
0.4714059829711914
0.35520267486572266
0.6788866519927979
0.4656805992126465
0.43471837043762207
0.4638688564300537
0.6078653335571289
0.3726828098297119
0.3115811347961426
0.439866304397583
0.8561146259307861
0.6868000030517578
0.9257185459136963
0.978095531463623
0.3264925479888916
0.28162264823913574
0.221449613571167
0.5742075443267822
0.3052523136138916
0.26331329345703125
0.30870985984802246
1.5982489585876465
0.4177389144897461
0.4666919708251953
0.4853801727294922
0.44948530197143555
0.7553024291992188
0.5339517593383789
0.7630758285522461
0.66900634765625
0.2642793655395508
0.3513665199279785
0.31755828857421875
0.29001712799072266
0.30076098442077637
0.5045130252838135
0.6158056259155273
0.37891054153442383
0.4372284412384033
0.6297750473022461
1.0162670612335205
0.55470871925354
0.6470310688018799
0.8791406154632568
0.4892151355743408
0.6618397235870361
0.9338498115539551
0.503849983215332
1.756098747253418
0.573230504989624
0.7210490703582764
0.5254101753234863
0.699547529220581
0.9120211601257324
0.6490380764007568
0.5879449844360352
0.45819592475891113
0.6712677478790283
0.4224691390991211
0.8011438846588135
0.5151636600494385
0.8113276958465576
0.45662689208984375
0.47977137565612793
0.564795732498169
0.5528278350830078
0.45822715759277344
1.4465253353118896
0.49400925636291504
0.6906845569610596
0.4837627410888672
0.4473385810852051
0.9919216632843018
1.0319643020629883
0.8021924495697021
0.4055745601654053
0.9956009387969971
1.035768985748291
0.3595902919769287
0.3274664878845215
0.3498208522796631
0.9546005725860596
0.8110256195068359
0.87367844581604
0.6319293975830078
0.7919301986694336
0.4908459186553955
0.6012904644012451
0.9143738746643066
0.7975068092346191
0.5840802192687988
0.3986492156982422
0.6073217391967773
0.6100449562072754
0.3742401599884033
0.4882826805114746
0.6639909744262695
0.8578672409057617
0.6840183734893799
0.6670486927032471
0.366382360458374
0.6128106117248535
0.38034820556640625
0.564267635345459
0.8939692974090576
0.34482431411743164
0.8780782222747803
0.9567456245422363
0.649796724319458
0.33191752433776855
0.3559401035308838
0.5246708393096924
0.4035160541534424
0.613908052444458
0.46611523628234863
0.6518774032592773
0.3527843952178955
0.5974817276000977
0.23288846015930176
0.9812419414520264
0.7658593654632568
1.4405577182769775
0.7424166202545166
0.419644832611084
0.7577242851257324
0.46026086807250977
0.5180916786193848
0.47432851791381836
0.6222701072692871
0.982851505279541
0.5162839889526367
0.5896623134613037
0.5164585113525391
0.5297503471374512
0.4063107967376709
0.6731061935424805
0.7766084671020508
0.7084615230560303
0.5326247215270996
0.4947237968444824
1.0725975036621094
0.39432692527770996
0.42838239669799805
0.5724697113037109
0.5188679695129395
0.9239721298217773
1.0617120265960693
0.654865026473999
0.5548462867736816
0.46489620208740234
0.4682314395904541
0.5219440460205078
0.31977367401123047
0.5371384620666504
0.4740428924560547
0.4613332748413086
0.48516106605529785
0.595139741897583
1.0032098293304443
0.345867395401001
0.838381290435791
0.8368747234344482
0.759272575378418
0.49810361862182617
0.31296753883361816
0.5041148662567139
0.6197547912597656
0.3013741970062256
0.6387448310852051
0.49158501625061035
0.7105534076690674
0.4549753665924072
0.6274502277374268
0.3897433280944824
0.6330931186676025
0.5241060256958008
0.6080784797668457
0.5321907997131348
0.3451261520385742
0.4103870391845703
0.6675043106079102
0.6621749401092529
0.5330753326416016
0.3107736110687256
0.3566908836364746
0.39279842376708984
0.6373779773712158
0.8399672508239746
0.35309672355651855
0.5628631114959717
0.9293398857116699
0.6705126762390137
0.3218858242034912
1.1784586906433105
0.32358717918395996
0.872032642364502
0.7015326023101807
0.2814521789550781
0.5935194492340088
0.4333486557006836
0.5566635131835938
0.3429105281829834
0.46175622940063477
0.4218287467956543
0.33653759956359863
0.6816568374633789
0.3205869197845459
0.7338783740997314
0.4683218002319336
0.5377750396728516
0.3843045234680176
0.40479469299316406
0.28635334968566895
0.5634317398071289
0.5938165187835693
0.9521458148956299
0.3314228057861328
0.6731069087982178
0.4588310718536377
0.375964879989624
1.0311665534973145
0.4336099624633789
0.5685796737670898
0.6073629856109619
0.5266704559326172
0.8138997554779053
0.3708381652832031
0.6264443397521973
0.534473180770874
0.3614068031311035
0.699873685836792
0.35806965827941895
0.5293889045715332
0.7208743095397949
0.5042006969451904
0.6775386333465576
0.4526529312133789
0.3080763816833496
0.4978024959564209
0.545034646987915
0.36090779304504395
0.6199545860290527
0.5428056716918945
0.8260142803192139
0.6907765865325928
0.6641919612884521
0.5769596099853516
0.3236424922943115
0.40387606620788574
0.6971893310546875
0.6155250072479248
0.5805766582489014
0.7087757587432861
0.4105665683746338
0.5114924907684326
0.336590051651001
1.2172648906707764
0.4997861385345459
0.4992520809173584
0.5194249153137207
0.4723317623138428
0.39427804946899414
0.3605787754058838
0.5614442825317383
0.5363442897796631
0.6764235496520996
0.6929664611816406
0.47547340393066406
0.6512007713317871
1.0154733657836914
0.7761175632476807
0.6072168350219727
0.604957103729248
0.5234725475311279
0.5080862045288086
0.3594398498535156
0.3229694366455078
0.35454869270324707
0.6706194877624512
0.786283016204834
0.4355039596557617
0.6734168529510498
1.190305471420288
0.4656198024749756
0.6381103992462158
0.40447282791137695
0.6066269874572754
0.6371729373931885
0.3949015140533447
0.6116881370544434
0.6861963272094727
0.6494982242584229
0.6401476860046387
0.835322380065918
0.35513901710510254
0.48272180557250977
0.7361395359039307
0.629784107208252
0.28221654891967773
0.5770437717437744
0.9204177856445312
0.735769510269165
0.6460416316986084
0.5443377494812012
0.9054350852966309
0.5646674633026123
0.41520142555236816
0.49207520484924316
1.4927093982696533
0.5445713996887207
0.4952692985534668
0.7295818328857422
0.8250069618225098
1.005094051361084
0.4641449451446533
0.697852611541748
0.6745610237121582
0.6456716060638428
0.3854553699493408
0.4690513610839844
0.3316683769226074
0.7142369747161865
0.5147891044616699
0.6871869564056396
0.2751598358154297
0.48692750930786133
0.6800351142883301
0.2743253707885742
0.5881633758544922
0.6229515075683594
0.6862070560455322
0.49422240257263184
0.9059300422668457
0.38188743591308594
0.3858609199523926
0.3484313488006592
0.7707970142364502
0.2872953414916992
0.9237675666809082
1.0186676979064941
0.6214137077331543
0.7577259540557861
0.4245593547821045
0.9793543815612793
0.6884684562683105
0.9618215560913086
0.7205901145935059
0.46912622451782227
0.5511653423309326
0.2698242664337158
0.3862571716308594
0.4192361831665039
0.5983171463012695
1.021122694015503
0.3683145046234131
0.5985538959503174
0.8019278049468994
1.1578929424285889
0.31597280502319336
0.4872395992279053
0.8731720447540283
0.4715564250946045
0.4090135097503662
0.87082839012146
0.8667519092559814
0.31421327590942383
0.5344183444976807
0.4306333065032959
0.4805428981781006
0.6499769687652588
0.4753713607788086
0.3378629684448242
0.8538413047790527
0.5651721954345703
0.46448802947998047
0.46076107025146484
0.5547597408294678
1.067094326019287
0.6747424602508545
0.7194705009460449
0.9617433547973633
0.4238104820251465
0.6009352207183838
0.4613008499145508
0.2040243148803711
0.3513193130493164
1.093618631362915
0.20593953132629395
0.5636897087097168
0.24870729446411133
0.6771483421325684
0.9047181606292725
0.4245619773864746
0.5118794441223145
0.3461475372314453
0.7022523880004883
0.2688288688659668
0.22170662879943848
0.22027802467346191
0.4117739200592041
0.7204861640930176
0.31270623207092285
0.8826673030853271
0.5857505798339844
0.5175964832305908
1.2057404518127441
0.45125651359558105
0.2829415798187256
0.40269947052001953
0.6100518703460693
0.3856813907623291
0.5648274421691895
0.3347477912902832
0.702369213104248
0.46034765243530273
0.3670308589935303
0.8630766868591309
0.28884077072143555
0.591266393661499
0.3612685203552246
0.29558777809143066
0.34516143798828125
0.38930749893188477
0.5133042335510254
0.8272392749786377
0.47654056549072266
0.8810200691223145
0.6832780838012695
0.265484094619751
0.6155548095703125
0.5193760395050049
0.6895062923431396
0.8691327571868896
0.711674690246582
0.39789390563964844
0.4380648136138916
0.8643467426300049
0.5373036861419678
0.197967529296875
0.27644991874694824
0.278778076171875
0.42775988578796387
0.7837355136871338
0.6227152347564697
0.6449933052062988
0.866584300994873
0.6844985485076904
0.2902200222015381
0.4595346450805664
0.7135655879974365
0.6198856830596924
0.3727149963378906
0.2877497673034668
0.29494237899780273
0.5390286445617676
0.47826123237609863
0.34865307807922363
1.073655605316162
0.34613037109375
0.46657752990722656
0.7321915626525879
0.8466620445251465
1.274561882019043
0.488330602645874
0.49352478981018066
0.4585435390472412
0.5319349765777588
0.47818541526794434
0.5229384899139404
0.5099244117736816
1.4456310272216797
0.5321130752563477
0.6363160610198975
0.4324822425842285
0.4368901252746582
0.6490156650543213
0.5072627067565918
0.45186758041381836
0.8086245059967041
0.5567679405212402
0.6666061878204346
0.8718860149383545
0.5947904586791992
0.5257377624511719
0.37520718574523926
0.639477014541626
0.4862816333770752
0.6287834644317627
0.5488443374633789
0.3487110137939453
0.47329115867614746
0.5199687480926514
0.5613784790039062
0.8775992393493652
0.7088901996612549
0.4326436519622803
0.46143007278442383
0.5029802322387695
0.7012736797332764
1.257199764251709
0.7733550071716309
0.7562463283538818
0.8114681243896484
0.937929630279541
0.686638593673706
0.45448827743530273
0.5606515407562256
0.5616142749786377
0.374622106552124
0.9947783946990967
0.702174186706543
0.6329610347747803
0.8822600841522217
0.739548921585083
0.8148458003997803
0.4316577911376953
0.5717878341674805
0.5572965145111084
0.6377637386322021
0.4993472099304199
0.6071557998657227
0.659125804901123
0.39537978172302246
0.4556770324707031
0.4888579845428467
0.8601827621459961
0.6620829105377197
0.5913739204406738
0.4941277503967285
0.5098762512207031
0.6337037086486816
0.8093245029449463
0.8586013317108154
1.2569053173065186
0.50970458984375
0.4634096622467041
0.6385951042175293
0.6383333206176758
1.1312804222106934
0.3930244445800781
0.6551551818847656
0.7349073886871338
0.3937230110168457
0.6413187980651855
0.8106296062469482
0.6380374431610107
0.9427824020385742
0.9029703140258789
0.4387853145599365
0.7736666202545166
0.7585494518280029
0.6003570556640625
0.4790375232696533
0.4113779067993164
0.32239723205566406
0.7235546112060547
0.8752973079681396
0.4772641658782959
0.7252373695373535
0.7433812618255615
1.2471892833709717
0.505302906036377
0.5589540004730225
1.2793190479278564
0.7903008460998535
0.7086460590362549
0.854182243347168
0.26145458221435547
0.3501405715942383
0.7312483787536621
0.6625826358795166
1.2693126201629639
0.6357412338256836
1.175947904586792
0.35477423667907715
1.460799217224121
0.5635254383087158
0.745103120803833
0.5299100875854492
0.512829065322876
0.5924520492553711
0.6416213512420654
0.6975812911987305
0.3418748378753662
0.3173971176147461
0.5381605625152588
0.7417073249816895
0.5915672779083252
0.6358439922332764
0.5680015087127686
0.718909502029419
0.5129165649414062
0.6872587203979492
0.6941084861755371
0.5159618854522705
0.2753336429595947
0.26556897163391113
0.6476681232452393
0.9065039157867432
1.1133153438568115
0.2529933452606201
0.84787917137146
0.5302963256835938
0.7210843563079834
0.25488901138305664
0.4877340793609619
0.5094449520111084
0.5060057640075684
0.6771907806396484
0.25400352478027344
0.6887106895446777
0.26194024085998535
1.1093688011169434
0.269162654876709
0.26767969131469727
0.9537971019744873
0.2896697521209717
0.998042106628418
0.27094602584838867
0.5360963344573975
0.2796797752380371
0.9659225940704346
0.8997476100921631
0.3375859260559082
0.7992599010467529
0.5904636383056641
0.6903908252716064
0.7878634929656982
0.7706751823425293
0.3346397876739502
0.31891775131225586
0.3178849220275879
0.5724496841430664
0.5428411960601807
0.5563056468963623
0.5454483032226562
0.5831139087677002
0.5951337814331055
1.0896549224853516
0.7761116027832031
0.5457465648651123
1.045421838760376
0.3394043445587158
0.3182077407836914
0.5872058868408203
0.3514578342437744
0.540867805480957
0.5302112102508545
1.5462532043457031
0.3704533576965332
0.5662474632263184
0.5918307304382324
0.3630657196044922
0.3823685646057129
0.3647792339324951
0.3760800361633301
0.3696153163909912
0.33615970611572266
0.5357315540313721
1.0141761302947998
0.37877678871154785
0.5551228523254395
0.39556360244750977
0.336409330368042
0.5232703685760498
0.34912705421447754
0.7858834266662598
0.5240175724029541
0.5128896236419678
0.3379793167114258
0.8103575706481934
0.35677576065063477
0.5479676723480225
0.13112378120422363
0.5369682312011719
0.3417668342590332
0.5440142154693604
0.798043966293335
0.5563008785247803
0.5535998344421387
0.32019853591918945
0.28758788108825684
0.5277228355407715
1.074920654296875
0.2981529235839844
0.8171403408050537
0.5281589031219482
0.5257666110992432
0.3636965751647949
0.5823245048522949
0.2800140380859375
0.7785942554473877
0.5772607326507568
0.5159244537353516
0.25654053688049316
1.0269060134887695
0.2521638870239258
0.5126752853393555
0.5808570384979248
0.5937607288360596
0.5054030418395996
0.8288624286651611
0.6152589321136475
0.5169310569763184
0.5402500629425049
0.561591386795044
0.5075809955596924
0.7176928520202637
0.2644765377044678
0.2494051456451416
0.5091948509216309
0.49855566024780273
0.6603927612304688
0.6730999946594238
0.5809504985809326
0.4559781551361084
0.5006194114685059
0.49017810821533203
1.2054884433746338
0.7162392139434814
0.48178744316101074
0.6224238872528076
0.2688932418823242
1.2920968532562256
0.6213624477386475
0.8148300647735596
0.46451520919799805
0.23561835289001465
0.39653539657592773
0.3721184730529785
0.6497464179992676
0.643364667892456
0.4585607051849365
0.5888156890869141
0.8545758724212646
0.5895290374755859
0.292219877243042
0.4995296001434326
0.15941238403320312
0.25777411460876465
0.8436903953552246
0.22911596298217773
0.531548261642456
0.5362048149108887
0.21856927871704102
0.17698121070861816
0.506267786026001
0.3118927478790283
0.5003433227539062
0.4594759941101074
0.6110804080963135
0.52878737449646
0.23738384246826172
0.571258544921875
0.6092133522033691
0.41171741485595703
0.7116749286651611
0.22144460678100586
0.2318117618560791
0.6496193408966064
0.27602100372314453
0.6990408897399902
0.3217623233795166
0.2888832092285156
0.5602819919586182
0.2641286849975586
0.5547418594360352
0.6713635921478271
0.19585490226745605
0.3742356300354004
0.7007880210876465
0.5629885196685791
0.1829369068145752
0.8117849826812744
0.6624886989593506
0.3438565731048584
0.6508090496063232
0.20619773864746094
0.3466219902038574
0.24464988708496094
0.7330167293548584
0.4833853244781494
0.6387512683868408
0.7797651290893555
0.40369534492492676
0.36044979095458984
0.31600069999694824
0.6197969913482666
0.4532506465911865
0.9630751609802246
0.3488447666168213
0.7221002578735352
0.31596994400024414
0.9439408779144287
0.2784841060638428
0.6954190731048584
0.5044164657592773
1.2038123607635498
0.41159605979919434
0.29494428634643555
0.5388638973236084
0.8772275447845459
0.8604090213775635
0.4139595031738281
0.8553824424743652
0.33381199836730957
0.6094276905059814
0.411022424697876
0.3375740051269531
0.5415618419647217
0.7582671642303467
0.6253290176391602
0.7606704235076904
0.3538799285888672
0.43015384674072266
0.38616251945495605
0.39142775535583496
0.6853787899017334
0.4777803421020508
0.35911107063293457
0.3825714588165283
0.37371206283569336
0.9395468235015869
0.5245599746704102
0.3566913604736328
0.43849849700927734
0.42841053009033203
0.41591525077819824
0.4935426712036133
0.5932645797729492
0.3969602584838867
0.6250655651092529
0.41658759117126465
0.662116527557373
0.4367518424987793
0.5562694072723389
0.5891978740692139
0.48455166816711426
1.0023646354675293
0.5759122371673584
0.6702146530151367
0.5234160423278809
0.55800461769104
0.6544795036315918
0.5232744216918945
0.5453670024871826
0.732306957244873
0.8690745830535889
1.0146420001983643
