0.5465395450592041
0.6146671772003174
0.5609700679779053
0.5948770046234131
0.6230154037475586
0.507725715637207
0.2714729309082031
0.6687440872192383
0.5831766128540039
0.6084744930267334
0.6879632472991943
0.6937406063079834
0.07802534103393555
0.08249950408935547
0.5783979892730713
0.6870708465576172
0.09242391586303711
0.06798791885375977
0.051191091537475586
0.5838539600372314
0.7005362510681152
0.06229710578918457
0.54726243019104
0.6320960521697998
0.5868501663208008
0.5101785659790039
0.11561059951782227
0.08105254173278809
0.10552120208740234
0.09091448783874512
0.08565211296081543
0.09367990493774414
0.08688664436340332
0.13995099067687988
0.11582159996032715
0.5632553100585938
0.1810920238494873
0.2052915096282959
0.2122974395751953
0.2484130859375
0.7659943103790283
0.6554927825927734
0.33472371101379395
0.1263561248779297
0.31951427459716797
0.26212501525878906
0.2553713321685791
0.32773494720458984
0.2824125289916992
0.056189775466918945
0.07807302474975586
0.041353464126586914
0.04736900329589844
0.3531663417816162
0.2934091091156006
0.7835352420806885
0.17978715896606445
0.05889463424682617
0.8852026462554932
0.06188488006591797
0.8355159759521484
0.9003546237945557
0.7922103404998779
0.04411888122558594
0.4231743812561035
0.22873878479003906
0.07325911521911621
0.8527441024780273
0.3417699337005615
0.3941793441772461
0.3798644542694092
0.11620020866394043
0.06173992156982422
0.11044979095458984
0.12386465072631836
0.37117695808410645
0.26973628997802734
0.08007550239562988
0.12866854667663574
0.8120265007019043
0.4136531352996826
0.07922720909118652
0.4312255382537842
0.08963561058044434
0.19550704956054688
0.07357120513916016
0.13479042053222656
0.1235349178314209
0.07561731338500977
0.07586812973022461
0.4267561435699463
0.07572293281555176
0.14273619651794434
0.14188432693481445
0.07761454582214355
0.10168123245239258
0.11402559280395508
0.14587950706481934
0.09518241882324219
0.10986852645874023
0.17648935317993164
0.14459729194641113
0.08642005920410156
0.16009783744812012
0.16007304191589355
0.15844392776489258
0.11254191398620605
0.16924023628234863
0.10969853401184082
0.12819862365722656
0.15587282180786133
0.14567351341247559
0.1230936050415039
0.1213686466217041
0.15510320663452148
0.19441628456115723
0.1914684772491455
0.16942715644836426
0.20663857460021973
0.20706963539123535
0.18622326850891113
0.22062230110168457
0.14790964126586914
0.14055967330932617
0.1740858554840088
0.07772278785705566
0.03992104530334473
0.16323590278625488
0.19483470916748047
0.1944580078125
0.18428635597229004
0.1841750144958496
0.22917556762695312
0.19687461853027344
0.2262277603149414
0.07456135749816895
0.07025957107543945
0.08108973503112793
0.10193753242492676
0.06809139251708984
0.0730280876159668
0.13628721237182617
0.07458376884460449
0.13628602027893066
0.09175562858581543
0.09023213386535645
0.09697842597961426
0.12799453735351562
0.0394439697265625
0.18415355682373047
0.14173555374145508
0.044090986251831055
0.13862061500549316
0.06170248985290527
0.12862253189086914
0.21596455574035645
0.11738872528076172
0.0681614875793457
0.22992300987243652
0.12668752670288086
0.20173883438110352
0.17832112312316895
0.21280455589294434
0.2374422550201416
0.2222299575805664
0.2569692134857178
0.05804586410522461
0.2585632801055908
0.12169957160949707
0.19353437423706055
0.14223718643188477
0.24312829971313477
0.2597205638885498
0.09829235076904297
0.08076214790344238
0.26421332359313965
0.22046494483947754
0.26136326789855957
0.1245732307434082
0.2584526538848877
0.08190035820007324
0.1403810977935791
0.31873011589050293
0.09802079200744629
0.07152223587036133
0.3231935501098633
0.08642315864562988
0.10974240303039551
0.11582136154174805
0.14829158782958984
0.10637116432189941
0.1250460147857666
0.2856864929199219
0.1647355556488037
0.17213010787963867
0.13452363014221191
0.1828441619873047
0.12801671028137207
0.12672877311706543
0.12868547439575195
0.17669272422790527
0.16503548622131348
0.17332935333251953
0.18024015426635742
0.08568382263183594
0.17776274681091309
0.05053997039794922
0.17226290702819824
0.18987250328063965
0.18120503425598145
0.1570889949798584
0.1998131275177002
0.21361470222473145
0.08478546142578125
0.11225056648254395
0.10057568550109863
0.25738048553466797
0.12238669395446777
0.11449480056762695
0.18375372886657715
0.057262420654296875
0.05939078330993652
0.05456876754760742
0.06884098052978516
0.06938314437866211
0.0752420425415039
0.19495677947998047
0.10114073753356934
0.1169743537902832
0.09848904609680176
0.2929105758666992
0.09091591835021973
0.22234201431274414
0.25997066497802734
0.23890185356140137
0.13277673721313477
0.1180117130279541
0.14824175834655762
0.09183883666992188
0.1023702621459961
0.14838314056396484
0.15722060203552246
0.283435583114624
0.15031886100769043
0.11450004577636719
0.1226356029510498
0.09183716773986816
0.12662911415100098
0.14682221412658691
0.29117894172668457
0.1664290428161621
0.12894821166992188
0.3552982807159424
0.09566569328308105
0.13147211074829102
0.13558554649353027
0.14355158805847168
0.10970354080200195
0.13104581832885742
0.11041879653930664
0.11127781867980957
0.12279343605041504
0.11031532287597656
0.15493106842041016
0.14508318901062012
0.15024900436401367
0.12410807609558105
0.12079119682312012
0.13866925239562988
0.1430225372314453
0.12372326850891113
0.10493350028991699
0.11546778678894043
0.0998542308807373
0.12473583221435547
0.11538219451904297
0.19246220588684082
0.11282777786254883
0.1267855167388916
0.11474275588989258
0.09253239631652832
0.11570143699645996
0.14152836799621582
0.08339381217956543
0.20340394973754883
0.1418006420135498
0.11151123046875
0.08480358123779297
0.07483744621276855
0.07189226150512695
0.14807534217834473
0.1530470848083496
0.3323066234588623
0.16036629676818848
0.17371368408203125
0.15699052810668945
0.15307831764221191
0.1604924201965332
0.18406105041503906
0.15387535095214844
0.18326830863952637
0.1488945484161377
0.17057156562805176
0.16341590881347656
0.13280725479125977
0.1427309513092041
0.20366525650024414
0.07300090789794922
0.1921548843383789
0.18752598762512207
0.17879152297973633
0.17532777786254883
0.15803170204162598
0.22519588470458984
0.19699954986572266
0.0621798038482666
0.1980149745941162
0.08007931709289551
0.10277390480041504
0.1995701789855957
0.09994363784790039
0.10674118995666504
0.09711885452270508
0.1027376651763916
0.23142385482788086
0.2251124382019043
0.08049392700195312
0.08511996269226074
0.10166382789611816
0.13715624809265137
0.12125706672668457
0.12032961845397949
0.16908597946166992
0.15792393684387207
0.11652183532714844
0.11747121810913086
0.18137860298156738
0.1793193817138672
0.1483449935913086
0.12437891960144043
0.1245565414428711
0.1323227882385254
0.24260210990905762
0.10283732414245605
0.1321861743927002
0.25896143913269043
0.1847679615020752
0.17583632469177246
0.15427827835083008
0.16109824180603027
0.16890311241149902
0.18993234634399414
0.1740407943725586
0.15819382667541504
0.20372772216796875
0.2346644401550293
0.23409605026245117
0.1707897186279297
0.20790672302246094
0.1264173984527588
0.16614270210266113
0.145646333694458
0.04715394973754883
0.21750831604003906
0.15129780769348145
0.18132448196411133
0.21787381172180176
0.1696910858154297
0.04381561279296875
0.18892598152160645
0.07356071472167969
0.25276708602905273
0.22501683235168457
0.25299572944641113
0.22761750221252441
0.26933932304382324
0.05511116981506348
0.05090188980102539
0.2966732978820801
0.07457804679870605
0.2833590507507324
0.23480701446533203
0.2395615577697754
0.08078885078430176
0.23039698600769043
0.08151793479919434
0.29013848304748535
0.30123281478881836
0.3251025676727295
0.06482195854187012
0.08029890060424805
0.2948639392852783
0.290358304977417
0.078643798828125
0.09066581726074219
0.08878827095031738
0.3281848430633545
0.06235766410827637
0.06043243408203125
0.05849742889404297
0.08807969093322754
0.12448740005493164
0.07298016548156738
0.10736656188964844
0.36673641204833984
0.33600640296936035
0.3573157787322998
0.3425154685974121
0.13326501846313477
0.10349774360656738
0.31188344955444336
0.08612561225891113
0.13489246368408203
0.11161231994628906
0.12692713737487793
0.13896417617797852
0.09293889999389648
0.12705206871032715
0.12780308723449707
0.14131617546081543
0.10536050796508789
0.13164329528808594
0.10674452781677246
0.10517096519470215
0.17161011695861816
0.04222273826599121
0.13653159141540527
0.1739799976348877
0.04363656044006348
0.12631011009216309
0.11492514610290527
0.14686346054077148
0.176893949508667
0.19956541061401367
0.1929488182067871
0.05643963813781738
0.14980602264404297
0.11972475051879883
0.14084482192993164
0.1730632781982422
0.20201683044433594
0.1436159610748291
0.15145301818847656
0.19289946556091309
0.22875499725341797
0.16839241981506348
0.1722245216369629
0.06291389465332031
0.06276106834411621
0.07400798797607422
0.05943131446838379
0.07423949241638184
0.06583929061889648
0.07141876220703125
0.09931230545043945
0.11296582221984863
0.1240694522857666
0.08669114112854004
0.08670830726623535
0.10111761093139648
0.06151294708251953
0.10891056060791016
0.15293598175048828
0.09997224807739258
0.15755081176757812
0.11712312698364258
0.13927721977233887
0.04434967041015625
0.14943575859069824
0.06887364387512207
0.19626879692077637
0.13347792625427246
0.12864375114440918
0.16108083724975586
0.13722777366638184
0.15035676956176758
0.1634068489074707
0.13257837295532227
0.18994975090026855
0.1774611473083496
0.18046998977661133
0.05318427085876465
0.10782289505004883
0.10134243965148926
0.11157584190368652
0.21916770935058594
0.07470488548278809
0.09250378608703613
0.04867696762084961
0.09782981872558594
0.09754371643066406
0.11814475059509277
0.19262123107910156
0.12125778198242188
0.10861063003540039
0.09800028800964355
0.108856201171875
0.29718708992004395
0.2924370765686035
0.10613131523132324
0.31986021995544434
0.33652734756469727
0.12542438507080078
0.24296975135803223
0.14927887916564941
0.18053674697875977
0.22260093688964844
0.04819202423095703
0.18367218971252441
0.05757856369018555
0.3306097984313965
0.20172667503356934
0.18915247917175293
0.21665310859680176
0.18217229843139648
0.20460820198059082
0.2095201015472412
0.19784069061279297
0.1396474838256836
0.077972412109375
0.08400654792785645
0.10346031188964844
0.11277222633361816
0.16455292701721191
0.08055901527404785
0.2504899501800537
0.11709928512573242
0.07183670997619629
0.07830929756164551
0.0846090316772461
0.08462381362915039
0.12177491188049316
0.14162826538085938
0.059182167053222656
0.052535295486450195
0.08418512344360352
0.09671783447265625
0.13422703742980957
0.1333482265472412
0.1297142505645752
0.11506128311157227
0.12688326835632324
0.07657265663146973
0.15343737602233887
0.06752943992614746
0.07964205741882324
0.12945079803466797
0.09799909591674805
0.11514401435852051
0.1245262622833252
0.11621427536010742
0.11819648742675781
0.15073466300964355
0.19396686553955078
0.11915373802185059
0.14033985137939453
0.04508256912231445
0.1728839874267578
0.16190266609191895
0.17225861549377441
0.14082026481628418
0.1410210132598877
0.15553975105285645
0.140671968460083
0.06449127197265625
0.07890129089355469
0.05958104133605957
0.25916099548339844
0.21877503395080566
0.09118866920471191
0.0579371452331543
0.06355881690979004
0.16191411018371582
0.23724746704101562
0.19568896293640137
0.20243310928344727
0.11765527725219727
0.207960844039917
0.24625802040100098
0.061689138412475586
0.22223901748657227
0.08666372299194336
0.07754802703857422
0.10918712615966797
0.08195304870605469
0.05191326141357422
0.09792041778564453
0.11743283271789551
0.2757694721221924
0.28519582748413086
0.3039681911468506
0.15926551818847656
0.09049725532531738
0.08942103385925293
0.06514978408813477
0.06780648231506348
0.10067343711853027
0.07247185707092285
0.10538530349731445
0.12803030014038086
0.11261749267578125
0.07429790496826172
0.06334257125854492
0.1014399528503418
0.11625194549560547
0.0661160945892334
0.19434809684753418
0.05858778953552246
0.16132164001464844
0.04837775230407715
0.06267428398132324
0.07953929901123047
0.059394121170043945
0.05238485336303711
0.19827556610107422
0.20212626457214355
0.16608929634094238
0.21021747589111328
0.05037641525268555
0.20866131782531738
0.19288420677185059
0.27625060081481934
0.08769726753234863
0.12167644500732422
0.0530242919921875
0.13288474082946777
0.14271783828735352
0.20178580284118652
0.16918396949768066
0.19766569137573242
0.3353910446166992
0.059070587158203125
0.5388708114624023
0.2712094783782959
0.3078041076660156
0.12907743453979492
0.31937408447265625
0.07544636726379395
0.31920886039733887
0.15314960479736328
0.19594335556030273
0.055396318435668945
0.24200987815856934
0.19035625457763672
0.15249967575073242
0.17880654335021973
0.2716093063354492
0.2217707633972168
0.12893891334533691
0.15861749649047852
0.14082074165344238
0.08710098266601562
0.13341212272644043
0.10426664352416992
0.15762853622436523
0.2612342834472656
0.04717564582824707
0.11191749572753906
0.14056611061096191
0.06624412536621094
0.1444406509399414
0.1469097137451172
0.0735175609588623
0.1480710506439209
0.07298421859741211
0.0856010913848877
0.08342909812927246
0.15310215950012207
0.3013758659362793
0.06907820701599121
0.14937305450439453
0.1653892993927002
0.1634521484375
0.14229393005371094
0.10593056678771973
0.2018566131591797
0.1944570541381836
0.1770918369293213
0.175368070602417
0.18747448921203613
0.13590621948242188
0.1245567798614502
0.12094378471374512
0.18773221969604492
0.16001462936401367
0.1398615837097168
0.2057952880859375
0.22542667388916016
0.15879416465759277
0.19535017013549805
0.22022366523742676
0.22295618057250977
0.21108722686767578
0.0740499496459961
0.0796654224395752
0.09469819068908691
0.1891918182373047
0.09012770652770996
0.07621431350708008
0.07597708702087402
0.0421142578125
0.24257588386535645
0.22394824028015137
0.0946650505065918
0.06515645980834961
0.21501803398132324
0.2533845901489258
0.15367341041564941
0.15286898612976074
0.08783626556396484
0.12720561027526855
0.06525802612304688
0.0847005844116211
0.0840909481048584
0.1596221923828125
0.16471028327941895
0.29854750633239746
0.06935381889343262
0.079345703125
0.1780400276184082
0.15618658065795898
0.2714533805847168
0.1576979160308838
0.037583112716674805
0.15702319145202637
0.09264397621154785
0.05939984321594238
0.06712555885314941
0.05194997787475586
0.06970334053039551
0.11950826644897461
0.0620269775390625
0.13432812690734863
0.12227296829223633
0.06105375289916992
0.12418818473815918
0.16147875785827637
0.12541604042053223
0.09975242614746094
0.062429189682006836
0.08840155601501465
0.09100127220153809
0.08450484275817871
0.1135404109954834
0.12094640731811523
0.11787724494934082
0.12094330787658691
0.13689208030700684
0.12732696533203125
0.05937504768371582
0.10569643974304199
0.14171314239501953
0.15889811515808105
0.14788031578063965
0.15618181228637695
0.12818098068237305
0.11625027656555176
0.13417863845825195
0.19061684608459473
0.13615107536315918
0.1363849639892578
0.1597886085510254
0.06398963928222656
0.17008233070373535
0.20455360412597656
0.19600820541381836
0.20157217979431152
0.1809251308441162
0.1912219524383545
0.06548428535461426
0.08998584747314453
0.18933701515197754
0.06688475608825684
0.09360980987548828
0.1047048568725586
0.0898590087890625
0.07344746589660645
0.06708002090454102
0.2204747200012207
0.18975234031677246
0.05661940574645996
0.10344886779785156
0.11485910415649414
0.08957481384277344
0.13262581825256348
0.08797001838684082
0.10732173919677734
0.05843997001647949
0.07602047920227051
0.17333626747131348
0.08320474624633789
0.12601494789123535
0.08489370346069336
0.09512090682983398
0.1578378677368164
0.14789152145385742
0.09177875518798828
0.1361844539642334
0.1088247299194336
0.14821481704711914
0.12224388122558594
0.13522887229919434
0.17653203010559082
0.14321565628051758
0.18716859817504883
0.16411995887756348
0.052742958068847656
0.15346240997314453
0.18202519416809082
0.17461133003234863
0.14000868797302246
0.1877908706665039
0.16236281394958496
0.04575681686401367
0.04961824417114258
0.2003624439239502
0.1923658847808838
0.1581249237060547
0.0719153881072998
0.18962430953979492
0.07611727714538574
0.1816389560699463
0.07403564453125
0.1815357208251953
0.22166919708251953
0.19494247436523438
0.09068059921264648
0.08508062362670898
0.08476424217224121
0.07756757736206055
0.07736563682556152
0.1120755672454834
0.08542084693908691
0.14572763442993164
0.13140344619750977
0.14529967308044434
0.1390535831451416
0.14444947242736816
0.11526608467102051
0.14480161666870117
0.16630291938781738
0.17330288887023926
0.15395212173461914
0.18936944007873535
0.15151572227478027
0.1993100643157959
0.19768476486206055
0.0642387866973877
0.17357349395751953
0.1809682846069336
0.05846428871154785
0.1695103645324707
0.16308045387268066
0.06806039810180664
0.22573041915893555
0.22144150733947754
0.19586682319641113
0.2337491512298584
0.1121826171875
0.22373247146606445
0.05100297927856445
0.22494244575500488
0.05956768989562988
0.11515164375305176
0.2237694263458252
0.12267303466796875
0.06189537048339844
0.25467801094055176
0.23575139045715332
0.10361337661743164
0.07121133804321289
0.14543509483337402
0.12680530548095703
0.05655932426452637
0.08432745933532715
0.07680535316467285
0.08798551559448242
0.10875201225280762
0.08013057708740234
0.07988953590393066
0.14140629768371582
0.1190328598022461
0.1344153881072998
0.12560391426086426
0.07784891128540039
0.14060306549072266
0.18143582344055176
0.13859081268310547
0.17218446731567383
0.19678688049316406
0.13809967041015625
0.14542794227600098
0.06398963928222656
0.17008233070373535
0.20455360412597656
0.19600820541381836
0.20157217979431152
0.17002630233764648
0.1447293758392334
0.06452560424804688
0.15355730056762695
0.1823735237121582
0.127699613571167
0.18432044982910156
0.1539769172668457
0.06687760353088379
0.20625567436218262
0.22571611404418945
0.19620966911315918
0.10079073905944824
0.07162070274353027
0.18806934356689453
0.05656123161315918
0.051384925842285156
0.2265479564666748
0.1698288917541504
0.10839962959289551
0.053632259368896484
0.08284664154052734
0.08935093879699707
0.20113348960876465
0.09959936141967773
0.05940556526184082
0.09725594520568848
0.10031533241271973
0.15414714813232422
0.137861967086792
0.13657903671264648
0.17415118217468262
0.08245372772216797
0.18955254554748535
0.14742159843444824
0.14043855667114258
0.1598818302154541
0.1342449188232422
0.18365240097045898
0.04377555847167969
0.08005380630493164
0.1546165943145752
0.2128145694732666
0.16704201698303223
0.18831229209899902
0.1988675594329834
0.1789536476135254
0.19804811477661133
0.17748713493347168
0.1878643035888672
0.050916194915771484
0.1968975067138672
0.22845745086669922
0.20942115783691406
0.19418621063232422
0.056118011474609375
0.19762206077575684
0.21585822105407715
0.15207409858703613
0.24597954750061035
0.07903337478637695
0.07040214538574219
0.09683680534362793
0.22605085372924805
0.2589125633239746
0.07878375053405762
0.09516668319702148
0.10430145263671875
0.11194324493408203
0.10212850570678711
0.0976705551147461
0.09062528610229492
0.08933067321777344
0.10271978378295898
0.10629820823669434
0.10007810592651367
0.0852651596069336
0.11811089515686035
0.11710858345031738
0.10602831840515137
0.11517596244812012
0.12958574295043945
0.12795138359069824
0.13512277603149414
0.10014057159423828
0.11129164695739746
0.08816957473754883
0.043791770935058594
0.06815862655639648
0.04965996742248535
0.12105631828308105
0.1295173168182373
0.11122441291809082
0.08960628509521484
0.1086571216583252
0.1370539665222168
0.13546228408813477
0.14612722396850586
0.14128804206848145
0.12685775756835938
0.07770681381225586
0.12456560134887695
0.13074254989624023
0.1822054386138916
0.2084650993347168
0.20060253143310547
0.10666584968566895
0.07911968231201172
0.07106900215148926
0.07703137397766113
0.11978626251220703
0.18618345260620117
0.08495807647705078
0.06821465492248535
0.06447744369506836
0.09680485725402832
0.0653383731842041
0.09684205055236816
0.10739374160766602
0.0687093734741211
0.07965779304504395
0.13541316986083984
0.09780025482177734
0.062338829040527344
0.10725092887878418
0.09127020835876465
0.11977720260620117
0.12509441375732422
0.08439350128173828
0.08952212333679199
0.09623336791992188
0.07770299911499023
0.12507057189941406
0.10521411895751953
0.09876632690429688
0.09560108184814453
0.1022942066192627
0.14813971519470215
0.09759664535522461
0.10961389541625977
0.08706951141357422
0.16615009307861328
0.1420292854309082
0.17409181594848633
0.07608485221862793
0.1398627758026123
0.14485621452331543
0.14014887809753418
0.06556868553161621
0.13282275199890137
0.06460738182067871
0.11649656295776367
0.11322283744812012
0.07255887985229492
0.15590667724609375
0.09113240242004395
0.08660697937011719
0.07471609115600586
0.08946657180786133
0.0818336009979248
0.11108207702636719
0.06555771827697754
0.25872111320495605
0.133589506149292
0.10095906257629395
0.13016295433044434
0.14520740509033203
0.12918829917907715
0.13540220260620117
0.19532489776611328
0.1667957305908203
0.17475605010986328
0.08718252182006836
0.17855191230773926
0.19162917137145996
0.14609336853027344
0.07730984687805176
0.1361560821533203
0.1548314094543457
0.16371726989746094
0.16283369064331055
0.15646839141845703
0.19641518592834473
0.15922021865844727
0.1862201690673828
0.21864080429077148
0.10432696342468262
0.1866457462310791
0.22052597999572754
0.21375823020935059
0.09370613098144531
0.20133495330810547
0.11845660209655762
0.13368749618530273
0.11319208145141602
0.14009594917297363
0.2703275680541992
0.25162458419799805
0.1390371322631836
0.14687132835388184
0.15709877014160156
0.175612211227417
0.11529302597045898
0.21982765197753906
0.13315176963806152
0.06097292900085449
0.15930390357971191
0.17102885246276855
0.13604736328125
0.11423611640930176
0.17056822776794434
0.18232488632202148
0.19533634185791016
0.1879127025604248
0.15485930442810059
0.1985340118408203
0.03699088096618652
0.14922595024108887
0.19035840034484863
0.2001967430114746
0.16783547401428223
0.18083405494689941
0.0631875991821289
0.14310789108276367
0.14708757400512695
0.19076085090637207
0.11719775199890137
0.22429418563842773
0.0704503059387207
0.24508357048034668
0.0842742919921875
0.20350027084350586
0.08547639846801758
0.15155744552612305
0.13164901733398438
0.15158390998840332
0.15483474731445312
0.12918949127197266
0.12066912651062012
0.11586689949035645
0.15916776657104492
0.13816237449645996
0.17023444175720215
0.18432188034057617
0.13615727424621582
0.183974027633667
0.14334988594055176
0.1380932331085205
0.15465402603149414
0.19165587425231934
0.2108762264251709
0.04623007774353027
0.15297150611877441
0.15071916580200195
0.1923222541809082
0.16171002388000488
0.20249247550964355
0.18795275688171387
0.2084789276123047
0.20106124877929688
0.06133627891540527
0.07818078994750977
0.09985160827636719
0.2678494453430176
0.27925562858581543
0.2705221176147461
0.15967369079589844
0.16540312767028809
0.14408183097839355
0.11427688598632812
0.13502097129821777
0.13049578666687012
0.126084566116333
0.14803075790405273
0.17631745338439941
0.1314375400543213
0.175537109375
0.14335227012634277
0.15215325355529785
0.12897586822509766
0.14555954933166504
0.05010032653808594
0.049250125885009766
0.1826167106628418
0.18326449394226074
0.14619231224060059
0.13647866249084473
0.14361333847045898
0.20942282676696777
0.16709637641906738
0.08178257942199707
0.18774151802062988
0.1768488883972168
0.21073698997497559
0.07328271865844727
0.1200418472290039
0.08359694480895996
0.08826708793640137
0.18535852432250977
0.08129000663757324
0.0937962532043457
0.0790708065032959
0.09615492820739746
0.0650789737701416
0.07965230941772461
0.11262869834899902
0.16970467567443848
0.1797022819519043
0.138380765914917
0.046680450439453125
0.1950697898864746
0.15769386291503906
0.2005939483642578
0.18125605583190918
0.23520493507385254
0.1921379566192627
0.2538948059082031
0.06078648567199707
0.08879590034484863
0.04528522491455078
0.0641474723815918
0.0450739860534668
0.21196722984313965
0.23505306243896484
0.19934487342834473
0.18632721900939941
0.2423696517944336
0.059018611907958984
0.26328444480895996
0.22089314460754395
0.25420689582824707
0.214125394821167
0.26677465438842773
0.22230076789855957
0.23364043235778809
0.13926291465759277
0.27851176261901855
0.26326870918273926
0.24538207054138184
0.1551356315612793
0.31311464309692383
0.08364319801330566
0.12207341194152832
0.14871573448181152
0.14651155471801758
0.0982358455657959
0.1728048324584961
0.1168510913848877
0.16196608543395996
0.15877747535705566
0.0686182975769043
0.037660837173461914
0.13598275184631348
0.04952049255371094
0.19848966598510742
0.2100083827972412
0.1762371063232422
0.1498427391052246
0.23997068405151367
0.17600107192993164
0.19341349601745605
0.21816444396972656
0.21712994575500488
0.17806673049926758
0.04213380813598633
0.17278814315795898
0.182267427444458
0.20293426513671875
0.24279332160949707
0.22745299339294434
0.20579767227172852
0.20947837829589844
0.1787710189819336
0.20717382431030273
0.22493743896484375
0.08506989479064941
0.22181320190429688
0.09829258918762207
0.0799713134765625
0.09808206558227539
0.07035493850708008
0.0769038200378418
0.09889626502990723
0.17350077629089355
0.06944918632507324
0.10238122940063477
0.05390286445617676
0.12301063537597656
0.12252688407897949
0.11289811134338379
0.14426350593566895
0.03192448616027832
0.1437397003173828
0.15778899192810059
0.15348172187805176
0.17506098747253418
0.056999921798706055
0.13965058326721191
0.13615965843200684
0.12321710586547852
0.14552664756774902
0.16787123680114746
0.15362048149108887
0.16970443725585938
0.16072845458984375
0.18042230606079102
0.09023332595825195
0.08983302116394043
0.13585615158081055
0.08772397041320801
0.2076888084411621
0.14185118675231934
0.07709717750549316
0.1537950038909912
0.19592642784118652
0.16682672500610352
0.3057129383087158
0.09861350059509277
0.22642827033996582
0.10146403312683105
0.09910321235656738
0.10550355911254883
0.12025070190429688
0.10009932518005371
0.1355891227722168
0.09259724617004395
0.1129450798034668
0.062442779541015625
0.15390610694885254
0.14981627464294434
0.1511240005493164
0.15651679039001465
0.17829179763793945
0.1789531707763672
0.17455673217773438
0.18174171447753906
0.15118098258972168
0.11466622352600098
0.15370941162109375
0.12958192825317383
0.13554096221923828
0.1288619041442871
0.15861964225769043
0.04114675521850586
0.18637752532958984
0.16446352005004883
0.08375406265258789
0.07641005516052246
0.2005777359008789
0.06620121002197266
0.08702278137207031
0.0929560661315918
0.15723419189453125
0.19595623016357422
0.17057490348815918
0.23168182373046875
0.19594836235046387
0.2569401264190674
0.22832441329956055
0.21538949012756348
0.237290620803833
0.22261548042297363
0.2578005790710449
0.14882993698120117
0.10128998756408691
0.12067246437072754
0.10667753219604492
0.13826870918273926
0.11766242980957031
0.11431574821472168
0.18035387992858887
0.172806978225708
0.13719749450683594
0.13326001167297363
0.1529233455657959
0.16264677047729492
0.19986391067504883
0.044817209243774414
0.15250015258789062
0.2032756805419922
0.17880773544311523
0.14490985870361328
0.153794527053833
0.21537566184997559
0.1869189739227295
0.1874711513519287
0.18314552307128906
0.06495165824890137
0.24125957489013672
0.22548770904541016
0.07421398162841797
0.24570941925048828
0.10454821586608887
0.2248525619506836
0.06481504440307617
0.22522664070129395
0.24414730072021484
0.2066938877105713
0.07693958282470703
0.09204435348510742
0.09906005859375
0.12423253059387207
0.11956930160522461
0.12667417526245117
0.1279759407043457
0.14069581031799316
0.14119410514831543
0.13092994689941406
0.15041470527648926
0.07875490188598633
0.10441350936889648
0.12367129325866699
0.13029122352600098
0.12633180618286133
0.14545845985412598
0.15375781059265137
0.13948965072631836
0.1711287498474121
0.14716601371765137
0.1630861759185791
0.07403230667114258
0.10960626602172852
0.25211620330810547
0.10959839820861816
0.2558267116546631
0.10347867012023926
0.08764028549194336
0.23791885375976562
0.2557716369628906
0.19955158233642578
0.10652732849121094
0.23902106285095215
0.20984888076782227
0.10557794570922852
0.08252263069152832
0.14292025566101074
0.10480499267578125
0.24332141876220703
0.23245620727539062
0.1470482349395752
0.11916208267211914
0.14658665657043457
0.10303401947021484
0.16205453872680664
0.06464529037475586
0.2855525016784668
0.17952823638916016
0.0907297134399414
0.2660086154937744
0.1349184513092041
0.130448579788208
0.09254240989685059
0.13234162330627441
0.08767437934875488
0.1090545654296875
0.1107335090637207
0.12805485725402832
0.05595731735229492
0.20269131660461426
0.1925809383392334
0.1561720371246338
0.1981186866760254
0.3390789031982422
0.1751391887664795
0.16083979606628418
0.17676234245300293
0.17069315910339355
0.23795080184936523
0.15669584274291992
0.08871054649353027
0.04806232452392578
0.05074262619018555
0.0763254165649414
0.30286645889282227
0.28873419761657715
0.28897833824157715
0.2794511318206787
0.23807978630065918
0.09452342987060547
0.2611532211303711
0.08335375785827637
0.28911709785461426
0.2708594799041748
0.25544285774230957
0.30477070808410645
0.2710120677947998
0.3044247627258301
0.3208951950073242
0.3341867923736572
0.2618083953857422
0.1255788803100586
0.3058936595916748
0.10893130302429199
0.13586688041687012
0.13555622100830078
0.059266090393066406
0.13640642166137695
0.1298840045928955
0.11444997787475586
0.1386275291442871
0.13686132431030273
0.15439677238464355
0.3282434940338135
0.08446645736694336
0.1004328727722168
0.08902597427368164
0.08539295196533203
0.0899515151977539
0.058884620666503906
0.16090035438537598
0.13593077659606934
0.14263272285461426
0.11177778244018555
0.13493061065673828
0.1548159122467041
0.11444520950317383
0.11982083320617676
0.1603560447692871
0.16013741493225098
0.17957186698913574
0.16037464141845703
0.18699073791503906
0.19687175750732422
0.1650853157043457
0.1280200481414795
0.17388367652893066
0.07123374938964844
0.06292986869812012
0.05767083168029785
0.1611330509185791
0.04481840133666992
0.06527233123779297
0.16730570793151855
0.186676025390625
0.1910247802734375
0.18893098831176758
0.058759450912475586
0.09401488304138184
0.15351581573486328
0.24498534202575684
0.22153258323669434
0.10658669471740723
0.1971287727355957
0.05058002471923828
0.25388264656066895
0.09259271621704102
0.22115278244018555
0.20384454727172852
0.2447512149810791
0.14425969123840332
0.11780643463134766
0.09998321533203125
0.09699892997741699
0.1165931224822998
0.07686209678649902
0.07634210586547852
0.07323884963989258
0.12241315841674805
0.10740256309509277
0.09892439842224121
0.13191008567810059
0.10610675811767578
0.09832215309143066
0.12326645851135254
0.10998106002807617
0.08623766899108887
0.10164022445678711
0.14092230796813965
0.11832714080810547
0.10409951210021973
0.1300048828125
0.10805511474609375
0.14458656311035156
0.12803435325622559
0.10706138610839844
0.14169001579284668
0.08554506301879883
0.09432220458984375
0.16223812103271484
0.09562134742736816
0.07987713813781738
0.17648911476135254
0.14043807983398438
0.12808847427368164
0.19951844215393066
0.1292564868927002
0.06585502624511719
0.07133769989013672
0.18707275390625
0.039220333099365234
0.05488729476928711
0.06933093070983887
0.1935715675354004
0.18734169006347656
0.1694951057434082
0.14294743537902832
0.07488107681274414
0.17966032028198242
0.07728052139282227
0.19820237159729004
0.19233059883117676
0.14621806144714355
0.14319753646850586
0.19664311408996582
0.10508871078491211
0.13602733612060547
0.12801098823547363
0.18735003471374512
0.1634204387664795
0.11454629898071289
0.19582080841064453
0.11282134056091309
0.16102957725524902
0.15058469772338867
0.1424105167388916
0.17507219314575195
0.1420748233795166
0.17251086235046387
0.05312919616699219
0.04621601104736328
0.08376193046569824
0.29399776458740234
0.200714111328125
0.21636724472045898
0.23021554946899414
0.21610331535339355
0.2592048645019531
0.2716529369354248
0.25900697708129883
0.18072962760925293
0.1910262107849121
0.24396777153015137
0.2852487564086914
0.09727978706359863
0.27567124366760254
0.25795507431030273
0.11956548690795898
0.11129546165466309
0.07205986976623535
0.11820125579833984
0.12709856033325195
0.11355042457580566
0.10420536994934082
0.33271265029907227
0.3201148509979248
0.16353130340576172
0.3187716007232666
0.07836389541625977
0.15734434127807617
0.3483700752258301
0.23305583000183105
0.09348106384277344
0.09768009185791016
0.10488295555114746
0.17533445358276367
0.1376171112060547
0.17713689804077148
0.12424874305725098
0.09064221382141113
0.1676018238067627
0.1430509090423584
0.10841012001037598
0.126816987991333
0.18669581413269043
0.16417813301086426
0.20899534225463867
0.16565799713134766
0.14294147491455078
0.14263916015625
0.2234182357788086
0.19541716575622559
0.1624317169189453
0.05045652389526367
0.20426726341247559
0.18819451332092285
0.20070409774780273
0.06394100189208984
0.22286748886108398
0.2093033790588379
0.17644739151000977
0.23815298080444336
0.195418119430542
0.07460522651672363
0.06496310234069824
0.21456432342529297
0.19103741645812988
0.08090734481811523
0.25893592834472656
0.11866307258605957
0.12912917137145996
0.10010552406311035
0.1810154914855957
0.164717435836792
0.05446314811706543
0.18280816078186035
0.1737382411956787
0.1851809024810791
0.15585112571716309
0.1608731746673584
0.15447711944580078
0.13282299041748047
0.16837859153747559
0.16465044021606445
0.20460033416748047
0.17298126220703125
0.16275334358215332
0.15308856964111328
0.21126008033752441
0.19480180740356445
0.050795555114746094
0.16457629203796387
0.23635029792785645
0.16707563400268555
0.17484784126281738
0.08039093017578125
0.12628793716430664
0.2203209400177002
0.08285355567932129
0.10768270492553711
0.07108139991760254
0.22269725799560547
0.24297857284545898
0.21409893035888672
0.24090981483459473
0.21314477920532227
0.1007080078125
0.07818961143493652
0.18782925605773926
0.165940523147583
0.16467785835266113
0.1865992546081543
0.14422988891601562
0.1926133632659912
0.16178226470947266
0.21115946769714355
0.22995662689208984
0.17716002464294434
0.1689136028289795
0.1689925193786621
0.15692639350891113
0.25088071823120117
0.2282261848449707
0.2628512382507324
0.19741153717041016
0.08131027221679688
0.20547175407409668
0.08882737159729004
0.26206183433532715
0.23215556144714355
0.09088277816772461
0.22902488708496094
0.2670571804046631
0.25584864616394043
0.2300434112548828
0.24483227729797363
0.24486494064331055
0.29042863845825195
0.27971959114074707
0.09384703636169434
0.19686436653137207
0.2655954360961914
0.10089349746704102
0.11555314064025879
0.09036445617675781
0.14858484268188477
0.10047507286071777
0.17872405052185059
0.18461012840270996
0.14988017082214355
0.1680746078491211
0.2095797061920166
0.17965269088745117
0.1271817684173584
0.06785106658935547
0.19119906425476074
0.14976143836975098
0.20394563674926758
0.19181561470031738
0.15911102294921875
0.2405714988708496
0.07767391204833984
0.2540290355682373
0.18824195861816406
0.25221753120422363
0.21285796165466309
0.2071549892425537
0.07442402839660645
0.08677482604980469
0.07037663459777832
0.22893667221069336
0.10156965255737305
0.17209362983703613
0.24367213249206543
0.21605229377746582
0.08809828758239746
0.07888054847717285
0.0811469554901123
0.10640215873718262
0.07777094841003418
0.10442829132080078
0.2897951602935791
0.30884480476379395
0.3210291862487793
0.33979153633117676
0.27825474739074707
0.1274561882019043
0.08577895164489746
0.0780179500579834
0.13926267623901367
0.11749601364135742
0.13613510131835938
0.12884521484375
0.050611019134521484
0.1364436149597168
0.06019306182861328
0.09008240699768066
0.09020423889160156
0.16558170318603516
0.1276705265045166
0.1903057098388672
0.05666995048522949
0.15656661987304688
0.15256166458129883
0.09178757667541504
0.08848929405212402
0.07459855079650879
0.0628654956817627
0.12123799324035645
0.15630817413330078
0.16372919082641602
0.2094097137451172
0.09634160995483398
0.1377863883972168
0.2081606388092041
0.16038131713867188
0.18697476387023926
0.1612529754638672
0.18356895446777344
0.10639262199401855
0.0929722785949707
0.12239408493041992
0.09426093101501465
0.14756369590759277
0.13807439804077148
0.1760261058807373
0.16980624198913574
0.13381361961364746
0.1144261360168457
0.18485116958618164
0.12426328659057617
0.13972830772399902
0.1578669548034668
0.17789530754089355
0.2229325771331787
0.16234421730041504
0.153489351272583
0.15017151832580566
0.18353009223937988
0.08280491828918457
0.09357261657714844
0.1014261245727539
0.09225893020629883
0.2249906063079834
0.22375035285949707
0.25335240364074707
0.19665956497192383
0.22560906410217285
0.29765772819519043
0.26244020462036133
0.2827920913696289
0.27756762504577637
0.3149869441986084
0.1278982162475586
0.14067864418029785
0.10157012939453125
0.09807896614074707
0.1252889633178711
0.1520681381225586
0.0550539493560791
0.16472172737121582
0.06670260429382324
0.042768239974975586
0.15399599075317383
0.05400514602661133
0.1477046012878418
0.19728636741638184
0.17647004127502441
0.1417686939239502
0.17402148246765137
0.1601707935333252
0.06219005584716797
0.16150403022766113
0.16802573204040527
0.18180394172668457
0.1433727741241455
0.09118342399597168
0.15134596824645996
0.14330172538757324
0.08538627624511719
0.1715238094329834
0.28568387031555176
0.07648801803588867
0.25298452377319336
0.11689543724060059
0.2501950263977051
0.13426589965820312
0.13847970962524414
0.07219815254211426
0.0919194221496582
0.14663481712341309
0.07612061500549316
0.08833146095275879
0.08193182945251465
0.061717987060546875
0.07606172561645508
0.0712733268737793
0.10938382148742676
0.09377646446228027
0.05935168266296387
0.07032489776611328
0.15714550018310547
0.09102082252502441
0.1468961238861084
0.1325979232788086
0.10655570030212402
0.10248613357543945
0.10893535614013672
0.18546628952026367
0.1187276840209961
0.10447883605957031
0.18683934211730957
0.15498781204223633
0.09765863418579102
0.16698288917541504
0.1354513168334961
0.047975778579711914
0.1283125877380371
0.04719805717468262
0.13869619369506836
0.14739227294921875
0.1631021499633789
0.1517345905303955
0.08876967430114746
0.10772824287414551
0.07470846176147461
0.09816360473632812
0.10642504692077637
0.2228085994720459
0.23903775215148926
0.19354009628295898
0.24137282371520996
0.18403315544128418
0.11628198623657227
0.17047905921936035
0.12263035774230957
0.1518709659576416
0.31332993507385254
0.07584095001220703
0.16562533378601074
0.1430222988128662
0.19839930534362793
0.10243391990661621
0.14834117889404297
0.15615010261535645
0.1727313995361328
0.18783211708068848
0.21713829040527344
0.07640933990478516
0.0855250358581543
0.16278362274169922
0.23979973793029785
0.0857551097869873
0.22897624969482422
0.21282696723937988
0.05283379554748535
0.12270593643188477
0.05000138282775879
0.22412657737731934
0.12625360488891602
0.06658339500427246
0.30679965019226074
0.1738886833190918
0.33132410049438477
0.14783024787902832
0.18234825134277344
0.16038990020751953
0.16834664344787598
0.13318109512329102
0.09702587127685547
0.17573952674865723
0.14136743545532227
0.10546636581420898
0.17222356796264648
0.1173241138458252
0.1233515739440918
0.12195730209350586
0.13861727714538574
0.14043974876403809
0.10304045677185059
0.1502857208251953
0.1801304817199707
0.1580796241760254
0.17666292190551758
0.14258956909179688
0.12981534004211426
0.15984368324279785
0.0606846809387207
0.21658658981323242
0.046157121658325195
0.19424009323120117
0.13666105270385742
0.11839556694030762
0.14846229553222656
0.1458740234375
0.16186237335205078
0.13025164604187012
0.05336713790893555
0.23186373710632324
0.09213781356811523
0.12105703353881836
0.06774497032165527
0.18224644660949707
0.21956682205200195
0.18359136581420898
0.16378283500671387
0.2031700611114502
0.19410276412963867
0.27171921730041504
0.16753554344177246
0.08843350410461426
0.10276675224304199
0.10217070579528809
0.0791473388671875
0.10461211204528809
0.06749081611633301
0.07193446159362793
0.08450961112976074
0.09992074966430664
0.10332465171813965
0.1049199104309082
0.07711529731750488
0.10149002075195312
0.08297204971313477
0.08403420448303223
0.07010674476623535
0.06529641151428223
0.0715172290802002
0.04417896270751953
0.16284441947937012
0.15465307235717773
0.17388510704040527
0.16132640838623047
0.07616782188415527
0.16470623016357422
0.22038865089416504
0.10828328132629395
0.15541934967041016
0.06966543197631836
0.1814732551574707
0.1615278720855713
0.15723967552185059
0.16893720626831055
0.16391611099243164
0.19554471969604492
0.15519118309020996
0.09139704704284668
0.06736326217651367
0.10642433166503906
0.19629621505737305
0.0980076789855957
0.14184927940368652
0.1681807041168213
0.07529020309448242
0.1077127456665039
0.1196739673614502
0.1056976318359375
0.0928504467010498
0.30654096603393555
0.08200693130493164
0.11067605018615723
0.12636518478393555
0.108734130859375
0.14458012580871582
0.10313916206359863
0.16642332077026367
0.11037278175354004
0.16444993019104004
0.1496138572692871
0.14970922470092773
0.17450189590454102
0.17154860496520996
0.1545398235321045
0.11087965965270996
0.13469529151916504
0.17575931549072266
0.1481161117553711
0.12958168983459473
0.14882349967956543
0.08081364631652832
0.17292141914367676
0.16797542572021484
0.14559292793273926
0.2036752700805664
0.157179594039917
0.22678327560424805
0.19536876678466797
0.12874126434326172
0.19656705856323242
0.09443879127502441
0.09435415267944336
0.18378782272338867
0.1811206340789795
0.10640096664428711
0.11363649368286133
0.1179955005645752
0.07157540321350098
0.14604592323303223
0.1220402717590332
0.08299922943115234
0.09277224540710449
0.0925896167755127
0.09216570854187012
0.2541048526763916
0.05519866943359375
0.11071586608886719
0.08525252342224121
0.08512043952941895
0.08886456489562988
0.09404206275939941
0.05576658248901367
0.044405460357666016
0.043888092041015625
0.06475067138671875
0.13529229164123535
0.15994524955749512
0.18851041793823242
0.17630624771118164
0.2184467315673828
0.1588437557220459
0.09684085845947266
0.17119574546813965
0.18627405166625977
0.18619203567504883
0.19369220733642578
0.2522239685058594
0.22904539108276367
0.22690629959106445
0.19784927368164062
0.049533843994140625
0.23034167289733887
0.24913501739501953
0.1965928077697754
0.23468565940856934
0.07129907608032227
0.2729933261871338
0.13635945320129395
0.2676222324371338
0.26446962356567383
0.09224057197570801
0.09110331535339355
0.3077678680419922
0.06977438926696777
0.29586362838745117
0.12993979454040527
0.10928130149841309
0.1535196304321289
0.13915514945983887
0.09889078140258789
0.17187142372131348
0.11862540245056152
0.13956308364868164
0.08455491065979004
0.17040157318115234
0.1558685302734375
0.15491223335266113
0.18700194358825684
0.13897132873535156
0.17219138145446777
0.11455488204956055
0.11924505233764648
0.13887691497802734
0.04861950874328613
0.15778398513793945
0.197373628616333
0.20184564590454102
0.055966854095458984
0.1645827293395996
0.15520787239074707
0.12894821166992188
0.3552982807159424
0.19205760955810547
0.09831523895263672
0.18458199501037598
0.1953725814819336
0.08045268058776855
0.08309364318847656
0.18151450157165527
0.09759259223937988
0.16524267196655273
0.11945343017578125
0.1075735092163086
0.48845887184143066
0.14989900588989258
0.11316490173339844
0.16009092330932617
0.14737844467163086
0.3452150821685791
0.16968035697937012
0.13775420188903809
0.16003108024597168
0.13573241233825684
0.17800307273864746
0.1440296173095703
0.04986143112182617
0.16234683990478516
0.15442848205566406
0.18423247337341309
0.19173455238342285
0.20593571662902832
0.1408977508544922
0.21817541122436523
0.21642470359802246
0.2102062702178955
0.07216668128967285
0.1458437442779541
0.15471553802490234
0.07582473754882812
0.2178812026977539
0.17740297317504883
0.10474085807800293
0.07442212104797363
0.17197322845458984
0.07285213470458984
0.09614253044128418
0.18518376350402832
0.1788041591644287
0.07821369171142578
0.22526836395263672
0.23035526275634766
0.08356046676635742
0.09096670150756836
0.08582663536071777
0.07509803771972656
0.2853844165802002
0.08285903930664062
0.0926668643951416
0.13045334815979004
0.14098262786865234
0.1419072151184082
0.14899873733520508
0.15007996559143066
0.16490626335144043
0.12482452392578125
0.14246630668640137
0.12317276000976562
0.13229703903198242
0.19726109504699707
0.1686725616455078
0.15913057327270508
0.21091461181640625
0.09534525871276855
0.18232417106628418
0.21033906936645508
0.21055126190185547
0.1992342472076416
0.16681265830993652
0.0731201171875
0.17979836463928223
0.22339773178100586
0.2573812007904053
0.23151421546936035
0.07464361190795898
0.21767067909240723
0.1915299892425537
0.1842188835144043
0.21484684944152832
0.1861867904663086
0.09335875511169434
0.20823073387145996
0.2274913787841797
0.08447003364562988
0.10520339012145996
0.0686194896697998
0.05704307556152344
0.10358858108520508
0.1258101463317871
0.1187138557434082
0.14473938941955566
0.0995025634765625
0.1040494441986084
0.17463016510009766
0.15091705322265625
0.17794466018676758
0.14457201957702637
0.20488762855529785
0.058361053466796875
0.07065677642822266
0.07192754745483398
0.06520748138427734
0.06292271614074707
0.20139622688293457
0.05072140693664551
0.12253975868225098
0.09757351875305176
0.09772562980651855
0.28766322135925293
0.08231973648071289
0.04813098907470703
0.08294296264648438
0.03852725028991699
0.20794177055358887
0.6823756694793701
0.5502719879150391
0.7181806564331055
0.5972216129302979
0.5907671451568604
0.6074700355529785
0.8030247688293457
0.7903001308441162
0.7359445095062256
0.46925878524780273
0.7530765533447266
0.23648381233215332
0.6548373699188232
0.7982921600341797
0.08681178092956543
0.4865689277648926
0.5910143852233887
0.653533935546875
0.8027174472808838
0.7666938304901123
0.8101933002471924
0.7984991073608398
0.7771666049957275
0.6029706001281738
0.5542755126953125
0.1257009506225586
0.6148734092712402
0.8457331657409668
0.7936117649078369
0.12552809715270996
0.4159872531890869
0.08821558952331543
0.5522110462188721
0.07953476905822754
0.7978532314300537
0.07265448570251465
0.11862325668334961
0.13308095932006836
0.11441469192504883
0.08612942695617676
0.14732789993286133
0.1019296646118164
0.1382455825805664
0.1091468334197998
0.14128708839416504
0.1330270767211914
0.11943650245666504
0.11012935638427734
0.17446136474609375
0.055959463119506836
0.09156656265258789
0.22557353973388672
0.21159744262695312
0.09313082695007324
0.25641345977783203
0.19221210479736328
0.1871798038482666
0.19014906883239746
0.3409080505371094
0.2590925693511963
0.20689988136291504
0.13566827774047852
0.25919151306152344
0.1143338680267334
0.2620820999145508
0.04379391670227051
0.14650988578796387
0.053569793701171875
0.1358640193939209
0.1335289478302002
0.12900805473327637
0.14873576164245605
0.2702968120574951
0.2991518974304199
0.2704048156738281
0.3405897617340088
0.14627289772033691
0.1971883773803711
0.15913915634155273
0.09441924095153809
0.30217719078063965
0.09160137176513672
0.18023133277893066
0.09408354759216309
0.17914438247680664
0.10377264022827148
0.1245110034942627
0.1212456226348877
0.13777995109558105
0.16082191467285156
0.052762508392333984
0.10860371589660645
0.1642308235168457
0.13286399841308594
0.17959308624267578
0.1355605125427246
0.17693042755126953
0.10980391502380371
0.20914936065673828
0.16338181495666504
0.19285964965820312
0.20621848106384277
0.13115596771240234
0.1637101173400879
0.2245490550994873
0.17017745971679688
0.17597031593322754
0.20131731033325195
0.19950151443481445
0.18361663818359375
0.21242761611938477
0.17378020286560059
0.2605602741241455
0.23182439804077148
0.20935463905334473
0.2582509517669678
0.09893941879272461
0.0768895149230957
0.08572602272033691
0.08508133888244629
0.08369302749633789
0.09701967239379883
0.09514117240905762
0.07753801345825195
0.06232571601867676
0.21575498580932617
0.07648396492004395
0.06853151321411133
0.09968948364257812
0.10408568382263184
0.12610745429992676
0.07935547828674316
0.09734892845153809
0.12120437622070312
0.09130477905273438
0.12258124351501465
0.07813405990600586
0.1472318172454834
0.12530517578125
0.13993215560913086
0.08653378486633301
0.08435750007629395
0.11380290985107422
0.14431452751159668
0.12027263641357422
0.1567986011505127
0.15373468399047852
0.12119483947753906
0.15027928352355957
0.1588270664215088
0.073577880859375
0.14741921424865723
0.17016887664794922
0.19214844703674316
0.16128873825073242
0.12140226364135742
0.1874384880065918
0.20872211456298828
0.1867215633392334
0.18084502220153809
0.16987252235412598
0.09320545196533203
0.07015848159790039
0.07889127731323242
0.20522356033325195
0.22351622581481934
0.09478044509887695
0.07752203941345215
0.21200919151306152
0.18731236457824707
0.0919182300567627
0.239180326461792
0.12469053268432617
0.08646821975708008
0.10378432273864746
0.13813447952270508
0.17294549942016602
0.1031351089477539
0.12087798118591309
0.10344958305358887
0.17339777946472168
0.18216681480407715
0.1078948974609375
0.18586492538452148
0.13513398170471191
0.17267918586730957
0.15092182159423828
0.13744068145751953
0.18776512145996094
0.17111659049987793
0.05677294731140137
0.139984130859375
0.23701882362365723
0.21236515045166016
0.23696041107177734
0.17637252807617188
0.20890593528747559
0.22278165817260742
0.22704648971557617
0.2078080177307129
0.21693778038024902
0.19092893600463867
0.11073851585388184
0.14021062850952148
0.2864818572998047
0.1283116340637207
0.07235074043273926
0.13571739196777344
0.12688946723937988
0.16333913803100586
0.11986184120178223
0.1402430534362793
0.13904905319213867
0.18196606636047363
0.11908221244812012
0.153916597366333
0.19380831718444824
0.1645205020904541
0.11015820503234863
0.1801309585571289
0.11730122566223145
0.19489264488220215
0.16172194480895996
0.15009593963623047
0.0845041275024414
0.08482885360717773
0.14391613006591797
0.14440584182739258
0.21727848052978516
0.16839170455932617
0.2202913761138916
0.17530608177185059
0.09130382537841797
0.16300582885742188
0.09186339378356934
0.1381847858428955
0.22513890266418457
0.12894010543823242
0.10158872604370117
0.11765432357788086
0.1420600414276123
0.12846755981445312
0.16431379318237305
0.12911581993103027
0.11493396759033203
0.09223103523254395
0.18849992752075195
0.17778277397155762
0.13254213333129883
0.12967944145202637
0.16364479064941406
0.11880779266357422
0.18365907669067383
0.1264481544494629
0.1665806770324707
0.05304241180419922
0.21470284461975098
0.14961743354797363
0.14868664741516113
0.05088663101196289
0.20069384574890137
0.17684507369995117
0.2133786678314209
0.07060408592224121
0.18522381782531738
0.0932011604309082
0.2234799861907959
0.21492767333984375
0.2537558078765869
0.28151822090148926
0.26317572593688965
0.10508322715759277
0.22559905052185059
0.1637864112854004
0.1461184024810791
0.12453842163085938
0.12050247192382812
0.11631321907043457
0.1069023609161377
0.09905147552490234
0.1464405059814453
0.10978960990905762
0.11005139350891113
0.15197181701660156
0.1476759910583496
0.10639691352844238
0.14818406105041504
0.16929006576538086
0.16104841232299805
0.1406869888305664
0.1588757038116455
0.06618905067443848
0.1690077781677246
0.13766121864318848
0.12800955772399902
0.17511773109436035
0.1595020294189453
0.08710193634033203
0.09155106544494629
0.09987926483154297
0.1241755485534668
0.13514375686645508
0.09555768966674805
0.12844419479370117
0.09924507141113281
0.07390618324279785
0.0738379955291748
0.13719391822814941
0.1621565818786621
0.17428064346313477
0.18465828895568848
0.13886713981628418
0.11769986152648926
0.14984989166259766
0.11808347702026367
0.1297602653503418
0.17563486099243164
0.13666749000549316
0.17574691772460938
0.11181306838989258
0.19365167617797852
0.13242673873901367
0.1517646312713623
0.07053995132446289
0.08529424667358398
0.13866615295410156
0.13292360305786133
0.2032792568206787
0.17202544212341309
0.06239604949951172
0.10350847244262695
0.20541858673095703
0.1399083137512207
0.17344188690185547
0.14295005798339844
0.234846830368042
0.23172950744628906
0.2142620086669922
0.09356093406677246
0.1315135955810547
0.17824101448059082
0.2085268497467041
0.09859085083007812
0.15924978256225586
0.09492683410644531
0.11366510391235352
0.09739303588867188
0.07549762725830078
0.1053628921508789
0.14500641822814941
0.1462242603302002
0.14346671104431152
0.20306825637817383
0.18018269538879395
0.20325565338134766
0.14927911758422852
0.13838481903076172
0.15147757530212402
0.1284654140472412
0.19205093383789062
0.12576508522033691
0.1886119842529297
0.06754612922668457
0.07514667510986328
0.21364068984985352
0.204909086227417
0.17406082153320312
0.06529903411865234
0.05004429817199707
0.21832942962646484
0.14030241966247559
0.1939101219177246
0.2452530860900879
0.19051551818847656
0.12331080436706543
0.1566298007965088
0.23603129386901855
0.18679285049438477
0.2656383514404297
0.19896626472473145
0.2331681251525879
0.10370540618896484
0.153242826461792
0.10428690910339355
0.11155295372009277
0.11124324798583984
0.10873794555664062
0.13178610801696777
0.1650843620300293
0.15160107612609863
0.12670683860778809
0.1435697078704834
0.17109441757202148
0.14781808853149414
0.1848292350769043
0.1911907196044922
0.19514894485473633
0.20547723770141602
0.19263386726379395
0.21509671211242676
0.18666815757751465
0.2285599708557129
0.25711536407470703
0.2267322540283203
0.07521343231201172
0.08011555671691895
0.27090930938720703
0.2595796585083008
0.0906212329864502
0.10290765762329102
0.24048471450805664
0.07350659370422363
0.18464255332946777
0.05797171592712402
0.04343271255493164
0.055197954177856445
0.06759023666381836
0.0803675651550293
0.20939159393310547
0.13418197631835938
0.2501208782196045
0.13610291481018066
0.07579278945922852
0.08047246932983398
0.26732540130615234
0.0875098705291748
0.09169268608093262
0.1059262752532959
0.08553433418273926
0.06598520278930664
0.1268310546875
0.09162020683288574
0.09023189544677734
0.11219191551208496
0.10753512382507324
0.11459589004516602
0.08719682693481445
0.10946774482727051
0.12061524391174316
0.06123232841491699
0.07268047332763672
0.05816197395324707
0.06367969512939453
0.07796430587768555
0.04695844650268555
0.15710949897766113
0.1360628604888916
0.14435124397277832
0.16221880912780762
0.07906246185302734
0.07956862449645996
0.10655474662780762
0.15201544761657715
0.05653238296508789
0.09254074096679688
0.14798808097839355
0.36435794830322266
0.12537646293640137
0.39086294174194336
0.4118311405181885
0.10752987861633301
0.12047743797302246
0.14279508590698242
0.0651543140411377
0.13300776481628418
0.10686492919921875
0.1656970977783203
0.46341395378112793
0.14615988731384277
0.4231452941894531
0.08634686470031738
0.11377239227294922
0.0860445499420166
0.45986127853393555
0.11339879035949707
0.06665515899658203
0.1835155487060547
0.110382080078125
0.09398937225341797
0.13059639930725098
0.10281586647033691
0.0757899284362793
0.49919605255126953
0.10230183601379395
0.11354947090148926
0.17728304862976074
0.11951565742492676
0.0977163314819336
0.09265613555908203
0.15503215789794922
0.15195393562316895
0.12670326232910156
0.14460062980651855
0.12094426155090332
0.18127942085266113
0.12417387962341309
0.15365266799926758
0.15313410758972168
0.1818397045135498
0.2089688777923584
0.18204283714294434
0.18099260330200195
0.13556194305419922
0.19616913795471191
0.2150096893310547
0.17876577377319336
0.18858599662780762
0.17957186698913574
0.20569634437561035
0.23474788665771484
0.06218147277832031
0.25396203994750977
0.05387306213378906
0.07172322273254395
0.16786980628967285
0.2656388282775879
0.23945188522338867
0.25124382972717285
0.08609151840209961
0.07846260070800781
0.2304551601409912
0.2097775936126709
0.20698022842407227
0.263124942779541
0.0805351734161377
0.09424877166748047
0.16475701332092285
0.1740095615386963
0.17069315910339355
0.16631293296813965
0.12991118431091309
0.1691892147064209
0.1471545696258545
0.15988969802856445
0.19459748268127441
0.18047881126403809
0.16309785842895508
0.217545747756958
0.1382923126220703
0.23243260383605957
0.16868042945861816
0.1866466999053955
0.21033644676208496
0.198286771774292
0.22182798385620117
0.17819547653198242
0.2082836627960205
0.07637166976928711
0.1937882900238037
0.08505058288574219
0.22763752937316895
0.2133958339691162
0.08283567428588867
0.19614648818969727
0.24077153205871582
0.21722030639648438
0.2098381519317627
0.07918429374694824
0.07691550254821777
0.24397993087768555
0.09067010879516602
0.10064077377319336
0.09136414527893066
0.11419034004211426
0.10001993179321289
0.09633135795593262
0.2876267433166504
0.14780259132385254
0.16064739227294922
0.11279821395874023
0.15959429740905762
0.1672983169555664
0.1190636157989502
0.1269545555114746
0.16881418228149414
0.14669013023376465
0.1595478057861328
0.1947650909423828
0.1283252239227295
0.18714141845703125
0.16511225700378418
0.07030558586120605
0.1490929126739502
0.19684147834777832
0.15654969215393066
0.14549899101257324
0.21559548377990723
0.24373674392700195
0.18521356582641602
0.2029588222503662
0.15970683097839355
0.20509791374206543
0.06898355484008789
0.24273300170898438
0.2155616283416748
0.20534729957580566
0.18714094161987305
0.2697935104370117
0.2462625503540039
0.10254073143005371
0.10992956161499023
0.08897709846496582
0.16248679161071777
0.14601492881774902
0.18044662475585938
0.14220118522644043
0.19761919975280762
0.1434342861175537
0.16096901893615723
0.18690729141235352
0.11760187149047852
0.1623990535736084
0.1680622100830078
0.1658785343170166
0.15561175346374512
0.17426204681396484
0.08091568946838379
0.12283492088317871
0.16138911247253418
0.17915797233581543
0.08295059204101562
0.05255627632141113
0.1837930679321289
0.054627418518066406
0.06665182113647461
0.23453474044799805
0.1875286102294922
0.1727275848388672
0.1905057430267334
0.07492876052856445
0.2538723945617676
0.19289493560791016
0.2479231357574463
0.1927015781402588
0.20328664779663086
0.19367313385009766
0.23792624473571777
0.2753005027770996
0.07561469078063965
0.1013638973236084
0.09947967529296875
0.10819339752197266
0.10482430458068848
0.08382010459899902
0.11532187461853027
0.11311721801757812
0.15037322044372559
0.12550997734069824
0.13939547538757324
0.19620966911315918
0.17467188835144043
0.13971328735351562
0.16078996658325195
0.18510961532592773
0.1417708396911621
0.20152688026428223
0.05568099021911621
0.05261635780334473
0.06909584999084473
0.07081770896911621
0.16271471977233887
0.22527599334716797
0.1913912296295166
0.19623899459838867
0.21468806266784668
0.08516621589660645
0.2808418273925781
0.1871488094329834
0.08126521110534668
0.2718074321746826
0.19337677955627441
0.07828760147094727
0.21100640296936035
0.09887456893920898
0.17947888374328613
0.28458428382873535
0.08298921585083008
0.25615859031677246
0.09072446823120117
0.31522178649902344
0.05805087089538574
0.09024167060852051
0.11901402473449707
0.08301281929016113
0.10106873512268066
0.12946462631225586
0.24936819076538086
0.2968862056732178
0.1380600929260254
0.08615851402282715
0.0764303207397461
0.07660579681396484
0.09014606475830078
0.08939290046691895
0.37294459342956543
0.0933535099029541
0.12126684188842773
0.06693482398986816
0.1256256103515625
0.08549928665161133
0.11294770240783691
0.16289162635803223
0.13539719581604004
0.09683489799499512
0.12946033477783203
0.10367250442504883
0.1425011157989502
0.11162257194519043
0.10338163375854492
0.1033329963684082
0.17748689651489258
0.04764437675476074
0.06425881385803223
0.05161857604980469
0.15907955169677734
0.14123940467834473
0.053667306900024414
0.06595897674560547
0.16740727424621582
0.19494199752807617
0.1897439956665039
0.2243356704711914
0.19955205917358398
0.23317456245422363
0.1338815689086914
0.07194066047668457
0.11091089248657227
0.10883212089538574
0.10729622840881348
0.15779924392700195
0.18919968605041504
0.0861051082611084
0.08264708518981934
0.08741617202758789
0.04466438293457031
0.09664154052734375
0.07240486145019531
0.0908806324005127
0.22274994850158691
0.11111760139465332
0.07534909248352051
0.11705183982849121
0.06226944923400879
0.08160066604614258
0.2533745765686035
0.09138822555541992
0.1150052547454834
0.07743954658508301
0.17748022079467773
0.10262703895568848
0.15685009956359863
0.10091519355773926
0.17127275466918945
0.0711369514465332
0.10768461227416992
0.12905097007751465
0.09877896308898926
0.14346861839294434
0.10369586944580078
0.21543216705322266
0.17526459693908691
0.19204115867614746
0.1773669719696045
0.170180082321167
0.18904829025268555
0.21863818168640137
0.15218019485473633
0.19324421882629395
0.1679995059967041
0.22419309616088867
0.13269996643066406
0.09677577018737793
0.1383373737335205
0.08843088150024414
0.18118500709533691
0.06720423698425293
0.06059908866882324
0.20306038856506348
0.08685779571533203
0.2778458595275879
0.10092711448669434
0.16933584213256836
0.2591061592102051
0.06787967681884766
0.11456418037414551
0.046808719635009766
0.1246800422668457
0.1343533992767334
0.1185755729675293
0.10626816749572754
0.11589431762695312
0.04719829559326172
0.04505515098571777
0.1141047477722168
0.0469667911529541
0.08991765975952148
0.1136176586151123
0.05722451210021973
0.05302691459655762
0.051819562911987305
0.12328910827636719
0.06774044036865234
0.06848549842834473
0.15012001991271973
0.16002488136291504
0.06604552268981934
0.06400823593139648
0.05920529365539551
0.15046072006225586
0.0701146125793457
0.18923449516296387
0.17617368698120117
0.07971525192260742
0.14472389221191406
0.17247915267944336
0.08333683013916016
0.2002861499786377
0.08074092864990234
0.07007288932800293
0.21320199966430664
0.09261560440063477
0.19034719467163086
0.07401013374328613
0.19360828399658203
0.18999505043029785
0.16558337211608887
0.07751107215881348
0.05908489227294922
0.0606989860534668
0.06911516189575195
0.27165865898132324
0.12097978591918945
0.07420039176940918
0.07144570350646973
0.11113357543945312
0.1332073211669922
0.10215926170349121
0.24115753173828125
0.11275267601013184
0.14615464210510254
0.12887191772460938
0.14437413215637207
0.08408212661743164
0.07718658447265625
0.09258317947387695
0.08597421646118164
0.13095879554748535
0.14536499977111816
0.12694215774536133
0.12179803848266602
0.11815524101257324
0.07642960548400879
0.10465264320373535
0.10939645767211914
0.05507516860961914
0.1164240837097168
0.08391141891479492
0.0966939926147461
0.1322004795074463
0.08700370788574219
0.11112737655639648
0.10143852233886719
0.09259700775146484
0.15373015403747559
0.2017350196838379
0.0646510124206543
0.06915974617004395
0.20947599411010742
0.2184767723083496
0.08999872207641602
0.44715380668640137
0.2174081802368164
0.2532973289489746
0.23848867416381836
0.0800008773803711
0.11923670768737793
0.06315827369689941
0.1045525074005127
0.07949256896972656
0.1016845703125
0.10849499702453613
0.08637452125549316
0.08448910713195801
0.13119173049926758
0.15692830085754395
0.08737945556640625
0.1372690200805664
0.06588077545166016
0.15717363357543945
0.24722981452941895
0.15320920944213867
0.29257988929748535
0.08762383460998535
0.07956075668334961
0.10184288024902344
0.09134387969970703
0.1607801914215088
0.06614041328430176
0.17046785354614258
0.26459527015686035
0.10826373100280762
0.14842963218688965
0.16861939430236816
0.08310317993164062
0.09234452247619629
0.10080409049987793
0.08743572235107422
0.13419747352600098
0.08427739143371582
0.09116435050964355
0.08613920211791992
0.3406040668487549
0.12001347541809082
0.03845715522766113
0.09491515159606934
0.035375356674194336
0.18636226654052734
0.1606764793395996
0.1841273307800293
0.2059166431427002
0.21496939659118652
0.1966400146484375
0.17914724349975586
0.15111660957336426
0.22759532928466797
0.23826360702514648
0.23814725875854492
0.2143864631652832
0.16986846923828125
0.25661492347717285
0.06968903541564941
0.22449779510498047
0.1922471523284912
0.19678902626037598
0.20360231399536133
0.1926591396331787
0.1965188980102539
0.24816393852233887
0.21735358238220215
0.2213423252105713
0.10318446159362793
0.21197772026062012
0.23348331451416016
0.11706042289733887
0.1344449520111084
0.14115571975708008
0.09730029106140137
0.15598058700561523
0.09426307678222656
0.1044158935546875
0.13701319694519043
0.1498246192932129
0.1339244842529297
0.1206364631652832
0.1413116455078125
0.12534809112548828
0.14241504669189453
0.1206674575805664
0.15246200561523438
0.17525768280029297
0.12407064437866211
0.13973069190979004
0.15628623962402344
0.17101740837097168
0.1399705410003662
0.1484215259552002
0.1383495330810547
0.13853764533996582
0.18100214004516602
0.07644224166870117
0.188521146774292
0.15833306312561035
0.17278265953063965
0.06804347038269043
0.21065688133239746
0.09522318840026855
0.10755395889282227
0.1089625358581543
0.130385160446167
0.12750911712646484
0.10026168823242188
0.13478899002075195
0.11620187759399414
0.1293470859527588
0.14028143882751465
0.16797494888305664
0.10187983512878418
0.1622610092163086
0.17024755477905273
0.08529400825500488
0.15031027793884277
0.07769370079040527
0.06952548027038574
0.18074274063110352
0.16655611991882324
0.20798468589782715
0.05764198303222656
0.16144132614135742
0.20786261558532715
0.20008206367492676
0.18889069557189941
0.07157278060913086
0.06083989143371582
0.1829087734222412
0.04749131202697754
0.07826852798461914
0.17757940292358398
0.05727744102478027
0.1920773983001709
0.19089007377624512
0.0777432918548584
0.21594023704528809
0.11859631538391113
0.2475736141204834
0.21769380569458008
0.054932355880737305
0.2278134822845459
0.09909558296203613
0.10497832298278809
0.07047724723815918
0.07140541076660156
0.10061216354370117
0.11984038352966309
0.09700608253479004
0.12727928161621094
0.08758783340454102
0.09517168998718262
0.1284630298614502
0.10918402671813965
0.09591221809387207
0.13422513008117676
0.11501669883728027
0.0995337963104248
0.0835731029510498
0.0830850601196289
0.10362815856933594
0.15795493125915527
0.12894392013549805
0.11433649063110352
0.11440157890319824
0.151961088180542
0.08787178993225098
0.10012602806091309
0.1091156005859375
0.07143783569335938
0.17614197731018066
0.24268031120300293
0.22444891929626465
0.1796276569366455
0.20195984840393066
0.2102375030517578
0.17420673370361328
0.08943629264831543
0.09398579597473145
0.2722494602203369
0.22481560707092285
0.2413787841796875
0.25397205352783203
0.2189486026763916
0.23279356956481934
0.20855951309204102
0.2353503704071045
0.21155333518981934
0.22272491455078125
0.29239845275878906
0.2083606719970703
0.15887212753295898
0.29229092597961426
0.26004624366760254
