0.726811408996582
0.5479824542999268
0.5163428783416748
0.7916407585144043
0.8847830295562744
1.0629215240478516
0.6239256858825684
1.1151072978973389
1.0533051490783691
0.5167827606201172
1.0387749671936035
0.998976469039917
1.1602871417999268
1.1798665523529053
0.7950477600097656
0.6171557903289795
1.0231389999389648
0.9695384502410889
0.6712145805358887
1.046581745147705
1.1129391193389893
1.1374914646148682
0.9072854518890381
0.7406570911407471
1.199688196182251
0.9682724475860596
0.7695260047912598
1.020871639251709
1.2151412963867188
1.1121902465820312
1.0110819339752197
1.2183921337127686
0.7980098724365234
0.7606849670410156
1.221149206161499
1.242556095123291
0.14277958869934082
0.11078739166259766
0.6071548461914062
0.9835662841796875
0.15872430801391602
0.11664414405822754
0.7831323146820068
0.17890429496765137
0.7472290992736816
0.6782095432281494
1.102339744567871
0.7764263153076172
0.11354374885559082
0.20436954498291016
0.21766376495361328
0.18956637382507324
0.20308709144592285
0.1697530746459961
0.19437909126281738
0.18131160736083984
0.2136242389678955
1.3279774188995361
1.0898704528808594
0.9951870441436768
0.6985068321228027
0.35683560371398926
0.07126402854919434
0.06097745895385742
0.07152128219604492
0.10933947563171387
0.09128379821777344
0.09533143043518066
0.2363131046295166
0.24343037605285645
0.2329418659210205
0.08652758598327637
0.06900358200073242
0.09313035011291504
0.07125067710876465
0.08859753608703613
0.3950374126434326
1.0762975215911865
0.25444912910461426
0.3020446300506592
0.24420785903930664
0.2443392276763916
0.24016380310058594
0.1646413803100586
0.3039665222167969
0.29676222801208496
0.26826024055480957
0.08626008033752441
0.2827944755554199
0.25805068016052246
0.8620517253875732
0.28658246994018555
0.12107586860656738
0.10764312744140625
0.06910085678100586
0.2642781734466553
0.15383219718933105
0.10907602310180664
0.13174104690551758
0.23118805885314941
0.31902170181274414
0.06009960174560547
0.8179337978363037
0.11374211311340332
0.11110830307006836
0.24808168411254883
0.17702317237854004
0.34615111351013184
0.08946800231933594
0.07149386405944824
0.3502311706542969
0.10194659233093262
0.11370348930358887
0.14310431480407715
0.07723689079284668
0.11571669578552246
0.13135075569152832
0.09713959693908691
0.12067365646362305
0.11008596420288086
0.11914968490600586
0.11884021759033203
0.14640069007873535
0.10827231407165527
0.1485915184020996
0.15013480186462402
0.1206979751586914
0.17577815055847168
0.18961000442504883
0.15080046653747559
0.13012456893920898
0.18002080917358398
0.20536112785339355
0.19858145713806152
0.22873759269714355
0.20308732986450195
0.16694235801696777
0.1649003028869629
0.11284828186035156
0.22412371635437012
0.2784578800201416
0.2885258197784424
0.2968122959136963
0.2882533073425293
0.06921577453613281
0.2862226963043213
0.22957372665405273
0.23361635208129883
0.08381271362304688
0.23223280906677246
0.2733032703399658
0.11385273933410645
0.31247758865356445
0.3121922016143799
0.2509603500366211
0.2710115909576416
0.08719348907470703
0.2538595199584961
0.317946195602417
0.14670586585998535
0.25829315185546875
0.28532934188842773
0.29544973373413086
0.2734384536743164
0.2730569839477539
0.3549957275390625
0.13395190238952637
0.2990536689758301
0.3030891418457031
0.33019256591796875
0.29688382148742676
0.32721734046936035
0.3435492515563965
0.13794970512390137
0.10622477531433105
0.31795573234558105
0.33170461654663086
0.3631131649017334
0.31427788734436035
0.3734602928161621
0.3536098003387451
0.0817708969116211
0.11919569969177246
0.06652474403381348
0.10435152053833008
0.0923306941986084
0.1298840045928955
0.3015570640563965
0.08392119407653809
0.10687637329101562
0.365145206451416
0.32008981704711914
0.19275283813476562
0.19268321990966797
0.16234445571899414
0.15425968170166016
0.12128782272338867
0.12888479232788086
0.13080811500549316
0.10371708869934082
0.1204841136932373
0.13175249099731445
0.10889387130737305
0.11923503875732422
0.07106566429138184
0.1553962230682373
0.18025898933410645
0.12666869163513184
0.18495559692382812
0.04899096488952637
0.21895337104797363
0.16429829597473145
0.1795811653137207
0.18553781509399414
0.15532708168029785
0.18050789833068848
0.20647907257080078
0.22046351432800293
0.27321529388427734
0.15938973426818848
0.18754172325134277
0.16499590873718262
0.19446969032287598
0.23798274993896484
0.23119807243347168
0.14456915855407715
0.22528696060180664
0.2618379592895508
0.11518669128417969
0.12879514694213867
0.12220454216003418
0.10913968086242676
0.08154940605163574
0.2937779426574707
0.06013083457946777
0.2678689956665039
0.28618693351745605
0.291961669921875
0.3093686103820801
0.11389875411987305
0.09799337387084961
0.3021509647369385
0.3260023593902588
0.2984621524810791
0.04635047912597656
0.07601213455200195
0.2579014301300049
0.27016758918762207
0.29111671447753906
0.10240936279296875
0.06300139427185059
0.11457633972167969
0.2953474521636963
0.27299928665161133
0.05821514129638672
0.28486037254333496
0.30309343338012695
0.307004451751709
0.05032157897949219
0.30207037925720215
0.37341737747192383
0.32498788833618164
0.360914945602417
0.3318042755126953
0.2579348087310791
0.3611917495727539
0.1330864429473877
0.0703277587890625
0.08973145484924316
0.07808160781860352
0.1097724437713623
0.10264134407043457
0.3488037586212158
0.2634742259979248
0.19444942474365234
0.1031348705291748
0.19979619979858398
0.197723388671875
0.10224437713623047
0.09184718132019043
0.07099270820617676
0.15642619132995605
0.12710165977478027
0.22575807571411133
0.1357436180114746
0.14125442504882812
0.2478792667388916
0.24653911590576172
0.15387773513793945
0.24142003059387207
0.12903404235839844
0.22720694541931152
0.22085881233215332
0.12649917602539062
0.22966670989990234
0.09481930732727051
0.10968351364135742
0.2350006103515625
0.1510334014892578
0.15085768699645996
0.11379456520080566
0.1341700553894043
0.08851027488708496
0.1312544345855713
0.05882096290588379
0.09215188026428223
0.05267763137817383
0.05947995185852051
0.339428186416626
0.13553977012634277
0.08952450752258301
0.14985370635986328
0.15024638175964355
0.11976265907287598
0.11858534812927246
0.14167332649230957
0.14272212982177734
0.14248967170715332
0.1456468105316162
0.12117695808410645
0.16571760177612305
0.14936113357543945
0.1692650318145752
0.13559818267822266
0.14757847785949707
0.16738510131835938
0.12712836265563965
0.1344902515411377
0.1434636116027832
0.1836376190185547
0.1573193073272705
0.0977778434753418
0.10860824584960938
0.10893654823303223
0.15391874313354492
0.1918787956237793
0.11956429481506348
0.15932512283325195
0.10941028594970703
0.09808588027954102
0.1046442985534668
0.11073184013366699
0.14757561683654785
0.13774776458740234
0.1576690673828125
0.15113472938537598
0.16597890853881836
0.10759830474853516
0.1907658576965332
0.15343499183654785
0.1694345474243164
0.20748543739318848
0.21519136428833008
0.05896639823913574
0.15320062637329102
0.18946290016174316
0.15902280807495117
0.05391192436218262
0.15947699546813965
0.1560208797454834
0.05690407752990723
0.256289005279541
0.09438920021057129
0.06687736511230469
0.31491875648498535
0.2380990982055664
0.26567697525024414
0.2411355972290039
0.288546085357666
0.24407219886779785
0.21651411056518555
0.2741219997406006
0.2237250804901123
0.10793852806091309
0.09598469734191895
0.2673916816711426
0.1201331615447998
0.24170923233032227
0.0845186710357666
0.3100898265838623
0.2642531394958496
0.29164791107177734
0.10637664794921875
0.3283052444458008
0.31980252265930176
0.32024574279785156
0.2770211696624756
0.25751471519470215
0.14674901962280273
0.3353753089904785
0.12988877296447754
0.37576770782470703
0.21649885177612305
0.3914337158203125
0.3870227336883545
0.0804893970489502
0.1201777458190918
0.331801176071167
0.10803413391113281
0.30569028854370117
0.1254739761352539
0.3030846118927002
0.3391256332397461
0.18873357772827148
0.25076913833618164
0.3361029624938965
0.31055688858032227
0.13658928871154785
0.3020131587982178
0.33423781394958496
0.15944123268127441
0.2104189395904541
0.13051676750183105
0.22586750984191895
0.13384246826171875
0.21651482582092285
0.1436924934387207
0.14765572547912598
0.2250661849975586
0.21871685981750488
0.16182589530944824
0.16710972785949707
0.24461841583251953
0.19062376022338867
0.20041227340698242
0.23055076599121094
0.2743649482727051
0.062395334243774414
0.19097661972045898
0.23743343353271484
0.2625105381011963
0.2628769874572754
0.2539393901824951
0.19056987762451172
0.27903056144714355
0.18670248985290527
0.19631052017211914
0.22129535675048828
0.08712005615234375
0.07580399513244629
0.08078718185424805
0.08143138885498047
0.07950901985168457
0.3571157455444336
0.06549429893493652
0.10469627380371094
0.1429309844970703
0.15149331092834473
0.049739837646484375
0.1335742473602295
0.12417793273925781
0.15170979499816895
0.13144898414611816
0.12364888191223145
0.09896063804626465
0.056943655014038086
0.17482948303222656
0.1626300811767578
0.1382770538330078
0.17218565940856934
0.09805536270141602
0.1487441062927246
0.4001929759979248
0.3867225646972656
0.4669911861419678
0.057824134826660156
0.12604928016662598
0.4003145694732666
0.46597886085510254
0.4401090145111084
0.44586610794067383
0.4161107540130615
0.44143176078796387
0.25963401794433594
0.4556241035461426
0.4288144111633301
0.43525242805480957
0.49924635887145996
0.4207124710083008
0.2132406234741211
0.23276424407958984
0.45719194412231445
0.2756199836730957
0.27546191215515137
0.48524975776672363
0.4628300666809082
0.4569413661956787
0.4324381351470947
0.12938976287841797
0.27920079231262207
0.4909939765930176
0.07376694679260254
0.12235713005065918
0.13391685485839844
0.1122889518737793
0.11185717582702637
0.27757763862609863
0.3396134376525879
0.13184261322021484
0.08081173896789551
0.11883115768432617
0.4913785457611084
0.19961333274841309
0.14749431610107422
0.15269923210144043
0.08524036407470703
0.1438150405883789
0.13240265846252441
0.10769271850585938
0.1895444393157959
0.15228986740112305
0.17261648178100586
0.1057589054107666
0.16362643241882324
0.535961389541626
0.32134008407592773
0.10426902770996094
0.1353156566619873
0.1325089931488037
0.1719212532043457
0.15189170837402344
0.1955547332763672
0.19271016120910645
0.18097519874572754
0.14522981643676758
0.11394619941711426
0.059076786041259766
0.1843423843383789
0.18298816680908203
0.14118194580078125
0.21729683876037598
0.20717287063598633
0.18166399002075195
0.14075660705566406
0.22798752784729004
0.21807050704956055
0.18138980865478516
0.05905747413635254
0.10782361030578613
0.17466163635253906
0.23364901542663574
0.21982026100158691
0.1681218147277832
0.21200060844421387
0.21668124198913574
0.1636030673980713
0.19506096839904785
0.17076611518859863
0.19291019439697266
0.2699141502380371
0.07048702239990234
0.23587369918823242
0.22223830223083496
0.25382137298583984
0.17184066772460938
0.19165921211242676
0.2286520004272461
0.1838059425354004
0.23104500770568848
0.23911404609680176
0.20477724075317383
0.1900956630706787
0.2201383113861084
0.26936864852905273
0.08762168884277344
0.28534889221191406
0.2237839698791504
0.09882783889770508
0.23131966590881348
0.2789492607116699
0.24475407600402832
0.25382328033447266
0.12030649185180664
0.1368269920349121
0.1180269718170166
0.13455796241760254
0.12209010124206543
0.14214348793029785
0.13931608200073242
0.36586928367614746
0.12088942527770996
0.15130186080932617
0.15750932693481445
0.18103575706481934
0.1516125202178955
0.1809544563293457
0.1491987705230713
0.1358199119567871
0.14230561256408691
0.1822676658630371
0.13482069969177246
0.11248278617858887
0.2380831241607666
0.2057206630706787
0.17397427558898926
0.1190032958984375
0.05329012870788574
0.0485835075378418
0.25480079650878906
0.2503848075866699
0.2569003105163574
0.19267940521240234
0.24713373184204102
0.06521892547607422
0.18336915969848633
0.06072711944580078
0.1327970027923584
0.16870951652526855
0.1342313289642334
0.06195330619812012
0.2695622444152832
0.27428102493286133
0.259246826171875
0.23703408241271973
0.22241616249084473
0.25635647773742676
0.30104970932006836
0.27632808685302734
0.25173091888427734
0.2322523593902588
0.20596575736999512
0.2679402828216553
0.24196910858154297
0.26540040969848633
0.09188079833984375
0.0880742073059082
0.2768895626068115
0.3032054901123047
0.24030470848083496
0.05943584442138672
0.1039886474609375
0.223738431930542
0.27092885971069336
0.12473344802856445
0.12279629707336426
0.2801332473754883
0.11569333076477051
0.3121216297149658
0.3298766613006592
0.08930110931396484
0.3161923885345459
0.1442098617553711
0.13467812538146973
0.1446056365966797
0.0904083251953125
0.09606194496154785
0.11004304885864258
0.13263726234436035
0.08645129203796387
0.11502742767333984
0.12154102325439453
0.11142492294311523
0.3703486919403076
0.09274744987487793
0.10541272163391113
0.12239694595336914
0.16646766662597656
0.1385047435760498
0.1896038055419922
0.12288403511047363
0.10675978660583496
0.14148712158203125
0.1816408634185791
0.10468530654907227
0.18226933479309082
0.04174637794494629
0.1791684627532959
0.1897115707397461
0.22184062004089355
0.23342657089233398
0.19416236877441406
0.19315648078918457
0.17630910873413086
0.2039492130279541
0.2562377452850342
0.25708889961242676
0.20095443725585938
0.2445528507232666
0.2216334342956543
0.03730130195617676
0.06316137313842773
0.24318647384643555
0.23426485061645508
0.2389681339263916
0.21750736236572266
0.30144786834716797
0.2021632194519043
0.1614079475402832
0.2896397113800049
0.21662235260009766
0.2258296012878418
0.23860430717468262
0.25385451316833496
0.08140158653259277
0.2411818504333496
0.2556290626525879
0.35188984870910645
0.3008098602294922
0.30489039421081543
0.06914186477661133
0.3183469772338867
0.31373143196105957
0.054589271545410156
0.29756665229797363
0.3142225742340088
0.2538323402404785
0.07613515853881836
0.26010942459106445
0.25339174270629883
0.24059367179870605
0.31072211265563965
0.10026288032531738
0.2638969421386719
0.1072702407836914
0.09927654266357422
0.2975914478302002
0.3332655429840088
0.13767099380493164
0.10031342506408691
0.08679485321044922
0.18815875053405762
0.09676313400268555
0.1050100326538086
0.2079145908355713
0.0834040641784668
0.30933642387390137
0.2102670669555664
0.11344695091247559
0.08977079391479492
0.29180407524108887
0.11118149757385254
0.09321808815002441
0.15699553489685059
0.14362573623657227
0.30023884773254395
0.10869717597961426
0.10077619552612305
0.13070249557495117
0.3124561309814453
0.1664729118347168
0.12955403327941895
0.18522000312805176
0.17993378639221191
0.1514132022857666
0.255082368850708
0.17038512229919434
0.21655559539794922
0.19530463218688965
0.16624021530151367
0.23865342140197754
0.25162291526794434
0.2121415138244629
0.25995969772338867
0.20700812339782715
0.24303412437438965
0.2292919158935547
0.2752828598022461
0.27959585189819336
0.2552762031555176
0.22409677505493164
0.26618003845214844
0.27483606338500977
0.2285318374633789
0.28998231887817383
0.30985283851623535
0.08522176742553711
0.2222733497619629
0.2369379997253418
0.24604535102844238
0.26657915115356445
0.0908668041229248
0.06451225280761719
0.32914304733276367
0.3288555145263672
0.1062924861907959
0.059674978256225586
0.24103689193725586
0.27428126335144043
0.08878850936889648
0.28069162368774414
0.3226203918457031
0.3331162929534912
0.3282344341278076
0.36556100845336914
0.3476293087005615
0.36725521087646484
0.2928452491760254
0.16972923278808594
0.0977020263671875
0.3387737274169922
0.10000729560852051
0.09316062927246094
0.0999612808227539
0.13280916213989258
0.13541197776794434
0.1527707576751709
0.15285778045654297
0.14673638343811035
0.18025922775268555
0.11142253875732422
0.12105822563171387
0.10603499412536621
0.14521527290344238
0.1342487335205078
0.07383179664611816
0.09637308120727539
0.3999814987182617
0.4353797435760498
0.40604710578918457
0.08611440658569336
0.4788329601287842
0.48329710960388184
0.4130580425262451
0.10389161109924316
0.256284236907959
0.26197338104248047
0.2414858341217041
0.26271796226501465
0.10096526145935059
0.24404048919677734
0.11722922325134277
0.22783923149108887
0.21106791496276855
0.20244622230529785
0.19771361351013184
0.1665363311767578
0.26915764808654785
0.10963749885559082
0.2311725616455078
0.2457256317138672
0.23871850967407227
0.22159457206726074
0.056055545806884766
0.5010325908660889
0.243910551071167
0.12267446517944336
0.19524574279785156
0.23875951766967773
0.20442748069763184
0.1551227569580078
0.06528425216674805
0.21811795234680176
0.1051170825958252
0.22071623802185059
0.04011034965515137
0.09211134910583496
0.05260729789733887
0.06058859825134277
0.16863775253295898
0.19434428215026855
0.22458553314208984
0.24357819557189941
0.32613444328308105
0.21863198280334473
0.30862927436828613
0.17693281173706055
0.27362561225891113
0.229964017868042
0.2842397689819336
0.09131169319152832
0.0908350944519043
0.24576163291931152
0.2465989589691162
0.23856782913208008
0.16907024383544922
0.21939539909362793
0.22357630729675293
0.11999630928039551
0.18413853645324707
0.18460679054260254
0.22328519821166992
0.19471168518066406
0.19950175285339355
0.13909244537353516
0.12955713272094727
0.3358938694000244
0.20216798782348633
0.18833494186401367
0.08829402923583984
0.1469261646270752
0.1637253761291504
0.21335625648498535
0.2182328701019287
0.19428491592407227
0.08899092674255371
0.19637084007263184
0.20180130004882812
0.21097660064697266
0.18354320526123047
0.09461593627929688
0.1912233829498291
0.18729162216186523
0.22377991676330566
0.09334039688110352
0.2597997188568115
0.12383031845092773
0.12191963195800781
0.2643566131591797
0.19366168975830078
0.24308490753173828
0.16424846649169922
0.15447330474853516
0.14577555656433105
0.1414482593536377
0.14774155616760254
0.16753339767456055
0.16538310050964355
0.13615798950195312
0.11376285552978516
0.1629638671875
0.11513018608093262
0.11274194717407227
0.11559557914733887
0.12434959411621094
0.09471869468688965
0.1739671230316162
0.07480382919311523
0.15718293190002441
0.14907145500183105
0.14504194259643555
0.2021801471710205
0.17213821411132812
0.18289756774902344
0.2029712200164795
0.18459653854370117
0.16059565544128418
0.17409729957580566
0.054735660552978516
0.18580174446105957
0.07940483093261719
0.1778709888458252
0.2297656536102295
0.17968988418579102
0.16435980796813965
0.17352032661437988
0.20655322074890137
0.2341902256011963
0.24030303955078125
0.21730470657348633
0.24642062187194824
0.05210518836975098
0.06688594818115234
0.21065759658813477
0.21470069885253906
0.22873878479003906
0.18949627876281738
0.27537035942077637
0.19063973426818848
0.1818857192993164
0.12534022331237793
0.129988431930542
0.1801154613494873
0.09220552444458008
0.07950019836425781
0.22350478172302246
0.30431532859802246
0.2707703113555908
0.09776949882507324
0.3191101551055908
0.29894161224365234
0.2544984817504883
0.10859203338623047
0.24504923820495605
0.24184656143188477
0.12454056739807129
0.23380327224731445
0.07390952110290527
0.10301804542541504
0.3128385543823242
0.1697235107421875
0.3087897300720215
0.3328104019165039
0.24505949020385742
0.08950281143188477
0.2623426914215088
0.25533318519592285
0.09990262985229492
0.12071871757507324
0.1772303581237793
0.14951324462890625
0.07922649383544922
0.08793473243713379
0.056023359298706055
0.07725811004638672
0.3743772506713867
0.3339085578918457
0.06311297416687012
0.0723276138305664
0.1536693572998047
0.1632707118988037
0.16892457008361816
0.15931177139282227
0.16555571556091309
0.15721988677978516
0.10665011405944824
0.16140151023864746
0.1551504135131836
0.1421360969543457
0.11566853523254395
0.08573603630065918
0.16379523277282715
0.17361831665039062
0.15772652626037598
0.16215014457702637
0.13534998893737793
0.17078137397766113
0.15845179557800293
0.12089228630065918
0.15438246726989746
0.18404459953308105
0.16262578964233398
0.1858377456665039
0.14669227600097656
0.13208341598510742
0.1400442123413086
0.12470245361328125
0.17868542671203613
0.17709636688232422
0.17688727378845215
0.18737173080444336
0.1730196475982666
0.19617342948913574
0.18655061721801758
0.12983345985412598
0.09069299697875977
0.09385228157043457
0.1844642162322998
0.221754789352417
0.20037031173706055
0.19682812690734863
0.18287348747253418
0.21872234344482422
0.07003641128540039
0.15798711776733398
0.1975703239440918
0.169050931930542
0.16922545433044434
0.14470672607421875
0.18923258781433105
0.22602009773254395
0.20046639442443848
0.09314417839050293
0.1862800121307373
0.15462064743041992
0.14345431327819824
0.1414203643798828
0.21674537658691406
0.23434853553771973
0.10704874992370605
0.1475083827972412
0.16880488395690918
0.16234087944030762
0.16846966743469238
0.19559001922607422
0.16626358032226562
0.223252534866333
0.0853574275970459
0.07862114906311035
0.13798737525939941
0.13599467277526855
0.07861447334289551
0.14602041244506836
0.1116790771484375
0.19318437576293945
0.12486529350280762
0.12911319732666016
0.27945876121520996
0.08069491386413574
0.11670255661010742
0.07352304458618164
0.12288808822631836
0.11949372291564941
0.07418942451477051
0.1409456729888916
0.13391375541687012
0.10861468315124512
0.15016674995422363
0.09711050987243652
0.08480238914489746
0.13986730575561523
0.1064755916595459
0.12153792381286621
0.14200592041015625
0.1240534782409668
0.13463735580444336
0.1204221248626709
0.12704777717590332
0.10412287712097168
0.11468744277954102
0.13646888732910156
0.09920978546142578
0.10341691970825195
0.15880823135375977
0.1389636993408203
0.13955044746398926
0.11983847618103027
0.12357497215270996
0.12369012832641602
0.12023377418518066
0.20256567001342773
0.1376633644104004
0.1625049114227295
0.19663262367248535
0.121856689453125
0.18639683723449707
0.1541893482208252
0.21095013618469238
0.12590813636779785
0.18349575996398926
0.18223977088928223
0.2221994400024414
0.19292044639587402
0.10651183128356934
0.2115640640258789
0.20155572891235352
0.1786513328552246
0.15675592422485352
0.15416169166564941
0.16334271430969238
0.1771543025970459
0.11908602714538574
0.16529154777526855
0.17486286163330078
0.24014830589294434
0.23212003707885742
0.2955484390258789
0.22190022468566895
0.19121193885803223
0.25588512420654297
0.1609184741973877
0.2471177577972412
0.24120783805847168
0.2038743495941162
0.2305011749267578
0.1529080867767334
0.2869579792022705
0.2854454517364502
0.21019339561462402
0.08023595809936523
0.2384953498840332
0.2006382942199707
0.2453916072845459
0.24293851852416992
0.26969075202941895
0.2817056179046631
0.18693137168884277
0.2877469062805176
0.11222577095031738
0.24665331840515137
0.09865736961364746
0.20022082328796387
0.11231207847595215
0.26222896575927734
0.23055505752563477
0.23881292343139648
0.23524785041809082
0.15178322792053223
0.25861692428588867
0.24237394332885742
0.1989758014678955
0.21794509887695312
0.12307953834533691
0.2640361785888672
0.2619457244873047
0.22413897514343262
0.2752349376678467
0.24654722213745117
0.26454639434814453
0.19385933876037598
0.27697300910949707
0.22238802909851074
0.2644312381744385
0.23151731491088867
0.21784257888793945
0.21326661109924316
0.28325438499450684
0.2873373031616211
0.24371075630187988
0.05160331726074219
0.2359933853149414
0.2972068786621094
0.10633349418640137
0.34777402877807617
0.09075546264648438
0.26990485191345215
0.267986536026001
0.3054239749908447
0.32074928283691406
0.29894447326660156
0.33452916145324707
0.3118157386779785
0.31160807609558105
0.07843470573425293
0.06846165657043457
0.13838934898376465
0.30400657653808594
0.3106560707092285
0.31081557273864746
0.38471055030822754
0.1300950050354004
0.30147385597229004
0.3853135108947754
0.138444185256958
0.37014174461364746
0.35419559478759766
0.36054301261901855
0.11446547508239746
0.3452873229980469
0.07859230041503906
0.3665430545806885
0.07608294486999512
0.1768016815185547
0.08908748626708984
0.1631183624267578
0.39806604385375977
0.1396934986114502
0.34051966667175293
0.05689287185668945
0.12754392623901367
0.07608699798583984
0.15532493591308594
0.137406587600708
0.14141368865966797
0.062264204025268555
0.1477222442626953
0.09071063995361328
0.19459748268127441
0.08642244338989258
0.38260412216186523
0.16428780555725098
0.16877055168151855
0.10824084281921387
0.09487462043762207
0.1285572052001953
0.1559758186340332
0.16409754753112793
0.18972420692443848
0.21587061882019043
0.11118102073669434
0.10071253776550293
0.09527230262756348
0.12656354904174805
0.16649913787841797
0.1996767520904541
0.14533376693725586
0.1285567283630371
0.18085885047912598
0.14913511276245117
0.14919066429138184
0.15070819854736328
0.17005562782287598
0.1853630542755127
0.12225723266601562
0.13765478134155273
0.19825220108032227
0.1316523551940918
0.16454601287841797
0.04205632209777832
0.1784200668334961
0.15845417976379395
0.19600343704223633
0.199906587600708
0.1759471893310547
0.24119305610656738
0.17438125610351562
0.23475193977355957
0.19714140892028809
0.254000186920166
0.211350679397583
0.07459259033203125
0.17018508911132812
0.08100247383117676
0.1691727638244629
0.1862044334411621
0.20499801635742188
0.28095197677612305
0.2918095588684082
0.0956275463104248
0.09439253807067871
0.2589762210845947
0.23582744598388672
0.0568690299987793
0.10152363777160645
0.05528855323791504
0.0873105525970459
0.0522923469543457
0.09465551376342773
0.03917980194091797
0.06472420692443848
0.10312914848327637
0.13895940780639648
0.0973057746887207
0.3287651538848877
0.31754589080810547
0.33997464179992676
0.3519551753997803
0.3364839553833008
0.2718212604522705
0.2756173610687256
0.2965555191040039
0.30521345138549805
0.15137767791748047
0.15609955787658691
0.2968428134918213
0.15507721900939941
0.37156248092651367
0.3005979061126709
0.3729720115661621
0.3307809829711914
0.3605623245239258
0.29328060150146484
0.3414936065673828
0.33329248428344727
0.14023637771606445
0.34274744987487793
0.16131329536437988
0.08852458000183105
0.1278388500213623
0.19269871711730957
0.0901336669921875
0.05971264839172363
0.06300735473632812
0.10730648040771484
0.15395903587341309
0.13745617866516113
0.08070659637451172
0.14804768562316895
0.14116835594177246
0.1310586929321289
0.09930539131164551
0.11922407150268555
0.1021425724029541
0.0807945728302002
0.1888446807861328
0.1157076358795166
0.13831019401550293
0.2362663745880127
0.14595341682434082
0.24539661407470703
0.12521600723266602
0.09956908226013184
0.06533074378967285
0.14283323287963867
0.2056736946105957
0.08545899391174316
0.16033101081848145
0.10389947891235352
0.1499490737915039
0.07006525993347168
0.21431827545166016
0.06889033317565918
0.09176349639892578
0.4460299015045166
0.12682294845581055
0.13718652725219727
0.12529993057250977
0.12404513359069824
0.17316746711730957
0.19417071342468262
0.13199424743652344
0.1783614158630371
0.14069032669067383
0.21927905082702637
0.11948347091674805
0.1828296184539795
0.19744467735290527
0.21353673934936523
0.14902901649475098
0.08268380165100098
0.04561471939086914
0.16184759140014648
0.14634919166564941
0.18965506553649902
0.13257575035095215
0.05193638801574707
0.03515458106994629
0.2765192985534668
0.26447343826293945
0.2721080780029297
0.07309818267822266
0.07900357246398926
0.1947793960571289
0.23467206954956055
0.09429144859313965
0.21117091178894043
0.0747530460357666
0.09434056282043457
0.0678095817565918
0.08710360527038574
0.25458526611328125
0.07136774063110352
0.08987212181091309
0.2715737819671631
0.2562069892883301
0.2564363479614258
0.206132173538208
0.13637757301330566
0.0940854549407959
0.11527824401855469
0.19109272956848145
0.29378318786621094
0.1041560173034668
0.10863876342773438
0.2427518367767334
0.062067508697509766
0.0624232292175293
0.12305021286010742
0.3108043670654297
0.07292532920837402
0.2772669792175293
0.05920672416687012
0.2795271873474121
0.306210994720459
0.26929426193237305
0.14579415321350098
0.31618165969848633
0.26847076416015625
0.2664370536804199
0.1381819248199463
0.35684776306152344
0.08716535568237305
0.2488102912902832
0.3231222629547119
0.3540935516357422
0.30413031578063965
0.28174519538879395
0.30060768127441406
0.3130927085876465
0.308809757232666
0.28299522399902344
0.2895035743713379
0.1309964656829834
0.1352863311767578
0.15147995948791504
0.22741293907165527
0.2156975269317627
0.2176039218902588
0.23959970474243164
0.21665310859680176
0.16724562644958496
0.16310501098632812
0.20417022705078125
0.16964173316955566
0.19787025451660156
0.04796552658081055
0.19487714767456055
0.11177778244018555
0.2534153461456299
0.23003292083740234
0.19392824172973633
0.22644662857055664
0.25655627250671387
0.22010207176208496
0.26947832107543945
0.23725247383117676
0.06030464172363281
0.04828310012817383
0.21196413040161133
0.08373451232910156
0.04515409469604492
0.2653214931488037
0.04661393165588379
0.16759705543518066
0.10785198211669922
0.308992862701416
0.07312917709350586
0.3361527919769287
0.2357804775238037
0.32582974433898926
0.05065178871154785
0.3382718563079834
0.26654052734375
0.07847070693969727
0.04490017890930176
0.04168343544006348
0.3148200511932373
0.10522198677062988
0.10981917381286621
0.11394429206848145
0.10806417465209961
0.30276966094970703
0.3231778144836426
0.3456387519836426
0.279463529586792
0.3167402744293213
0.351320743560791
0.35787224769592285
0.3266596794128418
0.29494404792785645
0.3666725158691406
0.318432092666626
0.34418272972106934
0.07668042182922363
0.35432958602905273
0.31559205055236816
0.3243415355682373
0.11089825630187988
0.08259940147399902
0.3714110851287842
0.09100604057312012
0.39828944206237793
0.11895751953125
0.08330917358398438
0.11062359809875488
0.42267584800720215
0.289614200592041
0.07068729400634766
0.06534242630004883
0.07970118522644043
0.3954641819000244
0.12715625762939453
0.06202387809753418
0.15427565574645996
0.14089560508728027
0.1248331069946289
0.10226631164550781
0.06318807601928711
0.0999765396118164
0.11954307556152344
0.09955382347106934
0.06709861755371094
0.12391066551208496
0.06957769393920898
0.14584803581237793
0.1338045597076416
0.09247875213623047
0.1648426055908203
0.13117527961730957
0.14274168014526367
0.1686551570892334
0.0787196159362793
0.1532728672027588
0.13934922218322754
0.12039065361022949
0.11532878875732422
0.10873937606811523
0.09525227546691895
0.11084437370300293
0.12314558029174805
0.1297931671142578
0.11226582527160645
0.10916614532470703
0.11057472229003906
0.15306520462036133
0.11063838005065918
0.0736236572265625
0.12970566749572754
0.14896821975708008
0.10808157920837402
0.10817146301269531
0.10343599319458008
0.15121126174926758
0.1306908130645752
0.18926620483398438
0.1777341365814209
0.12007761001586914
0.13528800010681152
0.19392061233520508
0.06122183799743652
0.1711876392364502
0.15875697135925293
0.18542814254760742
0.1671583652496338
0.12213802337646484
0.17408180236816406
0.07763981819152832
0.11646246910095215
0.14271068572998047
0.1543595790863037
0.2177276611328125
0.20261383056640625
0.21457457542419434
0.24727630615234375
0.21460843086242676
0.15271234512329102
0.07657265663146973
0.1780540943145752
0.05240464210510254
0.10153627395629883
0.24851155281066895
0.07516717910766602
0.06350350379943848
0.08236908912658691
0.20949077606201172
0.26808667182922363
0.21726560592651367
0.23264193534851074
0.23740291595458984
0.2551586627960205
0.19747304916381836
0.05426025390625
0.08871674537658691
0.2658531665802002
0.2030491828918457
0.20298314094543457
0.23792004585266113
0.1358201503753662
0.2503392696380615
0.20888757705688477
0.28650331497192383
0.1965620517730713
0.2441573143005371
0.27889013290405273
0.10386300086975098
0.11979985237121582
0.10349154472351074
0.09933900833129883
0.29915904998779297
0.07823586463928223
0.09819746017456055
0.10308980941772461
0.13187837600708008
0.2582263946533203
0.11508512496948242
0.1129758358001709
0.143174409866333
0.10974407196044922
0.1338024139404297
0.09408688545227051
0.13025832176208496
0.1051170825958252
0.23751592636108398
0.14081692695617676
0.10223126411437988
0.12909603118896484
0.13777661323547363
0.13189435005187988
0.1007544994354248
0.14038848876953125
0.13880610466003418
0.16509103775024414
0.16799330711364746
0.18289589881896973
0.10440278053283691
0.12996220588684082
0.12408971786499023
0.18003296852111816
0.18833255767822266
0.07386088371276855
0.13145112991333008
0.14150214195251465
0.12300586700439453
0.19819235801696777
0.13371872901916504
0.17908620834350586
0.1363673210144043
0.14265084266662598
0.22993159294128418
0.17960882186889648
0.17405414581298828
0.16970252990722656
0.20675158500671387
0.19185733795166016
0.1703505516052246
0.11083269119262695
0.22342133522033691
0.1982583999633789
0.2624680995941162
0.20719456672668457
0.2480144500732422
0.19951915740966797
0.17973995208740234
0.224229097366333
0.28020572662353516
0.09813117980957031
0.27409791946411133
0.10424685478210449
0.2321302890777588
0.2841193675994873
0.2135326862335205
0.18376874923706055
0.1254568099975586
0.0963749885559082
0.13162469863891602
0.2529129981994629
0.07718539237976074
0.12756848335266113
0.2801365852355957
0.12650561332702637
0.0902547836303711
0.10590863227844238
0.0968480110168457
0.11571145057678223
0.13920879364013672
0.11701011657714844
0.1143944263458252
0.12734270095825195
0.13928771018981934
0.10689163208007812
0.12120890617370605
0.181168794631958
0.14013361930847168
0.16036224365234375
0.1495065689086914
0.21636128425598145
0.16316580772399902
0.17097043991088867
0.14595532417297363
0.21738600730895996
0.1525881290435791
0.14134693145751953
0.2155780792236328
0.15163278579711914
0.19422006607055664
0.22036480903625488
0.16242337226867676
0.22271132469177246
0.2510857582092285
0.19077014923095703
0.2133176326751709
0.22220206260681152
0.17430520057678223
0.27277445793151855
0.19134879112243652
0.07692599296569824
0.22879767417907715
0.2538611888885498
0.07502388954162598
0.08324074745178223
0.20654606819152832
0.2517201900482178
0.060799360275268555
0.2304527759552002
0.06997489929199219
0.2157607078552246
0.2354583740234375
0.25083088874816895
0.2953372001647949
0.30135488510131836
0.23736047744750977
0.29794812202453613
0.2961709499359131
0.08568978309631348
0.24356651306152344
0.2830235958099365
0.08441781997680664
0.267528772354126
0.28559136390686035
0.09364438056945801
0.08293795585632324
0.07823419570922852
0.07074809074401855
0.09834146499633789
0.0722200870513916
0.09517741203308105
0.08977055549621582
0.2894291877746582
0.3200204372406006
0.3335893154144287
0.360975980758667
0.36092424392700195
0.3666088581085205
0.34467577934265137
0.27075982093811035
0.28508734703063965
0.14627933502197266
0.13297319412231445
0.13205170631408691
0.04269289970397949
0.14338088035583496
0.09472131729125977
0.16115546226501465
0.10106921195983887
0.10459303855895996
0.19251394271850586
0.13613295555114746
0.1728346347808838
0.03706836700439453
0.07946276664733887
0.16440749168395996
0.16855955123901367
0.177473783493042
0.13931751251220703
0.11336112022399902
0.2041311264038086
0.14956021308898926
0.08611130714416504
0.08528280258178711
0.21527338027954102
0.0813910961151123
0.09624910354614258
0.20220565795898438
0.1786024570465088
0.08398151397705078
0.04853224754333496
0.23293375968933105
0.0874488353729248
0.0811758041381836
0.16936278343200684
0.17506623268127441
0.22053027153015137
0.1848316192626953
0.24741840362548828
0.15753960609436035
0.1682443618774414
0.16625404357910156
0.22005939483642578
0.06169605255126953
0.2519567012786865
0.25751447677612305
0.07239747047424316
0.21158957481384277
0.05038738250732422
0.06414008140563965
0.18874263763427734
0.26081156730651855
0.23316383361816406
0.1832592487335205
0.1859447956085205
0.25705623626708984
0.23641109466552734
0.0498356819152832
0.3149533271789551
0.11589741706848145
0.22184062004089355
0.10200738906860352
0.30440187454223633
0.13057780265808105
0.12099742889404297
0.2637209892272949
0.20147347450256348
0.22245097160339355
0.32917213439941406
0.08298444747924805
0.08288049697875977
0.10283637046813965
0.11429023742675781
0.2819793224334717
0.15363049507141113
0.12374377250671387
0.14700841903686523
0.12368607521057129
0.19640326499938965
0.14360499382019043
0.13741517066955566
0.20357251167297363
0.21021342277526855
0.21395611763000488
0.19007253646850586
0.18166875839233398
0.19054698944091797
0.15065503120422363
0.18399429321289062
0.19422554969787598
0.19968557357788086
0.2166750431060791
0.06773686408996582
0.23224616050720215
0.17603182792663574
0.20852160453796387
0.18174099922180176
0.2591860294342041
0.2183678150177002
0.11273694038391113
0.19581031799316406
0.24035310745239258
0.11716675758361816
0.2471470832824707
0.2784287929534912
0.21958255767822266
0.08894968032836914
0.2670133113861084
0.22145581245422363
0.2824246883392334
0.25496435165405273
0.22025823593139648
0.23931026458740234
0.2877206802368164
0.3100852966308594
0.2845745086669922
0.10267901420593262
0.262789249420166
0.06110882759094238
0.10465192794799805
0.05220675468444824
0.2782738208770752
0.07722854614257812
0.10137701034545898
0.30709218978881836
0.11800193786621094
0.30347156524658203
0.3007643222808838
0.3228790760040283
0.28618907928466797
0.2623293399810791
0.1707625389099121
0.12328958511352539
0.13671469688415527
0.34429049491882324
0.3097085952758789
0.11672759056091309
0.3267791271209717
0.07388973236083984
0.3018474578857422
0.13240408897399902
0.1223897933959961
0.12999272346496582
0.152557373046875
0.13996624946594238
0.13142728805541992
0.14054369926452637
0.11242413520812988
0.09654021263122559
0.10940313339233398
0.12373995780944824
0.07207632064819336
0.13390707969665527
0.1336994171142578
0.12181401252746582
0.15943360328674316
0.14527344703674316
0.09824323654174805
0.16287636756896973
0.15939855575561523
0.13522768020629883
0.15223288536071777
0.15751099586486816
0.1647346019744873
0.17345738410949707
0.22299408912658691
0.15969610214233398
0.22367334365844727
0.18140029907226562
0.1859138011932373
0.18386054039001465
0.18667101860046387
0.14406800270080566
0.202836275100708
0.18581724166870117
0.2320542335510254
0.27045679092407227
0.22092056274414062
0.23596644401550293
0.2277388572692871
0.22055602073669434
0.285214900970459
0.20075488090515137
0.22809600830078125
0.24130821228027344
0.21361207962036133
0.13013958930969238
0.13955473899841309
0.12520337104797363
0.09696555137634277
0.13274073600769043
0.2679572105407715
0.14848542213439941
0.15505456924438477
0.15963506698608398
0.15287995338439941
0.23769640922546387
0.2745048999786377
0.17692971229553223
0.2555718421936035
0.3039212226867676
0.27858448028564453
0.11108946800231934
0.11098289489746094
0.26975274085998535
0.28836679458618164
0.35408496856689453
0.30524277687072754
0.2762272357940674
0.27403879165649414
0.11806607246398926
0.243086576461792
0.1718134880065918
0.11425256729125977
0.11195206642150879
0.32580018043518066
0.1334547996520996
0.1923825740814209
0.2075967788696289
0.14690852165222168
0.10040163993835449
0.10453557968139648
0.11132454872131348
0.11640596389770508
0.13141632080078125
0.12571930885314941
0.12617778778076172
0.07920265197753906
0.16559529304504395
0.12449836730957031
0.16858839988708496
0.04562044143676758
0.1444094181060791
0.06488227844238281
0.06144380569458008
0.08794069290161133
0.10953521728515625
0.09728813171386719
0.16956567764282227
0.09442877769470215
0.05154061317443848
0.18790698051452637
0.14520525932312012
0.20430731773376465
0.15158510208129883
0.1234285831451416
0.08889603614807129
0.07176637649536133
0.07031989097595215
0.08532309532165527
0.25136756896972656
0.08044195175170898
0.2256927490234375
0.09138345718383789
0.1746220588684082
0.2143862247467041
0.23125314712524414
0.2278144359588623
0.5351333618164062
0.26634740829467773
0.1797342300415039
0.10730671882629395
0.20056867599487305
0.24502205848693848
0.20941472053527832
0.2772512435913086
0.2428131103515625
0.06277704238891602
0.2119736671447754
0.042474985122680664
0.23405671119689941
0.16879796981811523
0.20157074928283691
0.2603597640991211
0.27610015869140625
0.21473336219787598
0.2542226314544678
0.16501736640930176
0.1509537696838379
0.24881505966186523
0.3137795925140381
0.07424092292785645
0.1576380729675293
0.2050318717956543
0.12803888320922852
0.20445823669433594
0.11911892890930176
0.1515660285949707
0.12560176849365234
0.13042044639587402
0.13666248321533203
0.16315984725952148
0.08332991600036621
0.26215577125549316
0.1474781036376953
0.09567379951477051
0.2508547306060791
0.13929104804992676
0.16055631637573242
0.16501259803771973
0.2799563407897949
0.11000990867614746
0.1280050277709961
0.13457393646240234
0.17170190811157227
0.11501693725585938
0.12806987762451172
0.13297247886657715
0.11474299430847168
0.19530129432678223
0.14641857147216797
0.1602308750152588
0.18056893348693848
0.13930583000183105
0.18733525276184082
0.17965984344482422
0.17357683181762695
0.13950061798095703
0.12157225608825684
0.18012785911560059
0.16763567924499512
0.20232367515563965
0.15071749687194824
0.17212462425231934
0.16186189651489258
0.16570377349853516
0.17580485343933105
0.23038148880004883
0.2202284336090088
0.14322543144226074
0.16129565238952637
0.05975031852722168
0.05949282646179199
0.0684046745300293
0.0813744068145752
0.2785472869873047
0.09998464584350586
0.08490514755249023
0.06743001937866211
0.3180999755859375
0.0570523738861084
0.08528304100036621
0.23351669311523438
0.2658388614654541
0.13496136665344238
0.11113262176513672
0.25919508934020996
0.1201169490814209
0.08420109748840332
0.30880093574523926
0.11516094207763672
0.33080434799194336
0.2685253620147705
0.12492704391479492
0.05325794219970703
0.04332733154296875
0.13736701011657715
0.278994083404541
0.3660106658935547
0.27582526206970215
0.33726954460144043
0.3353862762451172
0.21485567092895508
0.37448740005493164
0.3630497455596924
0.2849304676055908
0.06032514572143555
0.19277548789978027
0.07942414283752441
0.31223177909851074
0.36847710609436035
0.18999147415161133
0.4038572311401367
0.306673526763916
0.3289923667907715
0.07676291465759277
0.23376131057739258
0.09186601638793945
0.19187140464782715
0.18120670318603516
0.16340136528015137
0.18129253387451172
0.10061430931091309
0.34543871879577637
0.28874754905700684
0.09491276741027832
0.24416804313659668
0.1085057258605957
0.10466742515563965
0.222090482711792
0.26298022270202637
0.23338627815246582
0.21831822395324707
0.10302424430847168
0.247572660446167
0.08746218681335449
0.1077730655670166
0.11464047431945801
0.15351510047912598
0.288743257522583
0.139634370803833
0.11140656471252441
0.10544705390930176
0.09786558151245117
0.1134634017944336
0.10484075546264648
0.12158584594726562
0.13164305686950684
0.13201570510864258
0.17789459228515625
0.11610841751098633
0.12263107299804688
0.13016104698181152
0.15029621124267578
0.160630464553833
0.16963744163513184
0.10977625846862793
0.1640772819519043
0.22788429260253906
0.05634355545043945
0.22710657119750977
0.22542238235473633
0.2218940258026123
0.20900440216064453
0.2130568027496338
0.2411792278289795
0.19890928268432617
0.15147829055786133
0.06240701675415039
0.2277684211730957
0.21854424476623535
0.19523286819458008
0.19526052474975586
0.18573236465454102
0.22054338455200195
0.16135072708129883
0.2106611728668213
0.16837549209594727
0.14430999755859375
0.2615509033203125
0.18789219856262207
0.22014760971069336
0.1726226806640625
0.2063124179840088
0.059188127517700195
0.14908933639526367
0.2401561737060547
0.11887192726135254
0.21229910850524902
0.0801703929901123
0.26451683044433594
0.0926976203918457
0.23683595657348633
0.272092342376709
0.23932552337646484
0.26941633224487305
0.1993100643157959
0.2641940116882324
0.08902597427368164
0.2367556095123291
0.2986748218536377
0.26203131675720215
0.2895681858062744
0.26394152641296387
0.24041152000427246
0.3165256977081299
0.10547542572021484
0.2618422508239746
0.23752498626708984
0.08324909210205078
0.07895278930664062
0.10631895065307617
0.10276651382446289
0.27171897888183594
0.26657533645629883
0.08654332160949707
0.11486697196960449
0.09445858001708984
0.11762857437133789
0.1360783576965332
0.11191844940185547
0.09987735748291016
0.14371442794799805
0.1234889030456543
0.11500120162963867
0.046783447265625
0.21169567108154297
0.19402337074279785
0.15111637115478516
0.19208192825317383
0.17565178871154785
0.15986132621765137
0.19223713874816895
0.20701265335083008
0.15900683403015137
0.201094388961792
0.21566390991210938
0.19205284118652344
0.2508378028869629
0.2246699333190918
0.1870427131652832
0.0783088207244873
0.05881547927856445
0.28333473205566406
0.26891636848449707
0.27539682388305664
0.16079092025756836
0.2219254970550537
0.20803546905517578
0.11002469062805176
0.3102865219116211
0.21773576736450195
0.33267974853515625
0.250171422958374
0.03918576240539551
0.23944330215454102
0.2508573532104492
0.22809052467346191
0.25275182723999023
0.27414894104003906
0.3500204086303711
0.3668553829193115
0.29866862297058105
0.25667643547058105
0.3177032470703125
0.3852851390838623
0.28629159927368164
0.06459593772888184
0.05941414833068848
0.2573122978210449
0.16603374481201172
0.3262808322906494
0.2774674892425537
0.29403018951416016
0.33736228942871094
0.3678462505340576
0.2549734115600586
0.10431885719299316
0.08418941497802734
0.11455368995666504
0.11245226860046387
0.28478407859802246
0.3737666606903076
0.17963147163391113
0.2546076774597168
0.09676146507263184
0.15286827087402344
0.09633731842041016
0.1818232536315918
0.144852876663208
0.12721896171569824
0.10228848457336426
0.43988895416259766
0.1688539981842041
0.38757801055908203
0.1392984390258789
0.1470952033996582
0.16368746757507324
0.12867259979248047
0.13306236267089844
0.10631299018859863
0.1407928466796875
0.13649439811706543
0.10963058471679688
0.1433887481689453
0.14289498329162598
0.1503000259399414
0.15369701385498047
0.14757513999938965
0.17069292068481445
0.15092873573303223
0.12326359748840332
0.17024564743041992
0.16219687461853027
0.18931937217712402
0.2079319953918457
0.17062115669250488
0.13041377067565918
0.15976452827453613
0.05978250503540039
0.17071151733398438
0.21827149391174316
0.1211092472076416
0.20790839195251465
0.17696833610534668
0.14183735847473145
0.07754731178283691
0.17722153663635254
0.05254387855529785
0.06705832481384277
0.05847907066345215
0.2080094814300537
0.0677027702331543
0.0690464973449707
0.0797417163848877
0.061705589294433594
0.07040786743164062
0.08381485939025879
0.07343626022338867
0.23674273490905762
0.08591008186340332
0.06027865409851074
0.11371803283691406
0.2900872230529785
0.2814655303955078
0.2982494831085205
0.28745555877685547
0.2605714797973633
0.314678430557251
0.24675536155700684
0.08448624610900879
0.3154745101928711
0.2338733673095703
0.11902046203613281
0.25931286811828613
0.19382405281066895
0.3356781005859375
0.31706905364990234
0.2617182731628418
0.25713300704956055
0.2575645446777344
0.2920835018157959
0.28335118293762207
0.2922077178955078
0.27263879776000977
0.15311646461486816
0.26233863830566406
0.291947603225708
0.33005213737487793
0.14302492141723633
0.14711856842041016
0.1530468463897705
0.12376904487609863
0.3108983039855957
0.17907094955444336
0.10102128982543945
0.29016876220703125
0.15407776832580566
0.1791858673095703
0.12694168090820312
0.13778424263000488
0.3422677516937256
0.30191516876220703
0.11612582206726074
0.09368062019348145
0.19800233840942383
0.10440397262573242
0.11221575736999512
0.11240959167480469
0.11165404319763184
0.14432358741760254
0.10725116729736328
0.09663748741149902
0.0806570053100586
0.14313387870788574
0.19017696380615234
0.16895532608032227
0.2018880844116211
0.1274096965789795
0.11432719230651855
0.21341800689697266
0.04103279113769531
0.2332324981689453
0.05817818641662598
0.25028133392333984
0.23798441886901855
0.2885324954986572
0.20785117149353027
0.2701880931854248
0.20537066459655762
0.21690583229064941
0.284393310546875
0.21474695205688477
0.2299649715423584
0.2711014747619629
0.3132619857788086
0.05283474922180176
0.145888090133667
0.26545023918151855
0.21718788146972656
0.328216552734375
0.27869701385498047
0.07709670066833496
0.2978188991546631
0.1596696376800537
0.30469536781311035
0.31795597076416016
0.3313729763031006
0.08706474304199219
0.2086641788482666
0.3055424690246582
0.17305731773376465
0.3946113586425781
0.3176131248474121
0.31719517707824707
0.2234206199645996
0.36049532890319824
0.11589503288269043
0.38271188735961914
0.390239953994751
0.20241379737854004
0.18220901489257812
0.10528087615966797
0.11361289024353027
0.12903809547424316
0.18843460083007812
0.18024754524230957
0.2271580696105957
0.14960503578186035
0.19172072410583496
0.22928929328918457
0.14644885063171387
0.23601627349853516
0.1555638313293457
0.23187708854675293
0.14470815658569336
0.17390990257263184
0.20405149459838867
0.23137784004211426
0.15598011016845703
0.1611769199371338
0.25210070610046387
0.21594715118408203
0.18838143348693848
0.21547698974609375
0.18785810470581055
0.23076891899108887
0.09276747703552246
0.2186112403869629
0.2963907718658447
0.2711963653564453
0.07078981399536133
0.2886030673980713
0.20637798309326172
0.22673535346984863
0.2799711227416992
0.05916571617126465
0.054902076721191406
0.2585723400115967
0.23199081420898438
0.09133720397949219
0.0816950798034668
0.09051704406738281
0.10207271575927734
0.057491302490234375
0.26062631607055664
0.23899507522583008
0.07394170761108398
0.2802407741546631
0.31871604919433594
0.31845712661743164
0.046903371810913086
0.33867788314819336
0.3085317611694336
0.12196850776672363
0.28131103515625
0.3337101936340332
0.13483190536499023
0.05013537406921387
0.3230321407318115
0.2793557643890381
0.33913636207580566
0.3193347454071045
0.13273310661315918
0.33489441871643066
0.06280708312988281
0.09781193733215332
0.05008697509765625
0.1479027271270752
0.11174964904785156
0.06790614128112793
0.3419167995452881
0.06879401206970215
0.07094144821166992
0.06922006607055664
0.07285428047180176
0.13288140296936035
0.06318211555480957
0.053655385971069336
0.0644080638885498
0.09802079200744629
0.09754467010498047
0.09830236434936523
0.1434323787689209
0.05408024787902832
0.07294344902038574
0.10134315490722656
0.05949687957763672
0.07099366188049316
0.0804295539855957
0.050360918045043945
0.04825615882873535
0.06212592124938965
0.054560184478759766
0.08112120628356934
0.048973798751831055
0.07642865180969238
0.05537080764770508
0.17348456382751465
0.09452056884765625
0.06646943092346191
0.15849041938781738
0.2368626594543457
0.22373414039611816
0.191359281539917
0.07639360427856445
0.10261082649230957
0.11607861518859863
0.0981435775756836
0.05205273628234863
0.041790008544921875
0.3669147491455078
0.269824743270874
0.3965611457824707
0.3403148651123047
0.1397233009338379
0.38906145095825195
0.34285879135131836
0.372467041015625
0.09085607528686523
0.2839372158050537
0.3593630790710449
0.33609938621520996
0.24811077117919922
0.34240126609802246
0.2895534038543701
0.20012116432189941
0.39394044876098633
0.305370569229126
0.37868833541870117
0.06488990783691406
0.32058119773864746
0.334273099899292
0.09649085998535156
0.36967015266418457
0.312345027923584
0.30824828147888184
0.09191584587097168
0.3339064121246338
0.08568215370178223
0.3182861804962158
0.31745481491088867
0.38909268379211426
0.39350104331970215
0.332592248916626
0.09298920631408691
0.3924133777618408
0.328233003616333
0.11059117317199707
0.12384390830993652
0.09557461738586426
0.10380411148071289
0.12207269668579102
0.12820935249328613
0.42360496520996094
0.12247276306152344
0.10087156295776367
0.16721391677856445
0.14797163009643555
0.14748406410217285
0.1571824550628662
0.14825677871704102
0.1782681941986084
0.19186758995056152
0.12180924415588379
0.04538249969482422
0.18017911911010742
0.2219839096069336
0.20245814323425293
0.14345479011535645
0.20492792129516602
0.18961691856384277
0.22282195091247559
0.22309041023254395
0.25322771072387695
0.17022442817687988
0.17679572105407715
0.1904892921447754
0.19024014472961426
0.1990036964416504
0.17039823532104492
0.265155553817749
0.2113323211669922
0.19180965423583984
0.1838514804840088
0.2128767967224121
0.22286558151245117
0.2718322277069092
0.2862839698791504
0.24814248085021973
0.30309009552001953
0.06950044631958008
0.07099294662475586
0.2823059558868408
0.24826550483703613
0.30495715141296387
0.08093023300170898
0.067047119140625
0.10207557678222656
0.25070762634277344
0.31186699867248535
0.30103182792663574
0.09675836563110352
0.06577444076538086
0.0702817440032959
0.09049320220947266
0.09032797813415527
0.32268190383911133
0.36712217330932617
0.33738040924072266
0.30338525772094727
0.16437053680419922
0.12478280067443848
0.13769984245300293
0.36689233779907227
0.18567252159118652
0.07513570785522461
0.14139389991760254
0.46262574195861816
0.10021829605102539
0.1877894401550293
0.45520472526550293
0.2529873847961426
0.13015294075012207
0.13406729698181152
0.24880456924438477
0.4601776599884033
0.1293957233428955
0.1386723518371582
0.22998690605163574
0.25667262077331543
0.4182546138763428
0.1110992431640625
0.15052556991577148
0.14535212516784668
0.1790008544921875
0.12450122833251953
0.1009666919708252
0.09884238243103027
0.16068482398986816
0.15073776245117188
0.1208491325378418
0.14389562606811523
0.15153717994689941
0.20143675804138184
0.23286008834838867
0.17702484130859375
0.16455435752868652
0.17644834518432617
0.15393686294555664
0.21200060844421387
0.22302579879760742
0.18420648574829102
0.2166142463684082
0.24894928932189941
0.1516284942626953
0.22769737243652344
0.21954631805419922
0.21248412132263184
0.1719679832458496
0.08359122276306152
0.17216753959655762
0.25609350204467773
0.1823418140411377
0.08981466293334961
0.13404154777526855
0.25908732414245605
0.04595947265625
0.0741424560546875
0.07405996322631836
0.07687187194824219
0.08437848091125488
0.08137989044189453
0.0681142807006836
0.0615079402923584
0.07026410102844238
0.07983040809631348
0.06231856346130371
0.05112195014953613
0.06869316101074219
0.05389285087585449
0.09506368637084961
0.03288984298706055
0.08292865753173828
0.09168362617492676
0.3188345432281494
0.03159618377685547
0.27595067024230957
0.3598959445953369
0.05054426193237305
0.049996376037597656
0.08385086059570312
0.07150053977966309
0.0765838623046875
0.05645442008972168
0.08652877807617188
0.04703640937805176
0.07364153861999512
0.07137131690979004
0.040218353271484375
0.04181718826293945
0.05918264389038086
0.45760011672973633
0.42711758613586426
0.40337419509887695
0.470409631729126
0.39717531204223633
0.3356196880340576
0.3966538906097412
0.42005348205566406
0.4437987804412842
0.4500720500946045
0.38967251777648926
0.2850453853607178
0.471437931060791
0.3208343982696533
0.4438321590423584
0.4975306987762451
0.4696218967437744
0.4340081214904785
0.32013869285583496
0.2767517566680908
0.21115398406982422
0.256946325302124
0.12940549850463867
0.07919979095458984
0.12438464164733887
0.11002111434936523
0.31395554542541504
0.08232450485229492
0.2193911075592041
0.12377166748046875
0.31169843673706055
0.10441422462463379
0.2600240707397461
0.08818244934082031
0.5614008903503418
0.12519121170043945
0.14914870262145996
0.13484692573547363
0.0970163345336914
0.09708762168884277
0.14583730697631836
0.2657957077026367
0.11347222328186035
0.169464111328125
0.09716653823852539
0.1318831443786621
0.13727355003356934
0.12071371078491211
0.1187281608581543
0.15120863914489746
0.06334137916564941
0.15534520149230957
0.13821697235107422
0.12633204460144043
0.19065022468566895
0.12925100326538086
0.15136289596557617
0.22335028648376465
0.12075352668762207
0.12256145477294922
0.15965867042541504
0.18279695510864258
0.12815594673156738
0.046468257904052734
0.20313167572021484
0.24525022506713867
0.14543581008911133
0.06141781806945801
0.21153950691223145
0.2583794593811035
0.17995405197143555
0.19875335693359375
0.16128849983215332
0.255401611328125
0.2558879852294922
0.07169485092163086
0.2252964973449707
0.09037661552429199
0.05861687660217285
0.22497010231018066
0.26806139945983887
0.15905523300170898
0.05918383598327637
0.11159181594848633
0.10837602615356445
0.2940235137939453
0.12567830085754395
0.3233816623687744
0.3095564842224121
0.32853245735168457
0.306835412979126
0.30615830421447754
0.08867502212524414
0.2946488857269287
0.32396793365478516
0.2846550941467285
0.3661351203918457
0.07427835464477539
0.08912158012390137
0.09796524047851562
0.10382485389709473
0.08610153198242188
0.14109325408935547
0.10250377655029297
0.3350398540496826
0.32315969467163086
0.28353166580200195
0.29837679862976074
0.10027360916137695
0.3992142677307129
0.29306626319885254
0.3872644901275635
0.06871724128723145
0.061487674713134766
0.31171512603759766
0.3429896831512451
0.3384816646575928
0.0583798885345459
0.0554659366607666
0.039772748947143555
0.037322044372558594
0.43768954277038574
0.28926801681518555
0.2767341136932373
0.39310669898986816
0.13712692260742188
0.4019179344177246
0.04471564292907715
0.1391146183013916
0.06801724433898926
0.11035776138305664
0.06965827941894531
0.19988799095153809
0.19990801811218262
0.25409364700317383
0.21268677711486816
0.1336829662322998
0.15206456184387207
0.17001938819885254
0.2198188304901123
0.24048304557800293
0.15223288536071777
0.15751099586486816
0.1647346019744873
0.17345738410949707
0.22299408912658691
0.15969610214233398
0.22367334365844727
0.18140029907226562
0.1859138011932373
0.18386054039001465
0.1866710
0.19861412048339844
0.3241150379180908
0.18364524841308594
0.37039923667907715
0.17244338989257812
0.1837749481201172
0.16362738609313965
0.4881575107574463
0.33693671226501465
0.12797904014587402
0.2772858142852783
0.155487060546875
0.0853424072265625
0.15457987785339355
0.1526346206665039
0.2601292133331299
0.08191704750061035
0.32213592529296875
0.13347196578979492
0.1597273349761963
0.30446934700012207
0.18106698989868164
0.15058565139770508
0.228165864944458
0.20970535278320312
0.1072397232055664
0.08407258987426758
0.24447035789489746
0.10477232933044434
0.29933881759643555
0.08413076400756836
0.11411023139953613
0.10229992866516113
0.09690523147583008
0.21661376953125
0.13155770301818848
0.10219597816467285
0.13180255889892578
0.12485527992248535
0.11538553237915039
0.22534990310668945
0.09684062004089355
0.10566496849060059
0.34130024909973145
0.13036417961120605
0.11049175262451172
0.12183570861816406
0.3124089241027832
0.10724520683288574
0.15215516090393066
0.1916804313659668
0.1356666088104248
0.1532273292541504
0.17361974716186523
0.16617417335510254
0.13708281517028809
0.15951037406921387
0.1678314208984375
0.18595600128173828
0.12805438041687012
0.12547802925109863
0.15894532203674316
0.21767926216125488
0.22075462341308594
0.1551508903503418
0.22083401679992676
0.1406257152557373
0.2524399757385254
0.09222292900085449
0.05736184120178223
0.06137347221374512
0.17288565635681152
0.18488621711730957
0.18118071556091309
0.22716236114501953
0.06873536109924316
0.23917818069458008
0.0877084732055664
0.2987487316131592
0.2987101078033447
0.29222702980041504
0.2818262577056885
0.2771587371826172
0.3186769485473633
0.2792963981628418
0.2931647300720215
0.05599474906921387
0.10392141342163086
0.30126261711120605
0.26837944984436035
0.11428403854370117
0.09394979476928711
0.33087921142578125
0.321291446685791
0.2859196662902832
0.2738347053527832
0.3234872817993164
0.10872626304626465
0.35303616523742676
0.2820878028869629
0.27851200103759766
0.26976513862609863
0.2600698471069336
0.13811159133911133
0.37378621101379395
0.13030457496643066
0.2742154598236084
0.12963557243347168
0.10425090789794922
0.12809014320373535
0.14713692665100098
0.16577625274658203
0.1273939609527588
0.16362524032592773
0.06365370750427246
0.13819479942321777
0.12618708610534668
0.0652153491973877
0.09546589851379395
0.1292715072631836
0.1654222011566162
0.18409132957458496
0.4278898239135742
0.09711980819702148
0.11397671699523926
0.34763097763061523
0.22163701057434082
0.1405951976776123
0.12730097770690918
0.11885333061218262
0.12525057792663574
0.11698365211486816
0.10916948318481445
0.12160205841064453
0.11598396301269531
0.14018011093139648
0.1387498378753662
0.42046093940734863
0.20510435104370117
0.17032647132873535
0.13779044151306152
0.2608058452606201
0.20377492904663086
0.12344861030578613
0.21349549293518066
0.14527368545532227
0.1870129108428955
0.2193446159362793
0.1124873161315918
0.24092864990234375
0.23100519180297852
0.23565435409545898
0.23990845680236816
0.13865375518798828
0.16829252243041992
0.24183893203735352
0.2681996822357178
0.18638992309570312
0.2046191692352295
0.2262122631072998
0.2329251766204834
0.07753157615661621
0.2015843391418457
0.28994154930114746
0.2112870216369629
0.23624730110168457
0.20551490783691406
0.18239569664001465
0.27869153022766113
0.16304254531860352
0.29207539558410645
0.20765924453735352
0.2037041187286377
0.20958828926086426
0.2020418643951416
0.09587383270263672
0.08487057685852051
0.09507393836975098
0.3303110599517822
0.28867197036743164
0.11721014976501465
0.3336160182952881
0.3135225772857666
0.34650468826293945
0.3401038646697998
0.10453486442565918
0.30832552909851074
0.3221435546875
0.23791909217834473
0.3531358242034912
0.16314435005187988
0.28890466690063477
0.27129530906677246
0.17369461059570312
0.27790236473083496
0.3529355525970459
0.2128159999847412
0.34274983406066895
0.16034221649169922
0.32539987564086914
0.15018272399902344
0.16287708282470703
0.2362041473388672
0.19142508506774902
0.2935292720794678
0.20981049537658691
0.23470354080200195
0.3128621578216553
0.2627549171447754
0.22260499000549316
0.18741583824157715
0.21089625358581543
0.20656371116638184
0.15979790687561035
0.26247525215148926
0.32560276985168457
0.23288583755493164
0.3539299964904785
0.29813623428344727
0.2212827205657959
0.33951330184936523
0.30670809745788574
0.33745861053466797
0.3701908588409424
0.10083723068237305
0.31830668449401855
0.3353278636932373
0.28795599937438965
0.3345370292663574
0.3697471618652344
0.2839505672454834
0.35414862632751465
0.30582404136657715
0.376373291015625
0.39624547958374023
0.3254539966583252
0.3977377414703369
0.3912394046783447
0.3181591033935547
0.11383366584777832
0.12639236450195312
0.18095946311950684
0.1238408088684082
0.4488255977630615
0.35352230072021484
0.3667714595794678
0.43598461151123047
0.43317365646362305
0.14231109619140625
0.4013183116912842
0.1560521125793457
0.4117097854614258
0.15645837783813477
0.3646559715270996
0.43250012397766113
0.3431384563446045
0.44867563247680664
0.3531043529510498
0.3616347312927246
0.14696025848388672
0.17568373680114746
0.18259096145629883
0.18248891830444336
0.22478842735290527
0.2455739974975586
0.039682626724243164
0.22029471397399902
0.24429678916931152
0.2148737907409668
0.2248225212097168
0.18076252937316895
0.21738743782043457
0.28054261207580566
0.24912118911743164
0.2695960998535156
0.1040952205657959
0.307034969329834
0.3051903247833252
0.251068115234375
0.21175813674926758
0.2586336135864258
0.2655048370361328
0.2866365909576416
0.23867177963256836
0.061257123947143555
0.07475447654724121
0.07517099380493164
0.037378549575805664
0.07333850860595703
0.33863186836242676
0.07591986656188965
0.25394654273986816
0.37364840507507324
0.36281323432922363
0.2664029598236084
0.04184842109680176
0.29184484481811523
0.3932504653930664
0.21964168548583984
0.10263442993164062
0.3193202018737793
0.29455041885375977
0.06771397590637207
0.09916138648986816
0.35213303565979004
0.3140139579772949
0.36559629440307617
0.3118586540222168
0.3018620014190674
0.33707189559936523
0.32348012924194336
0.11040472984313965
0.42348146438598633
0.4139070510864258
0.43439793586730957
0.3489868640899658
0.31173086166381836
0.14620256423950195
0.3609766960144043
0.11832118034362793
0.15561985969543457
0.3894529342651367
0.176375150680542
0.3753087520599365
0.13249588012695312
0.30171966552734375
0.14722466468811035
0.13619446754455566
0.4211747646331787
0.12566471099853516
0.427997350692749
0.39472293853759766
0.13631772994995117
0.1669313907623291
0.19408679008483887
0.472719669342041
0.13816380500793457
0.24232912063598633
0.2093956470489502
0.19034361839294434
0.25666189193725586
0.22469782829284668
0.20753717422485352
0.17169976234436035
0.2867109775543213
0.15243148803710938
0.26302456855773926
0.18009471893310547
0.17091059684753418
0.2461237907409668
0.2082805633544922
0.22029376029968262
0.2672727108001709
0.1722705364227295
0.2881596088409424
0.20555639266967773
0.24953246116638184
0.24875497817993164
0.2668321132659912
0.2863121032714844
0.1938800811767578
0.23385858535766602
0.23230504989624023
0.3338961601257324
0.2984275817871094
0.34615302085876465
0.2196033000946045
0.28590941429138184
0.10560822486877441
0.11127519607543945
0.08250856399536133
0.40222954750061035
0.09321451187133789
0.3593406677246094
0.14254283905029297
0.1474921703338623
0.33068346977233887
0.2791299819946289
0.14130759239196777
0.27645087242126465
0.2825477123260498
0.38448452949523926
0.3122687339782715
0.31035375595092773
0.31195902824401855
0.37090301513671875
0.3561573028564453
0.40190601348876953
0.4077894687652588
0.1977527141571045
0.18973112106323242
0.21875476837158203
0.24542522430419922
0.23447322845458984
0.2472858428955078
0.24707746505737305
