0.19977831840515137
0.24805808067321777
0.2564525604248047
0.269758939743042
0.07559561729431152
0.05546164512634277
0.05160784721374512
0.04971814155578613
0.054051876068115234
0.3342554569244385
0.03403425216674805
0.05512046813964844
0.054457902908325195
0.05855107307434082
0.045423269271850586
0.06112408638000488
0.062180280685424805
0.06255936622619629
0.09622740745544434
0.09810709953308105
0.049387454986572266
0.05704236030578613
0.09140753746032715
0.046967506408691406
0.04815387725830078
0.040308475494384766
0.07831263542175293
0.05237579345703125
0.05638694763183594
0.055301666259765625
0.05167698860168457
0.055693626403808594
0.0415804386138916
0.07342791557312012
0.06226038932800293
0.0499265193939209
0.0688328742980957
0.03494596481323242
0.041570186614990234
0.04348301887512207
0.052600860595703125
0.05264115333557129
0.0773625373840332
0.06411051750183105
0.041280508041381836
0.04727625846862793
0.04306316375732422
0.055182456970214844
0.03440070152282715
0.05865931510925293
0.04291486740112305
0.11916851997375488
0.050406455993652344
0.041909217834472656
0.03955698013305664
0.038753509521484375
0.03798937797546387
0.05441093444824219
0.052965641021728516
0.044684648513793945
0.04573655128479004
0.0421442985534668
0.038762807846069336
0.04016375541687012
0.052765846252441406
0.041222572326660156
0.0592191219329834
0.05475783348083496
0.06481337547302246
0.05363035202026367
0.08051586151123047
0.06292891502380371
0.044956207275390625
0.06473684310913086
0.0577237606048584
0.05651259422302246
0.06977677345275879
0.04429364204406738
0.09363174438476562
0.0436556339263916
0.04500222206115723
0.06092548370361328
0.0588381290435791
0.07536101341247559
0.0950932502746582
0.07979965209960938
0.11871671676635742
0.048859596252441406
0.06779909133911133
0.06549453735351562
0.04482555389404297
0.06942868232727051
0.09331107139587402
0.05337786674499512
0.060668230056762695
0.06006169319152832
0.048041582107543945
0.04502749443054199
0.04921317100524902
0.04217195510864258
0.05904221534729004
0.06140398979187012
0.0699160099029541
0.05177116394042969
0.08592009544372559
0.06559467315673828
0.07396054267883301
0.05606269836425781
0.08292007446289062
0.04198026657104492
0.036522626876831055
0.08519911766052246
0.05348324775695801
0.10000824928283691
0.04347419738769531
0.05971956253051758
0.14702749252319336
0.048375844955444336
0.055667877197265625
0.08693099021911621
0.07223272323608398
0.06481575965881348
0.10191726684570312
0.04315662384033203
0.08400535583496094
0.10324811935424805
0.042463064193725586
0.0475616455078125
0.06719279289245605
0.04340934753417969
0.0508723258972168
0.04190397262573242
0.04689335823059082
0.04935288429260254
0.04416394233703613
0.037395477294921875
0.04548931121826172
0.0457301139831543
0.05981850624084473
0.04517006874084473
0.03966856002807617
0.04523801803588867
0.047174692153930664
0.043154239654541016
0.04258322715759277
0.04538154602050781
0.047029733657836914
0.03735065460205078
0.05368185043334961
0.04582476615905762
0.030842304229736328
0.06825757026672363
0.04404950141906738
0.034214019775390625
0.046851396560668945
0.039766550064086914
0.04415774345397949
0.03736376762390137
0.046217918395996094
0.04902005195617676
0.05233407020568848
0.12362003326416016
0.11506223678588867
0.10199570655822754
0.08572626113891602
0.05135393142700195
0.05964851379394531
0.034273624420166016
0.04671216011047363
0.06502819061279297
0.04934382438659668
0.046884775161743164
0.06577253341674805
0.05214333534240723
0.04375934600830078
0.05099821090698242
0.041904449462890625
0.06329536437988281
0.046346187591552734
0.04291892051696777
0.0604250431060791
0.046319007873535156
0.04496169090270996
0.051036834716796875
0.22479605674743652
0.0524749755859375
0.049284934997558594
0.058083534240722656
0.04204821586608887
0.043959856033325195
0.04231381416320801
0.07179617881774902
0.038942813873291016
0.040325164794921875
0.04229927062988281
0.04293966293334961
0.03632855415344238
0.040149688720703125
0.05589175224304199
0.04665541648864746
0.1521439552307129
0.06449699401855469
0.06149578094482422
0.042264699935913086
0.07695913314819336
0.047701358795166016
0.07367467880249023
0.08103609085083008
0.06169271469116211
0.04008221626281738
0.0533907413482666
0.04437065124511719
0.05442929267883301
0.06785273551940918
0.04278874397277832
0.04094123840332031
0.04993271827697754
0.04163861274719238
0.0530393123626709
0.05458331108093262
0.07253861427307129
0.0489354133605957
0.07657814025878906
0.059087514877319336
0.04507303237915039
0.04243755340576172
0.05102944374084473
0.06663179397583008
0.0728001594543457
0.04068708419799805
0.05115842819213867
0.05150604248046875
0.044442176818847656
0.05975961685180664
0.04299759864807129
0.11207461357116699
0.11491942405700684
0.12421202659606934
0.09393525123596191
0.04529452323913574
0.05385589599609375
0.04475569725036621
0.0419154167175293
0.06401419639587402
0.0749049186706543
0.0461583137512207
0.046769142150878906
0.08653926849365234
0.08838105201721191
0.09774923324584961
0.04002499580383301
0.040444135665893555
0.03865408897399902
0.056261301040649414
0.06767559051513672
0.044016122817993164
0.10468816757202148
0.09141778945922852
0.04452657699584961
0.03398537635803223
0.04284834861755371
0.05115914344787598
0.040068864822387695
0.051663875579833984
0.14158082008361816
0.04816460609436035
0.05729198455810547
0.11544656753540039
0.0448908805847168
0.23212075233459473
0.04185819625854492
0.08424592018127441
0.09479570388793945
0.07084846496582031
0.09219121932983398
0.07826113700866699
0.047103166580200195
0.09735107421875
0.04453110694885254
0.1795210838317871
0.17855072021484375
0.16014647483825684
0.1512618064880371
0.04153156280517578
0.06293869018554688
0.06265425682067871
0.06279802322387695
0.07851433753967285
0.04333162307739258
0.03551506996154785
0.05416607856750488
0.058442115783691406
0.06133842468261719
0.07481908798217773
0.055519819259643555
0.12041306495666504
0.07795500755310059
0.04442334175109863
0.09009170532226562
0.11292600631713867
0.06937289237976074
0.06374621391296387
0.06545853614807129
0.07117652893066406
0.08298182487487793
0.04552650451660156
0.04228091239929199
0.04472541809082031
0.05049777030944824
0.08468937873840332
0.06537413597106934
0.0517885684967041
0.06858038902282715
0.04826712608337402
0.10491228103637695
0.06556439399719238
0.06170010566711426
0.07400774955749512
0.034729719161987305
0.04894709587097168
0.04094195365905762
0.05394768714904785
0.09039044380187988
0.04587078094482422
0.10677123069763184
0.07767891883850098
0.10291695594787598
0.06959247589111328
0.07258200645446777
0.03777503967285156
0.05281472206115723
0.05550575256347656
0.048125267028808594
0.040853023529052734
0.0793907642364502
0.06283140182495117
0.05452847480773926
0.04578590393066406
0.12926435470581055
0.03805899620056152
0.06620359420776367
0.07098269462585449
0.07924914360046387
0.05215811729431152
0.03731131553649902
0.05948328971862793
0.04695582389831543
0.046570777893066406
0.04923129081726074
0.09460067749023438
0.05752873420715332
0.06262016296386719
0.03861498832702637
0.038110971450805664
0.04846692085266113
0.04151105880737305
0.05948519706726074
0.050107717514038086
0.0676889419555664
0.07446980476379395
0.07406330108642578
0.05130910873413086
0.09391570091247559
0.03779339790344238
0.036119937896728516
0.04254913330078125
0.04522204399108887
0.05132937431335449
0.08306717872619629
0.06660151481628418
0.03621315956115723
0.07725119590759277
0.044947147369384766
0.0349729061126709
0.06057286262512207
0.05000042915344238
0.05084538459777832
0.05256795883178711
0.04459118843078613
0.0465240478515625
0.04932117462158203
0.04861927032470703
0.040078163146972656
0.12228775024414062
0.08238935470581055
0.06679177284240723
0.08725976943969727
0.06319117546081543
0.05442309379577637
0.07369184494018555
0.07864236831665039
0.04932403564453125
0.04938507080078125
0.0378565788269043
0.046724796295166016
0.04242849349975586
0.04394888877868652
0.0693509578704834
0.06808781623840332
0.12463188171386719
0.12193846702575684
0.1522204875946045
0.06330466270446777
0.06808114051818848
0.059037208557128906
0.034781455993652344
0.05083060264587402
0.05466938018798828
0.05811643600463867
0.03655886650085449
0.0731496810913086
0.04671955108642578
0.05060625076293945
0.060370683670043945
0.057860612869262695
0.09105563163757324
0.05384373664855957
0.07494115829467773
0.04897904396057129
0.04717588424682617
0.043145179748535156
0.04590868949890137
0.055619001388549805
0.05422806739807129
0.05496644973754883
0.04987502098083496
0.05831742286682129
0.05463361740112305
0.06274962425231934
0.0580596923828125
0.07228779792785645
0.039637088775634766
0.049810171127319336
0.04619932174682617
0.04675793647766113
0.04178667068481445
0.06878352165222168
0.05663585662841797
0.10103011131286621
0.09582948684692383
0.04276394844055176
0.03942251205444336
0.08914017677307129
0.07181596755981445
0.05836820602416992
0.05439281463623047
0.08282780647277832
0.05210685729980469
0.06222343444824219
0.07906103134155273
0.03458881378173828
0.09790658950805664
0.09578323364257812
0.04557180404663086
0.03498125076293945
0.04651069641113281
0.05453681945800781
0.041506290435791016
0.0438079833984375
0.04498004913330078
0.04868888854980469
0.06780481338500977
0.05937838554382324
0.05707907676696777
0.05663752555847168
0.053406476974487305
0.04326629638671875
0.047989845275878906
0.05299186706542969
0.03583955764770508
0.04243063926696777
0.052535295486450195
0.05987954139709473
0.08283567428588867
0.06567573547363281
0.06487059593200684
0.046254873275756836
0.04064297676086426
0.04830431938171387
0.049417734146118164
0.06694149971008301
0.07340526580810547
0.04512763023376465
0.047078609466552734
0.04857993125915527
0.04126930236816406
0.03710484504699707
0.04036116600036621
0.09432291984558105
0.16720032691955566
0.04589033126831055
0.07291054725646973
0.04912590980529785
0.04210305213928223
0.0498194694519043
0.0485074520111084
0.06715726852416992
0.05953717231750488
0.11603736877441406
0.05247926712036133
0.040648698806762695
0.05064225196838379
0.042840003967285156
0.046448707580566406
0.04502534866333008
0.03861641883850098
0.07741284370422363
0.05726218223571777
0.05016779899597168
0.05703258514404297
0.03513836860656738
0.04523062705993652
0.043828725814819336
0.049910783767700195
0.0575563907623291
0.04816269874572754
0.04628729820251465
0.054192304611206055
0.04079413414001465
0.14844250679016113
0.045977115631103516
0.05372762680053711
0.04932570457458496
0.04702138900756836
0.04705214500427246
0.0461881160736084
0.04609394073486328
0.04971885681152344
0.06716561317443848
0.034555912017822266
0.05045270919799805
0.05782270431518555
0.052558183670043945
0.045653581619262695
0.04469871520996094
0.03581094741821289
0.0543818473815918
0.048299551010131836
0.047969818115234375
0.04083871841430664
0.058864593505859375
0.04223942756652832
0.04159188270568848
0.05052065849304199
0.03801679611206055
0.03916621208190918
0.04414629936218262
0.07803082466125488
0.06608867645263672
0.05353975296020508
0.07620596885681152
0.039710283279418945
0.03423953056335449
0.044947147369384766
0.04977822303771973
0.03998613357543945
0.046527862548828125
0.07111334800720215
0.03811478614807129
0.04092216491699219
0.0429234504699707
0.04106426239013672
0.07645297050476074
0.04811429977416992
0.049874067306518555
0.17918086051940918
0.046068429946899414
0.050411224365234375
0.03785371780395508
0.05675506591796875
0.05180239677429199
0.04201984405517578
0.034012794494628906
0.04259538650512695
0.04566144943237305
0.04865908622741699
0.050638675689697266
0.04829764366149902
0.04769182205200195
0.058914899826049805
0.0405726432800293
0.0638270378112793
0.08609747886657715
0.038019418716430664
0.06548643112182617
0.04215288162231445
0.046942949295043945
0.047698974609375
0.04577183723449707
0.04808950424194336
0.04424571990966797
0.039975643157958984
0.05107569694519043
0.04672694206237793
0.04671025276184082
0.06029987335205078
0.059068918228149414
0.0887596607208252
0.06425142288208008
0.08568429946899414
0.08938455581665039
0.03495192527770996
0.04625201225280762
0.06074118614196777
0.04534649848937988
0.045053720474243164
0.05936408042907715
0.046224117279052734
0.04879879951477051
0.03591275215148926
0.04335379600524902
0.048267364501953125
0.0530552864074707
0.05790281295776367
0.04650616645812988
0.054537057876586914
0.054825782775878906
0.09630298614501953
0.04567885398864746
0.06958365440368652
0.057520151138305664
0.06006741523742676
0.11055207252502441
0.10288524627685547
0.05527353286743164
0.042299747467041016
0.06300711631774902
0.19915413856506348
0.09206771850585938
0.10982704162597656
0.04992866516113281
0.04090762138366699
0.0430753231048584
0.044217824935913086
0.05150771141052246
0.0511469841003418
0.08577799797058105
0.06340146064758301
0.05798840522766113
0.058363914489746094
0.09575390815734863
0.0522921085357666
0.04764676094055176
0.04361224174499512
0.04614067077636719
0.037351131439208984
0.04830598831176758
0.06236004829406738
0.0626072883605957
0.062132835388183594
0.04239010810852051
0.05037045478820801
0.06747961044311523
0.05776095390319824
0.07018375396728516
0.05555105209350586
0.04860258102416992
0.06810355186462402
0.06334209442138672
0.06372928619384766
0.039205312728881836
0.032471418380737305
0.05138826370239258
0.054540395736694336
0.05771923065185547
0.04512333869934082
0.040961503982543945
0.05697011947631836
0.06529951095581055
0.05568838119506836
0.04725527763366699
0.07919645309448242
0.07184600830078125
0.08496570587158203
0.10006427764892578
0.05840945243835449
0.09315371513366699
0.04694795608520508
0.0560297966003418
0.08062481880187988
0.09872651100158691
0.05149984359741211
0.057765960693359375
0.12177896499633789
0.05565476417541504
0.06337451934814453
0.03933382034301758
0.05610394477844238
0.05446338653564453
0.08714509010314941
0.0665731430053711
0.04185795783996582
0.09562373161315918
0.06124615669250488
0.04646658897399902
0.042096853256225586
0.05568814277648926
0.04461407661437988
0.046256303787231445
0.04374551773071289
0.04375791549682617
0.042179107666015625
0.06103372573852539
0.06560277938842773
0.046953439712524414
0.04899311065673828
0.10173702239990234
0.05472111701965332
0.06963849067687988
0.046471357345581055
0.04061532020568848
0.04588961601257324
0.04690289497375488
0.050832271575927734
0.05630373954772949
0.04140138626098633
0.05600690841674805
0.04076075553894043
0.04600095748901367
0.03416037559509277
0.07578921318054199
0.04466390609741211
0.08763766288757324
0.08553290367126465
0.11034941673278809
0.12774014472961426
0.10598134994506836
0.06017446517944336
0.05129241943359375
0.04846334457397461
0.06187558174133301
0.03675222396850586
0.05461931228637695
0.05585074424743652
0.07538294792175293
0.06580138206481934
0.03399372100830078
0.0447690486907959
0.08429598808288574
0.048361778259277344
0.042581796646118164
0.033446550369262695
0.03364443778991699
0.031296730041503906
0.05142974853515625
0.04866504669189453
0.05352306365966797
0.07002925872802734
0.043912649154663086
0.05005288124084473
0.05922865867614746
0.0412752628326416
0.05203604698181152
0.04874587059020996
0.03889274597167969
0.038370370864868164
0.07619667053222656
0.04762434959411621
0.040230512619018555
0.043790340423583984
0.04416155815124512
0.05311703681945801
0.05075430870056152
0.04283571243286133
0.03643393516540527
0.04188871383666992
0.057300567626953125
0.0463254451751709
0.04292726516723633
0.044754743576049805
0.03966212272644043
0.03196978569030762
0.047034263610839844
0.04719901084899902
0.04442262649536133
0.03867530822753906
0.04115700721740723
0.08809685707092285
0.07812118530273438
0.05861186981201172
0.042441606521606445
0.10387969017028809
0.05065011978149414
0.04662156105041504
0.04300522804260254
0.04782438278198242
0.038735151290893555
0.045648813247680664
0.04486656188964844
0.04266500473022461
0.041196584701538086
0.043457746505737305
0.041898250579833984
0.08156299591064453
0.11316442489624023
0.04491710662841797
0.05708026885986328
0.0356295108795166
0.04390549659729004
0.04317426681518555
0.044417381286621094
0.030376434326171875
0.05282855033874512
0.05179238319396973
0.03542160987854004
0.0770728588104248
0.042973995208740234
0.04230475425720215
0.04250192642211914
0.04998135566711426
0.05132913589477539
0.03393387794494629
0.06210756301879883
0.039969444274902344
0.03970456123352051
0.06440615653991699
0.04392528533935547
0.04997611045837402
0.06524491310119629
0.1673123836517334
0.04598546028137207
0.09065675735473633
0.08846449851989746
0.08814072608947754
0.042816162109375
0.0617680549621582
0.035056114196777344
0.044748544692993164
0.0604705810546875
0.04385209083557129
0.05460071563720703
0.0861198902130127
0.05205726623535156
0.07733654975891113
0.06409192085266113
0.04248356819152832
0.05657672882080078
0.0772395133972168
0.057843685150146484
0.03964090347290039
0.061751604080200195
0.05752205848693848
0.04053068161010742
0.03946828842163086
0.05280280113220215
0.047095537185668945
0.04465675354003906
0.06773495674133301
0.04445815086364746
0.0900120735168457
0.040691375732421875
0.03402996063232422
0.04138517379760742
0.04156923294067383
0.04919290542602539
0.043295860290527344
0.03976607322692871
0.0343019962310791
0.04896140098571777
0.040512800216674805
0.0529172420501709
0.05565500259399414
0.037606000900268555
0.05255770683288574
0.07111573219299316
0.06704211235046387
0.06478166580200195
0.057903289794921875
0.04547572135925293
0.05583834648132324
0.07360649108886719
0.09007716178894043
0.07564091682434082
0.10945010185241699
0.04460644721984863
0.03268146514892578
0.05498242378234863
0.0660400390625
0.06116223335266113
0.051415205001831055
0.11238765716552734
0.051914215087890625
0.06047224998474121
0.05717897415161133
0.051740407943725586
0.05855393409729004
0.04730415344238281
0.043226003646850586
0.04960012435913086
0.05565333366394043
0.10523033142089844
0.08189105987548828
0.067901611328125
0.07057976722717285
0.10630202293395996
0.04303145408630371
0.043749094009399414
0.03644561767578125
0.03920865058898926
0.04117250442504883
0.08838367462158203
0.05721473693847656
0.0930318832397461
0.0483705997467041
0.04481697082519531
0.04676675796508789
0.04515647888183594
0.029860258102416992
0.03543663024902344
0.04661083221435547
0.05643630027770996
0.035446882247924805
0.04062151908874512
0.04042387008666992
0.045484304428100586
0.04168438911437988
0.10749077796936035
0.06847214698791504
0.05228686332702637
0.05334281921386719
0.04150056838989258
0.05364274978637695
0.04248452186584473
0.04506421089172363
0.05202627182006836
0.059360504150390625
0.0718073844909668
0.07362866401672363
0.0433344841003418
0.05019545555114746
0.06670498847961426
0.05963134765625
0.04750633239746094
0.08402824401855469
0.051828861236572266
0.0611114501953125
0.08132743835449219
0.08848333358764648
0.0725717544555664
0.05939459800720215
0.06425118446350098
0.04677248001098633
0.04608273506164551
0.04614114761352539
0.055733680725097656
0.04691052436828613
0.04554152488708496
0.10111212730407715
0.08130860328674316
0.04912924766540527
0.06471705436706543
0.04320859909057617
0.06808137893676758
0.06116342544555664
0.06312966346740723
0.06319069862365723
0.04827880859375
0.05068802833557129
0.05203986167907715
0.05713605880737305
0.03986692428588867
0.08558106422424316
0.06749510765075684
0.07102465629577637
0.05014848709106445
0.07418656349182129
0.06340742111206055
0.04622650146484375
0.05711078643798828
0.05134415626525879
0.06180238723754883
0.06387543678283691
0.04608488082885742
0.03575253486633301
0.039879798889160156
0.06120491027832031
0.07549285888671875
0.0730135440826416
0.0759587287902832
0.08862471580505371
0.0421750545501709
0.11060476303100586
0.15231823921203613
0.15291261672973633
0.1527862548828125
0.08697247505187988
0.03628087043762207
0.0420224666595459
0.04433393478393555
0.04728817939758301
0.047475576400756836
0.04822897911071777
0.04306292533874512
0.054872751235961914
0.0558168888092041
0.03826427459716797
0.0528106689453125
0.04012656211853027
0.04975008964538574
0.057614803314208984
0.0479884147644043
0.12893104553222656
0.043637990951538086
0.04999089241027832
0.050629377365112305
0.055672645568847656
0.0448300838470459
0.049395084381103516
0.06694293022155762
0.0332179069519043
0.04935479164123535
0.04726147651672363
0.040526390075683594
0.05650043487548828
0.06600403785705566
0.06084156036376953
0.05123567581176758
0.06789684295654297
0.05505013465881348
0.050368309020996094
0.045736074447631836
0.04694366455078125
0.042433738708496094
0.04495692253112793
0.06537032127380371
0.04440784454345703
0.05550885200500488
0.055574655532836914
0.060202836990356445
0.06790661811828613
0.06395363807678223
0.06036949157714844
0.04866385459899902
0.04845738410949707
0.05684185028076172
0.038185834884643555
0.0434262752532959
0.0450286865234375
0.05060982704162598
0.02788233757019043
0.052681684494018555
0.04510354995727539
0.07549524307250977
0.0368199348449707
0.04310011863708496
0.04983925819396973
0.07154965400695801
0.06498384475708008
0.05537700653076172
0.12839770317077637
0.2322707176208496
0.04308748245239258
0.04201841354370117
0.04545760154724121
0.04542970657348633
0.05607795715332031
0.04729342460632324
0.04599189758300781
0.045204877853393555
0.04086017608642578
0.0744316577911377
0.0745856761932373
0.09613037109375
0.051877737045288086
0.052149057388305664
0.12183856964111328
0.14605975151062012
0.11080241203308105
0.12728118896484375
0.07083344459533691
0.044594764709472656
0.03828763961791992
0.037010908126831055
0.07491397857666016
0.04687309265136719
0.04570436477661133
0.1149301528930664
0.049169063568115234
0.045157432556152344
0.11526727676391602
0.041979074478149414
0.034262895584106445
0.12192177772521973
0.04486441612243652
0.06131243705749512
0.05238199234008789
0.049808502197265625
0.03220629692077637
0.05407285690307617
0.0697169303894043
0.07557868957519531
0.05527210235595703
0.03473305702209473
0.06986880302429199
0.062070369720458984
0.07979989051818848
0.04055047035217285
0.10552597045898438
0.048868656158447266
0.04815363883972168
0.07259702682495117
0.11426687240600586
0.07103157043457031
0.042702436447143555
0.05698275566101074
0.051721811294555664
0.05877518653869629
0.05534625053405762
0.03427910804748535
0.04633831977844238
0.04651618003845215
0.045445919036865234
0.058680057525634766
0.04818105697631836
0.04125833511352539
0.04702639579772949
0.051549434661865234
0.0614008903503418
0.06357812881469727
0.04474759101867676
0.05024242401123047
0.03432655334472656
0.0652461051940918
0.07790279388427734
0.06650590896606445
0.08166790008544922
0.05407214164733887
0.038407325744628906
0.05525350570678711
0.05129098892211914
0.0444185733795166
0.041352033615112305
0.030248403549194336
0.03996396064758301
0.05972862243652344
0.05854439735412598
0.05447196960449219
0.046239614486694336
0.043425798416137695
0.0546417236328125
0.13603830337524414
0.13482022285461426
0.15190887451171875
0.1522226333618164
0.0519108772277832
0.07254934310913086
0.0646815299987793
0.0667569637298584
0.07982993125915527
0.06376481056213379
0.040430545806884766
0.05956149101257324
0.06096506118774414
0.06207609176635742
0.06407022476196289
0.04928088188171387
0.04433774948120117
0.041684865951538086
0.048345327377319336
0.04335141181945801
0.042696475982666016
0.04996013641357422
0.05765485763549805
0.09368419647216797
0.08466982841491699
0.0422511100769043
0.03987884521484375
0.04326033592224121
0.04593467712402344
0.06351423263549805
0.03660726547241211
0.04068350791931152
0.05922961235046387
0.04125189781188965
0.035003662109375
0.05348849296569824
0.041562795639038086
0.06527900695800781
0.08295583724975586
0.05667448043823242
0.042516231536865234
0.04033160209655762
0.04066109657287598
0.05192828178405762
0.03569340705871582
0.05732369422912598
0.05609560012817383
0.0764915943145752
0.04142904281616211
0.06652331352233887
0.05262589454650879
0.07372927665710449
0.04514431953430176
0.06873202323913574
0.10367274284362793
0.05213117599487305
0.058091163635253906
0.04326462745666504
0.04330587387084961
0.059000253677368164
0.05403327941894531
0.03629279136657715
0.04634690284729004
0.13795804977416992
0.14043211936950684
0.03976702690124512
0.13943195343017578
0.1903369426727295
0.13736987113952637
0.04506111145019531
0.0574185848236084
0.07047200202941895
0.0872488021850586
0.07211112976074219
0.04265928268432617
0.046271562576293945
0.05222606658935547
0.0701439380645752
0.052251338958740234
0.0754249095916748
0.05025148391723633
0.03780651092529297
0.042762041091918945
0.0716860294342041
0.04867124557495117
0.05138087272644043
0.032804012298583984
0.053403377532958984
0.059830665588378906
0.055269479751586914
0.051789045333862305
0.051073312759399414
0.04616427421569824
0.04974699020385742
0.05076098442077637
0.06141495704650879
0.06616568565368652
0.055345773696899414
0.04064774513244629
0.05494046211242676
0.05182790756225586
0.053705692291259766
0.055266618728637695
0.043685197830200195
0.040274620056152344
0.0631868839263916
0.09014534950256348
0.0689249038696289
0.06328797340393066
0.0675511360168457
0.043697357177734375
0.03783416748046875
0.05104851722717285
0.07354092597961426
0.05195426940917969
0.07792234420776367
0.06536388397216797
0.05088162422180176
0.04902291297912598
0.05381417274475098
0.046425580978393555
0.055676937103271484
0.06106996536254883
0.08640074729919434
0.05720019340515137
0.06983494758605957
0.06565666198730469
0.05502891540527344
0.06862115859985352
0.06180763244628906
0.07531571388244629
0.041562557220458984
0.08742547035217285
0.07901573181152344
0.07879161834716797
0.08562374114990234
0.045302629470825195
0.044696807861328125
0.06112551689147949
0.06872177124023438
0.06433796882629395
0.04595351219177246
0.04409027099609375
0.0456240177154541
0.050481557846069336
0.039858341217041016
0.03164505958557129
0.05696916580200195
0.06239008903503418
0.05582427978515625
0.06301546096801758
0.045699119567871094
0.03517651557922363
0.05015134811401367
0.06910848617553711
0.08345532417297363
0.25361180305480957
0.09583830833435059
0.05195116996765137
0.0757296085357666
0.08013248443603516
0.0778045654296875
0.0417327880859375
0.051554203033447266
0.04817557334899902
0.042706966400146484
0.05381631851196289
0.05291485786437988
0.03765988349914551
0.04514884948730469
0.04660463333129883
0.04228782653808594
0.04980182647705078
0.0639653205871582
0.04057025909423828
0.05042433738708496
0.04126405715942383
0.056290626525878906
0.051462650299072266
0.04320168495178223
0.061222076416015625
0.06212425231933594
0.043587684631347656
0.03794980049133301
0.043160438537597656
0.05486941337585449
0.05413508415222168
0.0504305362701416
0.044241905212402344
0.10114812850952148
0.18405747413635254
0.19373011589050293
0.18714213371276855
0.2678565979003906
0.1184847354888916
0.12356734275817871
0.22101211547851562
0.13490915298461914
0.07071185111999512
0.06101560592651367
0.07053089141845703
0.0517580509185791
0.06226158142089844
0.046500205993652344
0.0407257080078125
0.05295157432556152
0.05275893211364746
0.05280280113220215
0.04271531105041504
0.04321742057800293
0.0839853286743164
0.0945425033569336
0.06428217887878418
0.05079245567321777
0.12756681442260742
0.04498767852783203
0.05007529258728027
0.04448246955871582
0.05687260627746582
0.05325913429260254
0.046904802322387695
0.05015754699707031
0.053980112075805664
0.06748437881469727
0.06328153610229492
0.04871702194213867
0.047130584716796875
0.03921222686767578
0.045360565185546875
0.045310258865356445
0.03358268737792969
0.05814647674560547
0.04667496681213379
0.10619497299194336
0.041207313537597656
0.14433526992797852
0.04454970359802246
0.04950904846191406
0.17821335792541504
0.11169910430908203
0.21225333213806152
0.0321199893951416
0.04098677635192871
0.03672027587890625
0.04384422302246094
0.06938767433166504
0.04168534278869629
0.05037832260131836
0.04707598686218262
0.05711793899536133
0.06186175346374512
0.09496092796325684
0.07818794250488281
0.0709235668182373
0.03952360153198242
0.06554555892944336
0.06821608543395996
0.04378628730773926
0.05610990524291992
0.04183244705200195
0.044649600982666016
0.0453953742980957
0.041887521743774414
0.04233407974243164
0.03766608238220215
0.044104576110839844
0.050253868103027344
0.04643416404724121
0.10764861106872559
0.03806614875793457
0.03624367713928223
0.056818485260009766
0.040224313735961914
0.06621503829956055
0.059539794921875
0.039331674575805664
0.041312217712402344
0.0424954891204834
0.04422950744628906
0.032062530517578125
0.05323600769042969
0.03517484664916992
0.04080557823181152
0.09725451469421387
0.04105496406555176
0.04499650001525879
0.11055183410644531
0.07097816467285156
0.04010605812072754
0.05306816101074219
0.05080580711364746
0.04978442192077637
0.038671016693115234
0.04820513725280762
0.03940892219543457
0.046602725982666016
0.0450594425201416
0.03465414047241211
0.11495018005371094
0.04742169380187988
0.09519243240356445
0.047892093658447266
0.03505825996398926
0.04803013801574707
0.04080677032470703
0.04220223426818848
0.06864094734191895
0.03687906265258789
0.05359244346618652
0.057740211486816406
0.04618525505065918
0.07852411270141602
0.04646635055541992
0.0865793228149414
0.056500911712646484
0.08246898651123047
0.08135676383972168
0.22011971473693848
0.041398048400878906
0.05454444885253906
0.049225807189941406
0.08983254432678223
0.08135485649108887
0.07842206954956055
0.05294203758239746
0.17760634422302246
0.18622922897338867
0.0648798942565918
0.06550431251525879
0.04438591003417969
0.06833815574645996
0.037007808685302734
0.07907414436340332
0.054492950439453125
0.04369544982910156
0.04411625862121582
0.04104256629943848
0.0491335391998291
0.0511777400970459
0.052956342697143555
0.052459001541137695
0.04774808883666992
0.05138683319091797
0.06080365180969238
0.05073237419128418
0.0703895092010498
0.04833722114562988
0.04304790496826172
0.046301841735839844
0.054964303970336914
0.04179787635803223
0.03338885307312012
0.0415956974029541
0.04962038993835449
0.04045271873474121
0.06043434143066406
0.042528390884399414
0.04903149604797363
0.037804603576660156
0.04564332962036133
0.04939675331115723
0.05103445053100586
0.049627065658569336
0.037389516830444336
0.050048828125
0.06147885322570801
0.06089472770690918
0.042838335037231445
0.049774885177612305
0.047721147537231445
0.08669853210449219
0.04425239562988281
0.0939638614654541
0.10047292709350586
0.048374176025390625
0.047304391860961914
0.04126167297363281
0.044554710388183594
0.0570530891418457
0.06179332733154297
0.035723209381103516
0.0362238883972168
0.052948951721191406
0.04392671585083008
0.08685135841369629
0.04581761360168457
0.10429239273071289
0.11729192733764648
0.08019590377807617
0.06178903579711914
0.05960273742675781
0.0768892765045166
0.06664657592773438
0.04626321792602539
0.08497023582458496
0.039487361907958984
0.04879570007324219
0.048078060150146484
0.06282758712768555
0.04489326477050781
0.058907270431518555
0.04540205001831055
0.054889678955078125
0.03630328178405762
0.05610489845275879
0.06305742263793945
0.047119855880737305
0.052841901779174805
0.06111955642700195
0.09040379524230957
0.10957050323486328
0.08870100975036621
0.05943775177001953
0.07289981842041016
0.06591463088989258
0.040246009826660156
0.052771806716918945
0.05010223388671875
0.044676780700683594
0.07878565788269043
0.0730123519897461
0.04589724540710449
0.041880130767822266
0.05081462860107422
0.06489229202270508
0.04304003715515137
0.07380056381225586
0.05914711952209473
0.039876461029052734
0.04668617248535156
0.04230976104736328
0.062424421310424805
0.0450742244720459
0.034871578216552734
0.0480647087097168
0.03800082206726074
0.049449920654296875
0.04451322555541992
0.0565793514251709
0.03984999656677246
0.04755425453186035
0.0418393611907959
0.0814669132232666
0.0751960277557373
0.07965898513793945
0.04737591743469238
0.04228067398071289
0.07104372978210449
0.06493473052978516
0.062187910079956055
0.044379472732543945
0.03457975387573242
0.04756021499633789
0.055742740631103516
0.10330629348754883
0.05240678787231445
0.04255247116088867
0.0560154914855957
0.04828143119812012
0.04289126396179199
0.049639225006103516
0.041613101959228516
0.04356837272644043
0.04985308647155762
0.03225207328796387
0.03572440147399902
0.053305625915527344
0.040860652923583984
0.03567075729370117
0.0362858772277832
0.036330461502075195
0.04991722106933594
0.042914628982543945
0.0483851432800293
0.046103715896606445
0.06290674209594727
0.08889222145080566
0.04518723487854004
0.03841376304626465
0.04622602462768555
0.03833961486816406
0.05003643035888672
0.046358585357666016
0.07491016387939453
0.05867505073547363
0.0936884880065918
0.04069685935974121
0.03402090072631836
0.1209096908569336
0.05454254150390625
0.04331350326538086
0.07258749008178711
0.07202744483947754
0.04517102241516113
0.03876090049743652
0.0417027473449707
0.04353785514831543
0.04154682159423828
0.04792952537536621
0.050153493881225586
0.04607725143432617
0.052401065826416016
0.03667712211608887
0.12766671180725098
0.05087447166442871
0.11443138122558594
0.03988504409790039
0.04486799240112305
0.03598642349243164
0.04920315742492676
0.044095516204833984
0.046808719635009766
0.08476400375366211
0.04696536064147949
0.05252790451049805
0.04325532913208008
0.043493032455444336
0.06128096580505371
0.05645012855529785
0.061126708984375
0.03792858123779297
0.04316353797912598
0.1185152530670166
0.06033635139465332
0.06098484992980957
0.0400390625
0.03314042091369629
0.05411648750305176
0.05638623237609863
0.0462191104888916
0.08926248550415039
0.05774807929992676
0.03838801383972168
0.044435739517211914
0.04683208465576172
0.04308032989501953
0.08346080780029297
0.02936720848083496
0.045693159103393555
0.1264815330505371
0.03433561325073242
0.05198407173156738
0.04820060729980469
0.0853586196899414
0.046187400817871094
0.04779982566833496
0.048380136489868164
0.06638956069946289
0.05368638038635254
0.03229665756225586
0.04489016532897949
0.05446887016296387
0.04575371742248535
0.08346772193908691
0.04577279090881348
0.049868106842041016
0.03720545768737793
0.0519711971282959
0.03965139389038086
0.05054616928100586
0.039763450622558594
0.04891467094421387
0.05961275100708008
0.051425933837890625
0.06262588500976562
0.03195929527282715
0.04037737846374512
0.04523968696594238
0.06482124328613281
0.06724047660827637
0.033823490142822266
0.05256080627441406
0.07252907752990723
0.05734610557556152
0.08818173408508301
0.04882931709289551
0.041460514068603516
0.0410923957824707
0.04252481460571289
0.05207967758178711
0.06140756607055664
0.03744363784790039
0.03683781623840332
0.04888916015625
0.038242340087890625
0.048047542572021484
0.05280637741088867
0.03903508186340332
0.03470921516418457
0.04395699501037598
0.049681663513183594
0.05146002769470215
0.0561826229095459
0.039731740951538086
0.06611108779907227
0.04141998291015625
0.0596463680267334
0.05994057655334473
0.07327151298522949
0.042165517807006836
0.04283332824707031
0.05130410194396973
0.0458986759185791
0.04664969444274902
0.03810691833496094
0.06829714775085449
0.0408320426940918
0.05239105224609375
0.03870391845703125
0.04215073585510254
0.04372215270996094
0.05337071418762207
0.05475449562072754
0.05345439910888672
0.05213594436645508
0.045528411865234375
0.055106163024902344
0.03856515884399414
0.08835625648498535
0.04822945594787598
0.043863534927368164
0.0449061393737793
0.05189228057861328
0.04763197898864746
0.04677629470825195
0.04577159881591797
0.042099714279174805
0.039342641830444336
0.04073023796081543
0.04162168502807617
0.04593181610107422
0.04861855506896973
0.04216122627258301
0.03558826446533203
0.043473243713378906
0.04816865921020508
0.03901863098144531
0.05072760581970215
0.05944967269897461
0.08224701881408691
0.0573887825012207
0.032926082611083984
0.047590017318725586
0.05595874786376953
0.04275870323181152
0.052025556564331055
0.058743953704833984
0.051480770111083984
0.055619001388549805
0.0404508113861084
0.041965484619140625
0.052831172943115234
0.04394888877868652
0.03156280517578125
0.11374402046203613
0.05154156684875488
0.06679582595825195
0.051694631576538086
0.08196234703063965
0.097808837890625
0.04519009590148926
0.045154571533203125
0.04512929916381836
0.08149504661560059
0.07797670364379883
0.05058717727661133
0.05759382247924805
0.034711360931396484
0.043929338455200195
0.036477088928222656
0.05006814002990723
0.04501533508300781
0.04177570343017578
0.0785062313079834
0.08409428596496582
0.05285310745239258
0.04163718223571777
0.04829907417297363
0.05832672119140625
0.06058168411254883
0.05240488052368164
0.042493581771850586
0.061882734298706055
0.05583953857421875
0.06604909896850586
0.12041592597961426
0.03497457504272461
0.04221487045288086
0.03496909141540527
0.04450368881225586
0.039903879165649414
0.050470829010009766
0.03905367851257324
0.04958510398864746
0.04372262954711914
0.04504036903381348
0.04402589797973633
0.04185819625854492
0.09440946578979492
0.04979848861694336
0.038160085678100586
0.05365467071533203
0.06386017799377441
0.053861141204833984
0.03813815116882324
0.047066450119018555
0.058371543884277344
0.046358585357666016
0.054558753967285156
0.13771438598632812
0.1730947494506836
0.05796408653259277
0.04265856742858887
0.04548001289367676
0.05562615394592285
0.040364742279052734
0.06339502334594727
0.039075374603271484
0.08483386039733887
0.047438859939575195
0.045821189880371094
0.0424346923828125
0.051241159439086914
0.09667682647705078
0.07671809196472168
0.03848910331726074
0.044692039489746094
0.13410711288452148
0.050850868225097656
0.04983353614807129
0.04503440856933594
0.03224992752075195
0.044693708419799805
0.05066967010498047
0.05242919921875
0.03649401664733887
0.047376394271850586
0.04232597351074219
0.06591224670410156
0.0557096004486084
0.05180811882019043
0.061646461486816406
0.041794538497924805
0.03859591484069824
0.04938817024230957
0.04827070236206055
0.07669281959533691
0.042533159255981445
0.04136967658996582
0.07405877113342285
0.03967785835266113
0.03609466552734375
0.08629584312438965
0.05864548683166504
0.04388546943664551
0.09287643432617188
0.03856086730957031
0.04717898368835449
0.03547024726867676
0.059499502182006836
0.04276084899902344
0.06974148750305176
0.05442976951599121
0.05782938003540039
0.09028387069702148
0.04941868782043457
0.046169281005859375
0.10132479667663574
0.06950831413269043
0.04223775863647461
0.04152536392211914
0.04613089561462402
0.057424306869506836
0.05334329605102539
0.04088711738586426
0.041815996170043945
0.04452705383300781
0.04733633995056152
0.04904747009277344
0.07357597351074219
0.09385323524475098
0.09650826454162598
0.042135000228881836
0.04550051689147949
0.07279634475708008
0.0444948673248291
0.07714962959289551
0.10167789459228516
0.051962852478027344
0.050292015075683594
0.051546573638916016
0.056377410888671875
0.058123111724853516
0.04372978210449219
0.03741765022277832
0.11531233787536621
0.08476138114929199
0.04413866996765137
0.055979013442993164
0.05148506164550781
0.04602670669555664
0.050931453704833984
0.18775033950805664
0.03999686241149902
0.03807473182678223
0.054586172103881836
0.04586338996887207
0.04407525062561035
0.039952993392944336
0.04845237731933594
0.057369232177734375
0.05626273155212402
0.05047249794006348
0.04836273193359375
0.04755663871765137
0.0436553955078125
0.07423090934753418
0.0835268497467041
0.09903621673583984
0.05658841133117676
0.05779433250427246
0.0667409896850586
0.07199716567993164
0.05073046684265137
0.05484342575073242
0.04474759101867676
0.05821514129638672
0.04686927795410156
0.053407907485961914
0.04284381866455078
0.05190849304199219
0.04009842872619629
0.04058051109313965
0.04707598686218262
0.05592656135559082
0.048386573791503906
0.09970927238464355
0.050063371658325195
0.06151604652404785
0.0543670654296875
0.13837003707885742
0.06948661804199219
0.06679296493530273
0.06527876853942871
0.04314684867858887
0.03866386413574219
0.04860806465148926
0.06210637092590332
0.12758731842041016
0.0574193000793457
0.041542768478393555
0.05197882652282715
0.047698974609375
0.04767251014709473
0.05230879783630371
0.06007814407348633
0.038881778717041016
0.06473994255065918
0.0648503303527832
0.04681897163391113
0.05194687843322754
0.10995244979858398
0.07017230987548828
0.07015323638916016
0.04238319396972656
0.07024073600769043
0.04911065101623535
0.04363870620727539
0.0520174503326416
0.061774253845214844
0.08199620246887207
0.05158281326293945
0.05124020576477051
0.05462527275085449
0.03959822654724121
0.05782914161682129
0.04806399345397949
0.04019618034362793
0.045538902282714844
0.15071558952331543
0.0816960334777832
0.06156563758850098
0.06095480918884277
0.06206083297729492
0.06268310546875
0.058275461196899414
0.05817532539367676
0.08127570152282715
0.04804587364196777
0.04139590263366699
0.05461907386779785
0.05997157096862793
0.06298303604125977
0.040180206298828125
0.03885793685913086
0.06972169876098633
0.06282281875610352
0.06296205520629883
0.043433189392089844
0.04050159454345703
0.04511094093322754
0.051651716232299805
0.061373233795166016
0.07217645645141602
0.053588151931762695
0.05414986610412598
0.06057929992675781
0.042760372161865234
0.045014142990112305
0.09190011024475098
0.04820704460144043
0.039302825927734375
0.043683767318725586
0.04102015495300293
0.047858238220214844
0.03293752670288086
0.0617678165435791
0.04784893989562988
0.22923636436462402
0.04456448554992676
0.0409388542175293
0.037206411361694336
0.049974918365478516
0.04928326606750488
0.06161212921142578
0.07608819007873535
0.044095516204833984
0.09083914756774902
0.03298139572143555
0.04913949966430664
0.04819774627685547
0.04709577560424805
0.04931473731994629
0.04471302032470703
0.0471498966217041
0.05722689628601074
0.050547122955322266
0.05040884017944336
0.09191250801086426
0.05153250694274902
0.07762336730957031
0.03298544883728027
0.04176163673400879
0.038991689682006836
0.09552860260009766
0.06580948829650879
0.053931236267089844
0.05004477500915527
0.05969405174255371
0.05832958221435547
0.04553389549255371
0.03579998016357422
0.04664921760559082
0.03561043739318848
0.05473971366882324
0.03267168998718262
0.034651994705200195
0.03724241256713867
0.061408042907714844
0.0896446704864502
0.0858144760131836
0.06622648239135742
0.04092526435852051
0.04057884216308594
0.04528498649597168
0.037555694580078125
0.04246401786804199
0.05103158950805664
0.05579352378845215
0.04745936393737793
0.04909515380859375
0.05393052101135254
0.04994320869445801
0.1395266056060791
0.038979530334472656
0.14557933807373047
0.06281113624572754
0.051230430603027344
0.044513702392578125
0.04712319374084473
0.05581402778625488
0.08927249908447266
0.05758929252624512
0.06287693977355957
0.05110788345336914
0.042470455169677734
0.04296231269836426
0.04100489616394043
0.05019545555114746
0.040370941162109375
0.048764944076538086
0.047167301177978516
0.047479867935180664
0.06672120094299316
0.057097673416137695
0.06223154067993164
0.13100504875183105
0.04362082481384277
0.10965132713317871
0.05153465270996094
0.04859638214111328
0.04890894889831543
0.053533315658569336
0.07920527458190918
0.09646415710449219
0.04562664031982422
0.0489804744720459
0.05256462097167969
0.111419677734375
0.039114952087402344
0.04603886604309082
0.03382754325866699
0.20796990394592285
0.035630226135253906
0.04562830924987793
0.08099746704101562
0.052374839782714844
0.08232784271240234
0.23911762237548828
0.05554461479187012
0.2016909122467041
0.04673147201538086
0.048922061920166016
0.04730582237243652
0.0477604866027832
0.056369781494140625
0.03541684150695801
0.07848954200744629
0.05864357948303223
0.05803942680358887
0.0440371036529541
0.07361245155334473
0.09474396705627441
0.05091261863708496
0.07486104965209961
0.05417013168334961
0.047142982482910156
0.03842306137084961
0.042089223861694336
0.05698227882385254
0.03364872932434082
0.16094183921813965
0.17841887474060059
0.05575203895568848
0.12589597702026367
0.03868222236633301
0.04810953140258789
0.04942202568054199
0.048539161682128906
0.08131194114685059
0.042671918869018555
0.049164533615112305
0.048689842224121094
0.04294395446777344
0.042794227600097656
0.0374453067779541
0.05004453659057617
0.05187368392944336
0.05608940124511719
0.05453634262084961
0.06432890892028809
0.04448866844177246
0.04302501678466797
0.039986371994018555
0.04505419731140137
0.09639787673950195
0.04563093185424805
0.04579782485961914
0.04170370101928711
0.055552005767822266
0.06015205383300781
0.06102180480957031
0.09292411804199219
0.1007077693939209
0.09250569343566895
0.043918609619140625
0.06495976448059082
0.05758166313171387
0.05490469932556152
0.0943140983581543
0.04247331619262695
0.05780458450317383
0.14564847946166992
0.04626631736755371
0.04361987113952637
0.11119556427001953
0.047419071197509766
0.0473322868347168
0.038036346435546875
0.11324763298034668
0.07861137390136719
0.04744553565979004
0.03482198715209961
0.05907320976257324
0.06923580169677734
0.06197977066040039
0.07376933097839355
0.13680291175842285
0.04944205284118652
0.05581259727478027
0.03747987747192383
0.04943418502807617
0.04742431640625
0.05216813087463379
0.045537471771240234
0.05299782752990723
0.0705251693725586
0.04775834083557129
0.042267799377441406
0.05955791473388672
0.06652498245239258
0.05325937271118164
0.06412553787231445
0.03562498092651367
0.04040098190307617
0.04448723793029785
0.07670283317565918
0.042119741439819336
0.04044699668884277
0.04703974723815918
0.042475223541259766
0.07665491104125977
0.06710410118103027
0.0644235610961914
0.04213070869445801
0.03877377510070801
0.05593371391296387
0.06320643424987793
0.06069827079772949
0.03971219062805176
0.04401111602783203
0.03953695297241211
0.04401350021362305
0.043627023696899414
0.07129454612731934
0.04347825050354004
0.05248379707336426
0.05319571495056152
0.04841017723083496
0.04325580596923828
0.08296418190002441
0.048174142837524414
0.06739282608032227
0.05469226837158203
0.030576467514038086
0.043845415115356445
0.04931998252868652
0.0466458797454834
0.03483176231384277
0.07804012298583984
0.04424262046813965
0.04365682601928711
0.047625064849853516
0.04640483856201172
0.0509495735168457
0.0389859676361084
0.05553436279296875
0.09402275085449219
0.061638593673706055
0.09384655952453613
0.10078215599060059
0.09308433532714844
0.042090415954589844
0.04923057556152344
0.052660465240478516
0.05065178871154785
0.04431343078613281
0.03205156326293945
0.048114776611328125
0.04864168167114258
0.04046440124511719
0.032312631607055664
0.04147696495056152
0.03299999237060547
0.03941822052001953
0.04710197448730469
0.03877425193786621
0.045588016510009766
0.07647848129272461
0.05059313774108887
0.14835309982299805
0.05295848846435547
0.15205955505371094
0.0460047721862793
0.04546046257019043
0.05251598358154297
0.05730032920837402
0.04211139678955078
0.06853938102722168
0.0384821891784668
0.050042152404785156
0.06279420852661133
0.041422128677368164
0.03588557243347168
0.038057565689086914
0.04308581352233887
0.032652854919433594
0.03324127197265625
0.09085726737976074
0.05693817138671875
0.1060943603515625
0.049233436584472656
0.052957773208618164
0.06425023078918457
0.058922767639160156
0.05401897430419922
0.06971144676208496
0.07554030418395996
0.04538774490356445
0.05381321907043457
0.057342529296875
0.06310153007507324
0.06775832176208496
0.03742694854736328
0.042507171630859375
0.05394268035888672
0.05244588851928711
0.05861377716064453
0.05402088165283203
0.04723978042602539
0.04433417320251465
0.06271934509277344
0.05906033515930176
0.052689552307128906
0.09994387626647949
0.04861617088317871
0.06041145324707031
0.06117868423461914
0.054207801818847656
0.08919477462768555
0.04181098937988281
0.04989123344421387
0.046175479888916016
0.04628944396972656
0.047595977783203125
0.05971527099609375
0.05728602409362793
0.06488442420959473
0.04690361022949219
0.06139683723449707
0.058005571365356445
0.08590173721313477
0.07184028625488281
0.06767868995666504
0.04855036735534668
0.05421590805053711
0.05440163612365723
0.049181222915649414
0.046744585037231445
0.03963160514831543
0.05055809020996094
0.0980372428894043
0.04284977912902832
0.041332244873046875
0.05477309226989746
0.054892539978027344
0.05257415771484375
0.03910517692565918
0.04702353477478027
0.056708335876464844
0.062172889709472656
0.059790611267089844
0.12629389762878418
0.03988075256347656
0.05471634864807129
0.05942106246948242
0.06049776077270508
0.052002668380737305
0.05803537368774414
0.053417205810546875
0.06385207176208496
0.09438776969909668
0.04416513442993164
0.03914022445678711
0.05565357208251953
0.07876348495483398
0.05695176124572754
0.0418848991394043
0.055034637451171875
0.03438115119934082
0.03391599655151367
0.05647087097167969
0.06071805953979492
0.060950517654418945
0.03402113914489746
0.04996514320373535
0.06394171714782715
0.04466104507446289
0.04977107048034668
0.041594505310058594
0.0448908805847168
0.047627925872802734
0.05929160118103027
0.047460079193115234
0.06234908103942871
0.05508756637573242
0.046718597412109375
0.043914794921875
0.05045509338378906
0.062150001525878906
0.04554104804992676
0.04407930374145508
0.05794239044189453
0.053026676177978516
0.06180834770202637
0.05469036102294922
0.05609130859375
0.04709196090698242
0.046922922134399414
0.03637385368347168
0.07255721092224121
0.04534101486206055
0.04767751693725586
0.05511164665222168
0.0384984016418457
0.04788327217102051
0.0451657772064209
0.0429072380065918
0.05987906455993652
0.05159449577331543
0.049376487731933594
0.040007591247558594
0.05564284324645996
0.061086416244506836
0.05240583419799805
0.05001020431518555
0.059453487396240234
0.056105852127075195
0.06966996192932129
0.06398987770080566
0.07162094116210938
0.042999267578125
0.09300518035888672
0.09271121025085449
0.0930948257446289
0.09839940071105957
0.11482739448547363
0.044234514236450195
0.0444490909576416
0.04517245292663574
0.07312917709350586
0.08925366401672363
0.03983163833618164
0.05489397048950195
0.04045891761779785
0.052846670150756836
0.033949851989746094
0.14190244674682617
0.0962531566619873
0.04246234893798828
0.10986661911010742
0.05654191970825195
0.04348182678222656
0.03708195686340332
0.06185030937194824
0.0565791130065918
0.06407284736633301
0.043962717056274414
0.05894017219543457
0.04377436637878418
0.03241682052612305
0.05463004112243652
0.059326171875
0.06808042526245117
0.08522152900695801
0.08507537841796875
0.0903928279876709
0.049674034118652344
0.20852446556091309
0.10552835464477539
0.09817290306091309
0.05086946487426758
0.051515817642211914
0.037462711334228516
0.0421142578125
0.04967808723449707
0.054013729095458984
0.0329899787902832
0.11107134819030762
0.1498394012451172
0.06920266151428223
0.12111973762512207
0.034148216247558594
0.04041004180908203
0.046907901763916016
0.03768038749694824
0.0688934326171875
0.03866171836853027
0.08623552322387695
0.05642843246459961
0.13719487190246582
0.12381124496459961
0.05428004264831543
0.1169743537902832
0.049704790115356445
0.04674983024597168
0.044974327087402344
0.06121373176574707
0.05987739562988281
0.05997467041015625
0.10681533813476562
0.10437846183776855
0.04405379295349121
0.05062413215637207
0.05083346366882324
0.04607057571411133
0.05096292495727539
0.037801504135131836
0.08126568794250488
0.07848715782165527
0.09111785888671875
0.054968833923339844
0.04305768013000488
0.03714442253112793
0.036887168884277344
0.04619717597961426
0.07382822036743164
0.08426618576049805
0.06245994567871094
0.06455445289611816
0.03224492073059082
0.053046464920043945
0.04873824119567871
0.04301142692565918
0.03399944305419922
0.04131150245666504
0.037470340728759766
0.04311633110046387
0.04245877265930176
0.05433225631713867
0.054351091384887695
0.04380321502685547
0.04664754867553711
0.0814666748046875
0.047441959381103516
0.060808420181274414
0.042946815490722656
0.06320714950561523
0.0490419864654541
0.05145072937011719
0.06356048583984375
0.04225039482116699
0.10085868835449219
0.0879366397857666
0.049890756607055664
0.03844428062438965
0.05538535118103027
0.06622958183288574
0.04111814498901367
0.10812115669250488
0.04374814033508301
0.032378435134887695
0.046048879623413086
0.06157827377319336
0.053566694259643555
0.051069021224975586
0.04302334785461426
0.0444483757019043
0.06010031700134277
0.05219674110412598
0.06598520278930664
0.043932437896728516
0.10321521759033203
0.041617631912231445
0.046472787857055664
0.03552865982055664
0.10704708099365234
0.045386552810668945
0.05303025245666504
0.07611942291259766
0.043555259704589844
0.04281425476074219
0.03783893585205078
0.05736184120178223
0.05468487739562988
0.04969167709350586
0.05692887306213379
0.04215073585510254
0.050984859466552734
0.05250144004821777
0.050692081451416016
0.048360347747802734
0.049329280853271484
0.040229082107543945
0.0395970344543457
0.05892682075500488
0.045311927795410156
0.04591989517211914
0.040070533752441406
0.04747796058654785
0.13139629364013672
0.05613446235656738
0.08092188835144043
0.04025459289550781
0.1179351806640625
0.04722023010253906
0.04506421089172363
0.06310606002807617
0.07946276664733887
0.09103059768676758
0.06329226493835449
0.07895493507385254
0.07701563835144043
0.05932426452636719
0.07138824462890625
0.03948378562927246
0.09569120407104492
0.0448613166809082
0.11986827850341797
0.06398367881774902
0.04690814018249512
0.03595304489135742
0.03745317459106445
0.04258871078491211
0.04057884216308594
0.04174065589904785
0.04423689842224121
0.04404640197753906
0.03990340232849121
0.07877564430236816
0.03761553764343262
0.058371782302856445
0.0617976188659668
0.055660247802734375
0.056975364685058594
0.03916645050048828
0.039269447326660156
0.03760242462158203
0.060233116149902344
0.045304298400878906
0.0644981861114502
0.06304121017456055
0.08179783821105957
0.04860520362854004
0.04119277000427246
0.05324530601501465
0.04100513458251953
0.07901930809020996
0.04117774963378906
0.060132503509521484
0.04877519607543945
0.0562901496887207
0.05907869338989258
0.04952883720397949
0.08110356330871582
0.10365533828735352
0.10454583168029785
0.0550694465637207
0.036052703857421875
0.05565237998962402
0.05145907402038574
0.13855886459350586
0.07472014427185059
0.04416823387145996
0.046151161193847656
0.08553504943847656
0.055901288986206055
0.043688297271728516
0.06405305862426758
0.07537579536437988
0.054341793060302734
0.04260087013244629
0.062125205993652344
0.05398130416870117
0.042814016342163086
0.039263010025024414
0.05029892921447754
0.10967874526977539
0.047951459884643555
0.03252148628234863
0.06911849975585938
0.044033050537109375
0.04326963424682617
0.08884334564208984
0.06643176078796387
0.0838158130645752
0.03751349449157715
0.06487584114074707
0.052083492279052734
0.05501723289489746
0.054499149322509766
0.0416254997253418
0.050230979919433594
0.03755021095275879
0.06986331939697266
0.08742213249206543
0.07227754592895508
0.08355283737182617
0.07592582702636719
0.05083060264587402
0.05910491943359375
0.06505846977233887
0.07673335075378418
0.07507467269897461
0.06161355972290039
0.05779695510864258
0.08041954040527344
0.09232950210571289
0.034089088439941406
0.04058027267456055
0.04327893257141113
0.10561442375183105
0.09211421012878418
0.04167366027832031
0.0366668701171875
0.04046058654785156
0.14202427864074707
0.1556553840637207
0.08466863632202148
0.1358485221862793
0.03342318534851074
0.07322335243225098
0.06707167625427246
0.07196950912475586
0.049584388732910156
0.05087089538574219
0.04547238349914551
0.03823685646057129
0.06647872924804688
0.05952930450439453
0.0689551830291748
0.05338764190673828
0.05852937698364258
0.05786252021789551
0.1137547492980957
0.08775806427001953
0.034503936767578125
0.05272960662841797
0.043791770935058594
0.041970252990722656
0.03974342346191406
0.04967093467712402
0.06020474433898926
0.04524421691894531
0.040003299713134766
0.06571674346923828
0.05277585983276367
0.056372642517089844
0.04589343070983887
0.0860145092010498
0.09109973907470703
0.10233521461486816
0.05367565155029297
0.05225181579589844
0.05211591720581055
0.05688357353210449
0.05109214782714844
0.03982901573181152
0.06855177879333496
0.04774045944213867
0.0478360652923584
0.04243588447570801
0.04855799674987793
0.04855918884277344
0.04402804374694824
0.05364108085632324
0.042792558670043945
0.05967998504638672
0.03455519676208496
0.06094694137573242
0.09009718894958496
0.1146082878112793
0.05205059051513672
0.06143593788146973
0.03320574760437012
0.04574227333068848
0.03368878364562988
0.04252815246582031
0.09708428382873535
0.15649914741516113
0.11306023597717285
0.0412445068359375
0.07871365547180176
0.07192301750183105
0.07870841026306152
0.08284664154052734
0.06242775917053223
0.04284214973449707
0.05461478233337402
0.05914950370788574
0.06211090087890625
0.06094956398010254
0.04327201843261719
0.041603803634643555
0.04150056838989258
0.05084705352783203
0.04837393760681152
0.04608273506164551
0.05940842628479004
0.04501509666442871
0.06854796409606934
0.05699419975280762
0.04856109619140625
0.05008649826049805
0.09958195686340332
0.04754376411437988
0.07908797264099121
0.0891411304473877
0.04708576202392578
0.03554892539978027
0.04384446144104004
0.0555882453918457
0.06278324127197266
0.053320884704589844
0.060230255126953125
0.0700836181640625
0.05805468559265137
0.07197713851928711
0.058248043060302734
0.05428004264831543
0.06212019920349121
0.0685122013092041
0.07838225364685059
0.07750439643859863
0.04664111137390137
0.051964759826660156
0.046785593032836914
0.03764700889587402
0.08111763000488281
0.05514168739318848
0.06424903869628906
0.07060599327087402
0.07344365119934082
0.044380903244018555
0.05095648765563965
0.0547788143157959
0.07068896293640137
0.06108355522155762
0.07238221168518066
0.04622292518615723
0.04693102836608887
0.03720998764038086
0.04254412651062012
0.04055380821228027
0.03838372230529785
0.06941652297973633
0.08346700668334961
0.0821843147277832
0.04636430740356445
0.04549407958984375
0.041054725646972656
0.05771374702453613
0.05102872848510742
0.050577640533447266
0.041448116302490234
0.05462217330932617
0.0374147891998291
0.04811978340148926
0.04264950752258301
0.07777929306030273
0.07121968269348145
0.07272028923034668
0.03796029090881348
0.060031890869140625
0.046137094497680664
0.052427053451538086
0.05432534217834473
0.08001136779785156
0.04515981674194336
0.051480770111083984
0.0505366325378418
0.04791116714477539
0.04684782028198242
0.07393193244934082
0.0452885627746582
0.04713869094848633
0.039522647857666016
0.047701120376586914
0.054527997970581055
0.05426025390625
0.04695272445678711
0.04367399215698242
0.05853009223937988
0.053374290466308594
0.040512800216674805
0.08973884582519531
0.08470892906188965
0.04767727851867676
0.052260398864746094
0.06530332565307617
0.059438228607177734
0.05659890174865723
0.03552436828613281
0.06248736381530762
0.03952527046203613
0.053501129150390625
0.04163932800292969
0.06750702857971191
0.05396556854248047
0.05220746994018555
0.07230114936828613
0.06381750106811523
0.08510637283325195
0.05675506591796875
0.07311773300170898
0.0508420467376709
0.050324201583862305
0.053244590759277344
0.05852246284484863
0.04854631423950195
0.039763689041137695
0.045537471771240234
0.0563359260559082
0.06911277770996094
0.0786292552947998
0.07111859321594238
0.04944133758544922
0.04530930519104004
0.05008506774902344
0.13033032417297363
0.05462050437927246
0.06990265846252441
0.04397392272949219
0.05863618850708008
0.04672670364379883
0.07440376281738281
0.04661870002746582
0.04243278503417969
0.05631399154663086
0.06084156036376953
0.04777646064758301
0.05112934112548828
0.05260038375854492
0.04840564727783203
0.05391979217529297
0.049271345138549805
0.05847787857055664
0.041724205017089844
0.047054290771484375
0.04793190956115723
0.10431027412414551
0.04808926582336426
0.08231616020202637
0.047992706298828125
0.048101186752319336
0.04245448112487793
0.06114506721496582
0.05442547798156738
0.06396985054016113
0.13225841522216797
0.05340242385864258
0.03981518745422363
0.04853940010070801
0.041008949279785156
0.032924652099609375
0.10881924629211426
0.05233883857727051
0.03820610046386719
0.0842745304107666
0.06940293312072754
0.2597930431365967
0.04664134979248047
0.03880739212036133
0.12396097183227539
0.11353278160095215
0.12596535682678223
0.04567241668701172
0.130387544631958
0.04785466194152832
0.04960322380065918
0.049920082092285156
0.049489498138427734
0.07435226440429688
0.05312490463256836
0.055393218994140625
0.07399487495422363
0.07313156127929688
0.0569157600402832
0.0660862922668457
0.06451964378356934
0.050844430923461914
0.04560351371765137
0.2189345359802246
0.11630773544311523
0.050684452056884766
0.0893561840057373
0.03781247138977051
0.04398393630981445
0.14829134941101074
0.06032109260559082
0.04747653007507324
0.05690169334411621
0.054334402084350586
0.09896588325500488
0.16737914085388184
0.052938222885131836
0.03801894187927246
0.14432287216186523
0.044300079345703125
0.05348777770996094
0.036151885986328125
0.054872751235961914
0.08416748046875
0.051804304122924805
0.0537412166595459
0.058368682861328125
0.05442380905151367
0.03984403610229492
0.05048656463623047
0.03470420837402344
0.046027183532714844
0.07485818862915039
0.08626842498779297
0.05841350555419922
0.1624608039855957
0.09377861022949219
0.09025788307189941
0.046156883239746094
0.21552371978759766
0.07546281814575195
0.06046772003173828
0.07527279853820801
0.07785248756408691
0.0517878532409668
0.05248546600341797
0.08800530433654785
0.0756528377532959
0.05276632308959961
0.09576034545898438
0.10802483558654785
0.03981184959411621
0.041483163833618164
0.05510663986206055
0.05172014236450195
0.06196451187133789
0.03688788414001465
0.03914785385131836
0.06888651847839355
0.04160594940185547
0.04275655746459961
0.06713366508483887
0.06817102432250977
0.0689537525177002
0.061295509338378906
0.05296969413757324
0.06770205497741699
0.04925370216369629
0.03965497016906738
0.0451207160949707
0.04225015640258789
0.053194522857666016
0.05360913276672363
0.04273223876953125
0.043993234634399414
0.036554574966430664
0.04739975929260254
0.0839684009552002
0.061002492904663086
0.07364249229431152
0.042214393615722656
0.047136783599853516
0.04524660110473633
0.05613374710083008
0.057231903076171875
0.06435370445251465
0.03531074523925781
0.04541730880737305
0.04482221603393555
0.061586618423461914
0.0732734203338623
0.06903529167175293
0.0796661376953125
0.04996824264526367
0.06370258331298828
0.04362845420837402
0.04232358932495117
0.05040597915649414
0.04731941223144531
0.04453635215759277
0.042022705078125
0.0521845817565918
0.03829240798950195
0.04822874069213867
0.0569605827331543
0.04558062553405762
0.06326723098754883
0.04740762710571289
0.09336566925048828
0.044403076171875
0.06237006187438965
0.047188758850097656
0.05478668212890625
0.0626516342163086
0.0549929141998291
0.11322808265686035
0.038242340087890625
0.050455570220947266
0.06374406814575195
0.04942822456359863
0.08551645278930664
0.054462432861328125
0.04884052276611328
0.2636861801147461
0.03448200225830078
0.04979896545410156
0.04565095901489258
0.05891728401184082
0.04910540580749512
0.07200169563293457
0.0485227108001709
0.03522348403930664
0.049712419509887695
0.043786048889160156
0.06435751914978027
0.04749894142150879
0.041149139404296875
0.04252433776855469
0.04675483703613281
0.04651474952697754
0.043868303298950195
0.04084634780883789
0.06422209739685059
0.0655055046081543
0.06300187110900879
0.04163932800292969
0.041832923889160156
0.04414725303649902
0.0437014102935791
0.04413890838623047
0.0539548397064209
0.05430126190185547
0.043065786361694336
0.048174381256103516
0.08913469314575195
0.08915138244628906
0.0994710922241211
0.07005786895751953
0.0642240047454834
0.04103994369506836
0.04395747184753418
0.07328915596008301
0.08395266532897949
0.08684062957763672
0.06368446350097656
0.06440567970275879
0.04143404960632324
0.05464959144592285
0.047063589096069336
0.06810617446899414
0.05936384201049805
0.07545113563537598
0.041471242904663086
0.04433107376098633
0.050375938415527344
0.11224746704101562
0.03678250312805176
0.1320207118988037
0.05281710624694824
0.04925680160522461
0.06298470497131348
0.0710916519165039
0.0939030647277832
0.0748753547668457
0.047348976135253906
0.09916830062866211
0.056201934814453125
0.05028843879699707
0.10760951042175293
0.08787345886230469
0.09231090545654297
0.05173659324645996
0.05127882957458496
0.03906655311584473
0.03933858871459961
0.03690171241760254
0.05682826042175293
0.04105949401855469
0.04999995231628418
0.04130840301513672
0.04196524620056152
0.040602684020996094
0.03846907615661621
0.0735635757446289
0.0536191463470459
0.05294656753540039
0.05117011070251465
0.03996610641479492
0.03730630874633789
0.04256772994995117
0.036887407302856445
0.03581047058105469
0.04215550422668457
0.03801774978637695
0.04729866981506348
0.06639552116394043
0.07197284698486328
0.07288789749145508
0.03841710090637207
0.04251265525817871
0.10316324234008789
0.04901480674743652
0.060265541076660156
0.04297900199890137
0.04301285743713379
0.03734731674194336
0.057485103607177734
0.04674482345581055
0.0774996280670166
0.05325579643249512
0.05805540084838867
0.03553628921508789
0.0335383415222168
0.039008378982543945
0.044728994369506836
0.048317670822143555
0.07845187187194824
0.041022539138793945
0.03975367546081543
0.04434990882873535
0.048520803451538086
0.045012474060058594
0.051191091537475586
0.041416168212890625
0.045606136322021484
0.04530453681945801
0.03552985191345215
0.04466390609741211
0.04593682289123535
0.04850935935974121
0.049411773681640625
0.0913245677947998
0.04235410690307617
0.09767413139343262
0.04166102409362793
0.03661012649536133
0.03449678421020508
0.041298866271972656
0.09434390068054199
0.1077585220336914
0.0683445930480957
0.04291248321533203
0.05392169952392578
0.042112112045288086
0.05470848083496094
0.05039405822753906
0.056166648864746094
0.052430152893066406
0.05628609657287598
0.05604124069213867
0.061147212982177734
0.043852806091308594
0.0465855598449707
0.04705214500427246
0.08115148544311523
0.04373359680175781
0.08990621566772461
0.12613272666931152
0.04560446739196777
0.03615403175354004
0.0499110221862793
0.0581974983215332
0.04339098930358887
0.03194475173950195
0.04358935356140137
0.03650689125061035
0.058843135833740234
0.04345130920410156
0.04401874542236328
0.040395259857177734
0.053228139877319336
0.05506110191345215
0.04456830024719238
0.06357336044311523
0.035506248474121094
0.04313778877258301
0.044725894927978516
0.0550382137298584
0.03293752670288086
0.07158708572387695
0.09577083587646484
0.07764172554016113
0.06839156150817871
0.04626297950744629
0.05038022994995117
0.04799365997314453
0.062091827392578125
0.04889512062072754
0.05565023422241211
0.05491352081298828
0.053116798400878906
0.06868529319763184
0.08027195930480957
0.049798011779785156
0.03428006172180176
0.0729985237121582
0.03962254524230957
0.07759714126586914
0.04044795036315918
0.05332374572753906
0.07326579093933105
0.05281329154968262
0.0535886287689209
0.04516792297363281
0.04938244819641113
0.04750514030456543
0.052446603775024414
0.08275866508483887
0.06049060821533203
0.041951656341552734
0.047298431396484375
0.04042983055114746
0.04254603385925293
0.04518628120422363
0.06145477294921875
0.07372903823852539
0.055860042572021484
0.04969906806945801
0.09244418144226074
0.05670475959777832
0.05158090591430664
0.06417059898376465
0.09189677238464355
0.05076432228088379
0.051390886306762695
0.06923103332519531
0.1309802532196045
0.05122661590576172
0.044765472412109375
0.04753684997558594
0.032793521881103516
0.04427504539489746
0.0444636344909668
0.050975799560546875
0.0339970588684082
0.04943037033081055
0.0698695182800293
0.04179739952087402
0.07688117027282715
0.0733182430267334
0.05335879325866699
0.10419487953186035
0.16726469993591309
0.048046112060546875
0.045194387435913086
0.05041837692260742
0.04662656784057617
0.04574251174926758
0.04022383689880371
0.040335655212402344
0.06573915481567383
0.06557655334472656
0.0630350112915039
0.03676915168762207
0.05161881446838379
0.040947914123535156
0.06028175354003906
0.047678232192993164
0.0556333065032959
0.10388803482055664
0.0662987232208252
0.09291338920593262
0.12823939323425293
0.05071377754211426
0.039750099182128906
0.04039168357849121
0.048943281173706055
0.0465390682220459
0.03506207466125488
0.0492403507232666
0.04936623573303223
