0.3605513572692871
0.43042612075805664
0.4733157157897949
0.4548313617706299
0.4991741180419922
0.5653271675109863
0.521827220916748
0.5153062343597412
0.6132636070251465
0.5643689632415771
0.686795711517334
0.6628537178039551
0.7279446125030518
0.6417381763458252
0.875314474105835
0.8658690452575684
0.8365018367767334
0.8558197021484375
0.6606266498565674
0.3539133071899414
0.6525082588195801
0.7069871425628662
0.9727954864501953
1.0285625457763672
0.7311837673187256
0.6611602306365967
0.6828389167785645
0.9469399452209473
0.7366828918457031
0.8775594234466553
0.7506673336029053
1.1828854084014893
1.1950442790985107
1.00388765335083
1.3829598426818848
0.34313273429870605
1.0363171100616455
0.6151070594787598
1.0970876216888428
0.6975550651550293
1.4786267280578613
1.0092594623565674
0.9700207710266113
0.9749383926391602
0.3983650207519531
1.2189934253692627
1.511596918106079
1.4270453453063965
1.6629128456115723
1.1724963188171387
1.262070894241333
1.6677069664001465
1.3035485744476318
1.5541810989379883
1.3989593982696533
1.4428086280822754
1.0776309967041016
1.5355243682861328
0.48978614807128906
1.3796792030334473
1.8396022319793701
1.7787644863128662
1.0123798847198486
0.6624531745910645
0.9842593669891357
1.7302024364471436
1.4542536735534668
1.4164557456970215
1.3618278503417969
0.9069604873657227
0.8910813331604004
1.5636839866638184
2.020112991333008
1.9801368713378906
1.4379215240478516
0.7683396339416504
1.34401273727417
1.3221242427825928
1.6932308673858643
2.0732409954071045
1.3523616790771484
0.7739255428314209
2.450355052947998
2.296631097793579
0.8110771179199219
1.6667251586914062
1.7622075080871582
2.6422080993652344
2.1296799182891846
1.9290118217468262
2.0333657264709473
1.3820195198059082
2.5314011573791504
0.9338431358337402
2.0332627296447754
1.9220550060272217
1.5923635959625244
1.7451658248901367
1.5178844928741455
1.803969383239746
1.9604911804199219
0.7040183544158936
1.9447002410888672
2.261802911758423
2.25062894821167
2.1071293354034424
1.6008763313293457
2.4305663108825684
2.4295318126678467
1.5438017845153809
1.076697587966919
1.0141024589538574
2.058657169342041
1.4310808181762695
1.548476219177246
1.4476094245910645
2.2493371963500977
0.7508554458618164
0.7373857498168945
2.4693331718444824
2.978036403656006
2.150907278060913
2.451812505722046
2.328403949737549
2.348048686981201
0.8533535003662109
0.7275614738464355
0.7004907131195068
0.6138396263122559
0.3513319492340088
2.21177339553833
2.2416460514068604
0.41968441009521484
2.306429624557495
1.8988008499145508
2.5351369380950928
2.2848434448242188
2.03839373588562
1.9991037845611572
2.172666549682617
0.8033754825592041
0.8254637718200684
0.8205652236938477
2.039937734603882
2.341850757598877
2.1518919467926025
2.500323534011841
0.7774665355682373
0.3317875862121582
0.14007854461669922
2.376410722732544
2.886805772781372
2.1519148349761963
2.6208913326263428
0.8344440460205078
0.8456168174743652
0.7514371871948242
0.7577240467071533
0.7484266757965088
0.9192044734954834
2.1896893978118896
2.301450729370117
2.6613166332244873
0.37377214431762695
3.1486403942108154
2.446502447128296
2.354912757873535
0.8822660446166992
0.8731727600097656
0.6423370838165283
0.7519052028656006
2.2975265979766846
2.163207769393921
2.5638797283172607
0.5024831295013428
1.4688825607299805
2.709402322769165
2.090066909790039
2.0895702838897705
1.7568671703338623
2.5833470821380615
3.2493350505828857
2.0110065937042236
1.7800877094268799
2.957561731338501
0.5246806144714355
0.5747246742248535
3.17879319190979
3.331547975540161
1.2497045993804932
1.2592875957489014
2.369323492050171
2.3691136837005615
2.6742970943450928
2.1186163425445557
3.3325908184051514
3.034262180328369
0.5633234977722168
1.0827808380126953
0.6566972732543945
0.73671555519104
0.3045237064361572
1.0977942943572998
2.5596513748168945
2.1719634532928467
0.6932814121246338
1.142960786819458
0.6542341709136963
0.762584924697876
0.6532254219055176
0.5330276489257812
2.4367623329162598
2.7270121574401855
0.5373551845550537
2.8356878757476807
3.5857796669006348
2.2808051109313965
1.5412240028381348
0.5270609855651855
2.6117990016937256
2.889673948287964
2.404982566833496
2.8942298889160156
3.113053321838379
3.1184000968933105
3.000791549682617
1.4944205284118652
1.5637786388397217
2.5517289638519287
1.6264545917510986
2.6844422817230225
2.616874933242798
0.8157801628112793
0.8821804523468018
2.5268688201904297
2.602189779281616
2.5940968990325928
1.7274882793426514
1.7100615501403809
2.37968111038208
1.695085048675537
2.545595645904541
1.7988636493682861
1.696972370147705
1.5644707679748535
1.596677303314209
2.744029998779297
2.6387758255004883
0.5120179653167725
1.0596845149993896
0.8785290718078613
0.7074680328369141
0.8752946853637695
0.8927001953125
1.5760018825531006
1.5394110679626465
0.9303998947143555
0.561906099319458
0.6291389465332031
2.625562906265259
0.6891238689422607
2.897611379623413
1.7573208808898926
1.7552342414855957
2.7265264987945557
0.8030457496643066
0.34691619873046875
2.89435076713562
3.220643997192383
0.8165464401245117
0.6598918437957764
0.6183409690856934
2.9333014488220215
2.91652774810791
1.8869342803955078
0.49831080436706543
0.498431921005249
0.6166770458221436
0.6059725284576416
0.6224892139434814
0.6404440402984619
3.0250256061553955
1.9938061237335205
1.1529784202575684
2.0973117351531982
3.1368181705474854
3.145033836364746
0.6892931461334229
1.159857988357544
0.6175880432128906
3.2058095932006836
3.1698765754699707
2.2155678272247314
2.087038040161133
1.2917709350585938
1.285362958908081
2.5097198486328125
3.296241044998169
3.2573115825653076
3.23408579826355
3.275026321411133
0.482985258102417
2.083136796951294
0.840684175491333
0.8205239772796631
2.4602181911468506
2.583923578262329
2.4381070137023926
0.746074914932251
0.8012256622314453
0.7951786518096924
1.5313022136688232
3.6218526363372803
2.0667834281921387
1.4746754169464111
1.5211315155029297
2.2848143577575684
2.3676953315734863
2.253204822540283
2.764683961868286
2.0765745639801025
3.57814884185791
2.748976469039917
2.731785297393799
0.8782017230987549
2.1620380878448486
2.332156181335449
0.9736294746398926
3.6979122161865234
1.6619961261749268
1.8869867324829102
1.863659143447876
1.0104210376739502
2.330838441848755
1.052149772644043
1.0051918029785156
1.0789434909820557
1.1316742897033691
0.9196772575378418
0.47484302520751953
2.8588268756866455
2.4213147163391113
2.5417420864105225
2.4397778511047363
2.8700640201568604
2.8545620441436768
0.9528927803039551
0.8988749980926514
0.966057300567627
2.081556558609009
2.2878880500793457
2.0894412994384766
3.000070333480835
2.9770331382751465
0.15180373191833496
2.0771331787109375
3.0909836292266846
1.1190791130065918
3.0377724170684814
2.671302080154419
1.7440218925476074
1.7732422351837158
2.1860742568969727
0.8137261867523193
1.1602270603179932
2.2923781871795654
2.2958881855010986
0.2936093807220459
2.7655534744262695
2.291670560836792
2.834944248199463
1.7811279296875
3.3321447372436523
3.2618789672851562
1.7353110313415527
2.4351308345794678
2.386387586593628
0.48183345794677734
1.8840947151184082
1.8206467628479004
1.694901943206787
1.034012794494629
1.827934980392456
1.6710901260375977
1.714834213256836
3.7046802043914795
1.1718473434448242
1.0550792217254639
3.4815783500671387
1.006908893585205
0.9275619983673096
1.008150577545166
0.9290823936462402
2.5904104709625244
2.6068718433380127
1.6113314628601074
0.545750617980957
0.5922510623931885
2.6680564880371094
2.639697551727295
2.6733713150024414
1.6936492919921875
1.7110111713409424
2.6470069885253906
0.5226535797119141
0.6185376644134521
1.7593421936035156
2.8144445419311523
0.5208938121795654
0.4011251926422119
2.1530442237854004
2.1364331245422363
1.435232400894165
1.5322728157043457
1.8851780891418457
1.3816359043121338
1.3504183292388916
1.3648161888122559
1.9917082786560059
0.42513179779052734
0.18771028518676758
2.7875285148620605
2.6428513526916504
2.2775728702545166
1.4830942153930664
1.489077091217041
2.7668209075927734
1.697761058807373
1.6066651344299316
1.6980633735656738
2.342359781265259
2.5623087882995605
2.5625691413879395
1.7092626094818115
3.240654230117798
3.2093312740325928
3.055042266845703
2.30764102935791
2.4116456508636475
2.6630642414093018
1.825958013534546
1.7710728645324707
0.6689400672912598
0.6621334552764893
0.6664202213287354
0.6229007244110107
0.5660719871520996
0.6195056438446045
0.2260298728942871
1.86918044090271
2.4184396266937256
2.608388900756836
2.876883029937744
2.8073809146881104
1.9222838878631592
1.9643535614013672
1.9752006530761719
2.548816442489624
2.5778424739837646
2.0359225273132324
1.6069233417510986
1.6091687679290771
1.590134859085083
0.31279516220092773
1.9969468116760254
2.1257009506225586
2.157543420791626
0.332108736038208
2.0592446327209473
2.7758448123931885
2.163702964782715
0.7086033821105957
0.6563410758972168
0.5621731281280518
1.8928093910217285
2.019843339920044
2.015068292617798
1.694298505783081
3.243220090866089
2.9342260360717773
2.0384554862976074
0.6578335762023926
2.201063632965088
0.27756285667419434
0.675574541091919
2.300123691558838
3.118353843688965
3.1226859092712402
2.1554296016693115
1.874056100845337
1.86417818069458
0.7177526950836182
2.473989248275757
2.4198544025421143
2.0130937099456787
3.16778564453125
2.3224921226501465
0.7168259620666504
2.2734928131103516
0.6740403175354004
0.835747480392456
2.132697105407715
3.277379035949707
2.635313034057617
1.8460516929626465
3.3867714405059814
1.074953317642212
0.9605557918548584
0.9183616638183594
0.6688575744628906
2.491971969604492
0.6814806461334229
2.4953036308288574
2.346872091293335
2.7116541862487793
1.9368207454681396
0.5064630508422852
2.2737514972686768
2.332474946975708
0.5065793991088867
2.267240524291992
1.8833179473876953
2.9878547191619873
0.8038139343261719
1.981064796447754
0.7632310390472412
0.5982294082641602
0.48171544075012207
2.742386817932129
2.748868227005005
2.202115535736084
0.32299351692199707
3.0928893089294434
2.1216185092926025
0.3531169891357422
0.2800309658050537
2.5610389709472656
2.4563000202178955
1.9837572574615479
1.660226583480835
2.0032944679260254
1.773568868637085
2.532700538635254
2.9180703163146973
2.8491265773773193
2.8491852283477783
2.858198404312134
2.8585824966430664
2.140227794647217
2.977334976196289
2.137346029281616
2.1284384727478027
2.2386977672576904
2.13387131690979
1.943380355834961
2.71401047706604
1.9341521263122559
2.269422769546509
2.7799391746520996
0.4475061893463135
2.8927218914031982
2.3992135524749756
2.448878049850464
0.6254267692565918
0.5932471752166748
0.6441786289215088
2.0561342239379883
0.7594106197357178
0.5877766609191895
0.7597870826721191
2.364866256713867
2.335444927215576
0.3873467445373535
0.1822657585144043
0.6885623931884766
0.5881853103637695
2.064563512802124
2.084132194519043
1.584644079208374
2.335710287094116
2.4355056285858154
2.3189375400543213
3.1967008113861084
1.7039775848388672
1.716491460800171
1.697967290878296
0.1983811855316162
3.277162551879883
2.2229809761047363
2.3250796794891357
3.5841004848480225
3.4950785636901855
3.4943156242370605
2.5156967639923096
0.8902003765106201
0.9796316623687744
1.841186761856079
2.4712352752685547
2.482065200805664
2.359387159347534
2.3691704273223877
2.515289545059204
3.602433919906616
2.0818262100219727
1.9369757175445557
2.518152952194214
0.5648667812347412
0.6275415420532227
1.236584186553955
2.1998238563537598
1.118758201599121
2.6640610694885254
2.6332385540008545
2.58561372756958
2.5918197631835938
2.2602858543395996
1.2406842708587646
2.727203130722046
2.5382184982299805
2.4903371334075928
0.5992703437805176
0.5388505458831787
0.4061729907989502
0.40991878509521484
2.2138288021087646
2.327362060546875
1.2695035934448242
1.3651857376098633
1.2674190998077393
2.95524001121521
2.7210779190063477
3.020076274871826
2.712747097015381
2.440323829650879
2.114034652709961
0.4806075096130371
0.48018860816955566
2.7827866077423096
2.568807601928711
2.2325305938720703
0.45514631271362305
0.48141002655029297
0.536139726638794
2.449066162109375
2.465776205062866
0.32979297637939453
2.618675708770752
1.609142780303955
1.6176905632019043
1.73105788230896
1.6073572635650635
1.7527244091033936
0.31980395317077637
2.4277687072753906
2.7655649185180664
2.7713706493377686
1.759523630142212
0.47767114639282227
2.6566946506500244
2.6360301971435547
2.723747491836548
2.402963399887085
2.5716114044189453
2.7199900150299072
3.2003931999206543
3.1652770042419434
3.0309865474700928
3.113346576690674
2.9380381107330322
3.077450752258301
2.8969290256500244
2.8748860359191895
2.6728081703186035
2.687732219696045
2.946704149246216
2.8710837364196777
0.5283262729644775
3.3008456230163574
0.4831845760345459
0.729891300201416
0.8031387329101562
0.7860231399536133
0.8590617179870605
3.3407647609710693
0.47065019607543945
0.32137298583984375
0.5354487895965576
0.7844624519348145
0.7795982360839844
0.7709298133850098
2.2619752883911133
2.270812511444092
2.830315113067627
2.854546546936035
2.682718515396118
3.103851556777954
3.5501673221588135
0.412731409072876
2.38152813911438
2.8515894412994385
3.0167949199676514
2.5025880336761475
2.39755916595459
2.3597071170806885
0.4236633777618408
1.822385549545288
1.1886534690856934
2.456089496612549
0.38785457611083984
0.3525519371032715
2.795893907546997
2.5620620250701904
1.3051128387451172
1.962707281112671
1.259929895401001
0.2531743049621582
2.909590482711792
1.395827293395996
1.9829442501068115
2.0578043460845947
0.3299264907836914
2.6170425415039062
2.567974805831909
3.0265402793884277
2.964277505874634
2.6957898139953613
0.40143465995788574
2.767072916030884
2.2068932056427
2.18744158744812
2.2087957859039307
1.6728661060333252
0.3635997772216797
2.76674747467041
2.780700922012329
2.6443417072296143
1.5794591903686523
2.305328369140625
2.7374844551086426
3.3038055896759033
3.275620937347412
3.31951904296875
2.753232717514038
1.672464370727539
2.7388312816619873
0.5447261333465576
2.701050043106079
0.53074049949646
2.8462486267089844
2.8711190223693848
2.469341516494751
2.7745201587677
0.3273611068725586
2.744783639907837
1.9297072887420654
1.9191274642944336
0.37393736839294434
2.91695499420166
0.2771799564361572
2.8646159172058105
2.207308530807495
0.5359611511230469
2.517348051071167
0.5346696376800537
2.481781244277954
2.525390386581421
2.4853947162628174
2.527132511138916
2.691473960876465
0.41014766693115234
0.44208264350891113
0.4577972888946533
2.05399227142334
2.0688517093658447
0.47551918029785156
0.48834705352783203
2.2948553562164307
2.3829500675201416
2.1879210472106934
2.1381676197052
0.39975786209106445
2.7106969356536865
2.6254425048828125
2.439523935317993
0.40557432174682617
2.8258981704711914
3.4545769691467285
2.668898105621338
2.840200424194336
0.5595870018005371
0.5316786766052246
0.35083985328674316
0.3576381206512451
2.333075761795044
0.212904691696167
2.2012882232666016
2.672315835952759
2.4986443519592285
2.2515957355499268
1.9378275871276855
1.9494421482086182
2.2540807723999023
2.6113431453704834
2.5805909633636475
2.2843270301818848
2.4820005893707275
2.2799441814422607
1.9884092807769775
2.0297186374664307
2.4646852016448975
0.4278547763824463
2.404017686843872
2.1631455421447754
2.1506447792053223
2.02272891998291
2.6908938884735107
2.695655345916748
2.654621124267578
2.7150676250457764
2.6674461364746094
2.637094259262085
1.7643494606018066
2.198476791381836
2.1864585876464844
0.7275211811065674
0.7208974361419678
2.125232696533203
2.6912858486175537
2.6783955097198486
2.335721969604492
0.5360541343688965
0.609360933303833
2.8093433380126953
2.7799084186553955
0.8830432891845703
2.412158727645874
2.4171366691589355
0.338864803314209
0.5643072128295898
0.5704176425933838
0.35769033432006836
0.3458266258239746
3.292633295059204
2.095241069793701
2.1299405097961426
1.7300443649291992
2.893174409866333
1.5912210941314697
2.530655860900879
0.8169152736663818
0.8999660015106201
3.2561147212982178
1.9699811935424805
2.170647144317627
2.074620485305786
1.9769227504730225
1.954932451248169
2.9319024085998535
2.0962302684783936
2.58449125289917
2.000864028930664
0.47401905059814453
0.4348742961883545
3.1024351119995117
2.520294189453125
2.1161129474639893
2.115532875061035
1.8924908638000488
1.122929573059082
2.659064292907715
2.629727602005005
2.6367034912109375
2.677617073059082
0.27031373977661133
0.6356420516967773
1.8052499294281006
1.125049114227295
2.554783344268799
2.625509738922119
0.6350052356719971
1.193716049194336
1.1750445365905762
2.120633363723755
2.1437697410583496
2.9159646034240723
1.7615420818328857
2.0757884979248047
1.9448962211608887
0.49405956268310547
0.5717589855194092
2.63503360748291
0.5749294757843018
2.4343409538269043
2.395437002182007
0.5678894519805908
0.7116646766662598
1.5072364807128906
0.6115894317626953
0.6607940196990967
0.5935611724853516
2.259265661239624
3.0086731910705566
0.8471951484680176
1.4501380920410156
1.0314295291900635
1.5322434902191162
0.9126186370849609
0.796288013458252
0.7941527366638184
1.3661396503448486
0.7047181129455566
0.6138927936553955
2.76809024810791
0.2640364170074463
1.8812544345855713
0.9370722770690918
0.3356642723083496
2.4961178302764893
0.7695248126983643
0.7736415863037109
1.9836962223052979
2.8848698139190674
2.9002950191497803
2.8909597396850586
1.5918385982513428
0.7089507579803467
0.3183434009552002
2.4848906993865967
2.600890636444092
2.0960447788238525
3.008835792541504
0.3068046569824219
0.14924001693725586
0.9151356220245361
1.3722026348114014
0.9146912097930908
1.2115302085876465
0.9343545436859131
2.10201096534729
2.0609970092773438
2.0605080127716064
1.6540226936340332
1.6249415874481201
1.6764614582061768
1.5804517269134521
1.6011428833007812
1.7865993976593018
1.7002744674682617
1.6004507541656494
0.35157322883605957
2.6026322841644287
2.658083915710449
2.410712718963623
2.120565176010132
0.2640705108642578
0.1698908805847168
1.0671865940093994
0.2229173183441162
2.266587734222412
0.5197196006774902
0.5296769142150879
0.45341992378234863
0.5246541500091553
0.9153995513916016
2.663494110107422
2.727445125579834
3.523914337158203
3.404033660888672
0.617281436920166
3.3012115955352783
3.5435354709625244
0.3507709503173828
3.279768466949463
0.2713890075683594
1.2157082557678223
0.15099549293518066
2.4361658096313477
2.431603193283081
3.6669044494628906
3.45526123046875
2.473001003265381
1.1279008388519287
1.3166389465332031
1.1326286792755127
1.4652905464172363
0.4407062530517578
2.8172433376312256
3.6525981426239014
3.870326280593872
0.8318605422973633
0.4401073455810547
0.8158056735992432
0.8308544158935547
1.2411913871765137
1.1956603527069092
2.0084228515625
1.9647884368896484
0.49997663497924805
0.5140700340270996
0.5057656764984131
0.5363941192626953
2.59315824508667
2.7322654724121094
0.2919957637786865
0.17958498001098633
0.1328415870666504
1.0288112163543701
0.1265869140625
2.791771650314331
1.1676194667816162
2.8534657955169678
0.6793787479400635
2.6719918251037598
2.683500051498413
2.2498865127563477
2.3177802562713623
0.7890324592590332
2.3809151649475098
3.0597715377807617
1.2496769428253174
1.859483003616333
2.8850255012512207
3.086716890335083
2.5007641315460205
0.30480480194091797
0.8689179420471191
0.8024630546569824
0.16890287399291992
2.9600114822387695
1.4943068027496338
2.6094698905944824
2.7164909839630127
2.4749155044555664
2.939166307449341
2.94885516166687
0.9568498134613037
3.269188404083252
1.4794471263885498
3.1705422401428223
3.2183098793029785
2.9169065952301025
2.23252534866333
2.216237783432007
2.4866583347320557
2.184624671936035
2.1095359325408936
0.6637096405029297
0.6760900020599365
1.159038782119751
2.7053287029266357
1.700350046157837
2.714773416519165
1.6313250064849854
1.5060832500457764
1.6217460632324219
0.4391915798187256
0.5789146423339844
1.2882905006408691
0.6164078712463379
0.6273341178894043
2.592075824737549
3.694636821746826
3.7197275161743164
1.3314595222473145
1.3371405601501465
2.8108034133911133
2.822312593460083
1.2363319396972656
1.1235203742980957
1.4179487228393555
0.18809247016906738
0.46788787841796875
0.6171131134033203
0.5931332111358643
0.5895957946777344
0.6256968975067139
0.5781779289245605
0.5801620483398438
2.652021884918213
2.8917884826660156
2.667595624923706
0.47165465354919434
0.5843894481658936
0.7088501453399658
0.5989172458648682
2.5762972831726074
2.57665753364563
1.0614712238311768
1.05888032913208
0.9768857955932617
0.5618717670440674
0.5678527355194092
0.6534609794616699
0.8336420059204102
0.9353902339935303
0.47014713287353516
0.9561455249786377
0.8641197681427002
2.3192644119262695
2.3159685134887695
2.3339500427246094
2.3145506381988525
2.69472074508667
2.6763463020324707
0.12995529174804688
0.25756335258483887
3.0418968200683594
3.0551798343658447
2.447110414505005
3.1676907539367676
0.6412687301635742
0.6546027660369873
0.7338504791259766
0.6830127239227295
0.6491694450378418
0.6553976535797119
3.0437686443328857
1.1060919761657715
0.5840842723846436
3.2921109199523926
2.7262094020843506
2.684911012649536
3.3315553665161133
3.2696292400360107
3.1835927963256836
3.1996021270751953
0.5956830978393555
0.5894825458526611
1.2405126094818115
1.1177599430084229
1.1317389011383057
1.1256446838378906
1.1176302433013916
2.800835609436035
2.6153695583343506
1.1447882652282715
1.1499207019805908
3.3955297470092773
3.293731451034546
0.6872177124023438
0.7275681495666504
0.6942994594573975
0.689063310623169
0.7593719959259033
0.7269017696380615
2.7328805923461914
2.791166305541992
3.649301528930664
3.683776378631592
3.4490067958831787
3.5003180503845215
3.5256240367889404
0.8761894702911377
0.8221967220306396
2.898512601852417
0.6984789371490479
0.4995076656341553
3.4743292331695557
0.6731441020965576
0.6730856895446777
0.5539693832397461
0.5922064781188965
0.5755693912506104
0.7971298694610596
3.1570956707000732
2.75089168548584
0.7238531112670898
0.7910788059234619
0.7223997116088867
3.2237086296081543
2.8760898113250732
1.694105625152588
0.8432633876800537
0.7447056770324707
1.3297898769378662
0.7548942565917969
0.7869141101837158
1.1861190795898438
3.26139760017395
0.5430254936218262
0.5328655242919922
0.5045480728149414
3.027146100997925
1.699439287185669
1.7672832012176514
0.14350295066833496
3.4427242279052734
3.3893990516662598
3.385887861251831
3.374990224838257
3.3644609451293945
0.1776738166809082
0.7829239368438721
1.9542596340179443
1.8949899673461914
0.25232768058776855
3.3660311698913574
3.33357572555542
0.1912670135498047
1.9540948867797852
3.7652289867401123
2.062903642654419
3.4868521690368652
1.1244158744812012
1.0943658351898193
1.1202623844146729
0.7316451072692871
0.6554749011993408
0.5998399257659912
0.17446470260620117
3.4566123485565186
3.5389702320098877
3.345945358276367
1.0644264221191406
1.0345103740692139
1.076202630996704
0.9509270191192627
1.049783706665039
2.3413829803466797
0.9419074058532715
0.9217739105224609
2.346888303756714
0.4422166347503662
0.44658684730529785
3.4917542934417725
3.4904263019561768
2.440678596496582
0.5177888870239258
3.6913819313049316
3.6400725841522217
0.2558708190917969
0.18774962425231934
3.6779158115386963
0.1696181297302246
0.6713862419128418
3.717679977416992
3.717463731765747
2.7537930011749268
0.5930256843566895
0.5902233123779297
2.863948106765747
2.8146774768829346
0.7734177112579346
0.7899713516235352
0.7714993953704834
0.8015596866607666
0.5747170448303223
3.638639450073242
3.353933334350586
3.6222760677337646
2.987265110015869
0.6505990028381348
0.42552733421325684
0.6021535396575928
0.5574760437011719
3.718817710876465
3.704766273498535
3.6423165798187256
3.6610097885131836
3.739675283432007
2.954442024230957
3.0425009727478027
3.509223699569702
0.37581825256347656
2.9281880855560303
3.519312858581543
0.520270586013794
0.3601536750793457
0.4045276641845703
2.8214385509490967
0.5787420272827148
0.2843921184539795
3.1331145763397217
3.0111887454986572
3.021066188812256
2.93245005607605
0.6349763870239258
0.6412906646728516
0.34961700439453125
3.0110108852386475
0.7176496982574463
0.30368924140930176
3.2573962211608887
3.1357808113098145
0.41095829010009766
0.34268712997436523
0.35718297958374023
3.3662383556365967
0.7428171634674072
3.2905266284942627
0.7637460231781006
0.75589919090271
0.6972372531890869
0.5770394802093506
0.35018134117126465
3.277411460876465
0.25847458839416504
0.3537940979003906
0.24265575408935547
1.0305323600769043
0.9997568130493164
3.2893526554107666
3.3410544395446777
2.4553802013397217
3.654762029647827
3.1682801246643066
3.0258629322052
0.3096630573272705
2.5953660011291504
2.5798869132995605
1.2401411533355713
1.2482836246490479
0.5114536285400391
0.5075757503509521
0.43010997772216797
1.3689751625061035
1.4672443866729736
1.289468765258789
1.3363559246063232
3.7392661571502686
2.812391519546509
2.8181066513061523
2.5695066452026367
0.29203152656555176
3.3358120918273926
0.3499751091003418
0.7963986396789551
0.3222975730895996
0.7956767082214355
0.5855128765106201
2.76041316986084
2.6805551052093506
2.836707592010498
0.3931403160095215
0.2824420928955078
3.438535451889038
3.450880765914917
0.9177875518798828
0.8923165798187256
0.8672270774841309
0.8626043796539307
0.9319322109222412
2.708601713180542
4.032270431518555
4.0247483253479
4.097794055938721
2.777172803878784
3.636608839035034
4.160350322723389
4.139002561569214
4.020675897598267
0.6489942073822021
3.697617530822754
0.6222374439239502
0.6105630397796631
0.6102781295776367
2.987948417663574
3.693384885787964
3.6880970001220703
2.9967575073242188
2.997163772583008
0.7310011386871338
0.7302656173706055
3.8074121475219727
4.422524929046631
0.668726921081543
4.60807991027832
0.6248750686645508
4.433145046234131
0.5852890014648438
0.4587674140930176
0.3864710330963135
3.912343740463257
3.909271478652954
0.3623361587524414
0.39768552780151367
0.3788776397705078
3.2820932865142822
4.12890362739563
4.152734041213989
1.0728299617767334
1.1046643257141113
1.1115763187408447
0.9986560344696045
0.2748262882232666
0.6095025539398193
0.27927637100219727
1.0601303577423096
3.387469530105591
0.9323489665985107
3.389636278152466
3.1479828357696533
3.1432502269744873
0.48050379753112793
0.47528982162475586
0.46706223487854004
3.5015292167663574
3.5007383823394775
3.510234832763672
3.5061233043670654
3.530224561691284
3.18290638923645
0.29845571517944336
3.2620818614959717
4.540099382400513
4.4850006103515625
4.484924793243408
0.48604774475097656
0.4738013744354248
0.44468045234680176
3.4786906242370605
1.060781717300415
0.9289770126342773
0.9533860683441162
0.9499714374542236
0.8378279209136963
0.8818225860595703
2.7065985202789307
3.598705291748047
0.3521251678466797
4.042514324188232
0.7068953514099121
0.9530990123748779
0.9572818279266357
2.913503885269165
2.887296676635742
0.47336506843566895
0.7064151763916016
0.49107789993286133
0.6337862014770508
0.8508284091949463
0.39508914947509766
3.8203318119049072
3.832820177078247
3.906954050064087
3.6528167724609375
3.6733224391937256
3.4168453216552734
2.93384051322937
3.9482452869415283
1.127443790435791
1.0310242176055908
0.9948086738586426
1.1771917343139648
1.0240750312805176
2.896277904510498
3.059129476547241
0.6136891841888428
0.6151845455169678
0.6073598861694336
0.646855354309082
4.10170578956604
3.69295072555542
3.6698901653289795
3.74005389213562
3.115657329559326
3.233459234237671
5.316238641738892
0.8543376922607422
0.8511137962341309
0.27355122566223145
3.7113795280456543
3.215376615524292
0.8676724433898926
0.5767011642456055
3.1747982501983643
2.518554449081421
0.8164200782775879
0.5915567874908447
4.03796124458313
3.9653546810150146
0.5519862174987793
2.592864513397217
1.0381090641021729
0.6862475872039795
0.6828136444091797
0.9177873134613037
3.37663197517395
0.8545999526977539
0.7135303020477295
0.7192063331604004
0.7150413990020752
2.6976616382598877
0.5751886367797852
2.663630485534668
3.5672078132629395
0.8970253467559814
0.7363958358764648
1.1739251613616943
1.182218313217163
1.1631500720977783
1.1600055694580078
1.1706874370574951
0.7538671493530273
1.1269161701202393
1.1793696880340576
3.671830654144287
4.31392240524292
3.4670162200927734
3.7396717071533203
3.6886260509490967
0.9071505069732666
0.9789812564849854
3.9806697368621826
3.7285947799682617
3.6959469318389893
3.673506021499634
0.25417065620422363
0.2642478942871094
3.515738010406494
3.529569149017334
3.5165886878967285
0.9992122650146484
0.955735445022583
2.9876060485839844
0.8570077419281006
2.965055465698242
0.40740537643432617
3.6402297019958496
0.16196703910827637
1.2333667278289795
0.8613913059234619
0.7807164192199707
0.6413838863372803
0.7165853977203369
1.0345146656036377
0.45502614974975586
3.0079166889190674
3.006134033203125
3.631960391998291
0.9011597633361816
3.131870985031128
3.5209529399871826
4.077272653579712
1.0809307098388672
0.9964087009429932
0.9770042896270752
1.0010645389556885
1.2183330059051514
3.9229631423950195
3.8580379486083984
3.883157968521118
3.873400926589966
3.853708267211914
0.3529195785522461
3.8397860527038574
0.32412290573120117
0.8046720027923584
0.4803488254547119
0.47736454010009766
0.41073012351989746
3.5055577754974365
3.347992181777954
3.343416452407837
3.2273221015930176
0.37905192375183105
0.16869187355041504
0.7026853561401367
0.867107629776001
0.8791408538818359
0.8834967613220215
0.8443996906280518
0.8003129959106445
0.857914924621582
1.0706582069396973
0.4161226749420166
0.9065091609954834
0.8625054359436035
0.48565173149108887
0.5030510425567627
0.3562278747558594
0.35507702827453613
0.9216656684875488
3.487304925918579
3.4848697185516357
0.6024386882781982
3.5928070545196533
3.5804929733276367
3.5916965007781982
3.5916175842285156
0.686892032623291
0.6860530376434326
0.34986042976379395
0.6514236927032471
0.6484286785125732
0.2923619747161865
0.6507525444030762
2.789832830429077
0.6874091625213623
1.1338393688201904
3.7195398807525635
3.6094510555267334
0.4918496608734131
0.3275489807128906
0.33373260498046875
1.1139171123504639
2.9918060302734375
0.675656795501709
0.6602320671081543
3.5950167179107666
3.59897780418396
1.1051578521728516
3.373278856277466
3.5082616806030273
4.192400932312012
3.025484561920166
3.1050400733947754
4.126236200332642
3.97436261177063
3.9603514671325684
1.242621898651123
0.7285995483398438
0.573390007019043
0.5688693523406982
0.5774860382080078
3.1961381435394287
0.8346037864685059
0.6700725555419922
0.6596860885620117
3.5934512615203857
0.5192222595214844
1.7010958194732666
2.8143234252929688
2.8427734375
3.30129337310791
2.988375663757324
2.6923863887786865
3.331594944000244
3.4354004859924316
0.9084336757659912
0.9142146110534668
2.1741511821746826
1.9512841701507568
0.6163697242736816
1.83286452293396
3.3809120655059814
0.9926371574401855
2.2789313793182373
1.8496603965759277
0.7560560703277588
0.7876377105712891
0.8072192668914795
0.6472055912017822
2.385226249694824
2.398174285888672
1.0265202522277832
0.6856927871704102
0.6774797439575195
0.6850621700286865
0.7276043891906738
0.6353497505187988
0.736950159072876
3.4473133087158203
3.6793107986450195
0.3220810890197754
3.154665946960449
1.0416045188903809
1.170579433441162
1.110527753829956
0.6767315864562988
2.437265396118164
3.235640287399292
2.6960861682891846
3.250264883041382
0.821357250213623
0.8179681301116943
0.8200626373291016
0.7031807899475098
3.0270726680755615
0.64552903175354
1.271209478378296
1.0099327564239502
0.9113259315490723
2.6878433227539062
2.7175333499908447
3.40325665473938
3.134967088699341
3.157102108001709
3.435605764389038
3.4107000827789307
3.3397459983825684
0.8569793701171875
2.89180850982666
0.5879664421081543
0.5964264869689941
0.8462507724761963
0.9688019752502441
0.8829164505004883
0.7366197109222412
0.8099937438964844
2.996840715408325
0.779944658279419
0.5907979011535645
3.3855271339416504
3.38360595703125
3.4100112915039062
3.3110952377319336
3.306124687194824
0.8663153648376465
0.8097269535064697
0.8096628189086914
0.7928152084350586
0.9419698715209961
3.037101984024048
0.19853711128234863
0.8069643974304199
0.7392048835754395
0.7385187149047852
0.5017786026000977
0.5171878337860107
3.7824926376342773
3.626997709274292
0.7394986152648926
0.723832368850708
0.13730168342590332
0.48345279693603516
0.48277878761291504
0.17249846458435059
3.177746295928955
3.142901659011841
3.0384774208068848
3.028926372528076
3.048900604248047
1.0063574314117432
3.0584115982055664
0.8913507461547852
0.7012882232666016
0.5585401058197021
0.31799912452697754
3.2002365589141846
3.190232992172241
1.0732738971710205
0.3443765640258789
0.949531078338623
0.9761755466461182
0.9939537048339844
0.9821946620941162
1.0390536785125732
0.939225435256958
0.6946954727172852
0.7015740871429443
0.40735650062561035
2.8814682960510254
3.3098185062408447
0.4522266387939453
1.1866648197174072
0.4662759304046631
0.7566378116607666
0.6684606075286865
0.6285009384155273
0.9493117332458496
0.6700079441070557
1.015859603881836
2.9947943687438965
3.2294743061065674
0.37502479553222656
3.549436330795288
3.0445055961608887
1.157339096069336
1.1421082019805908
3.343932867050171
3.3584070205688477
0.8506038188934326
2.927320957183838
1.1605653762817383
1.157377004623413
2.897796630859375
3.4105517864227295
3.4673099517822266
1.3211681842803955
1.2088298797607422
3.1984496116638184
3.209256887435913
1.3252062797546387
1.2209720611572266
1.2315967082977295
1.2251431941986084
0.6231949329376221
0.5129990577697754
3.4649178981781006
1.3447301387786865
0.49994778633117676
0.6376628875732422
0.5937290191650391
3.3800947666168213
2.9665465354919434
2.9662773609161377
3.069185256958008
0.45790529251098633
3.5070438385009766
3.428738832473755
2.849903106689453
0.7245020866394043
0.7295007705688477
0.8245241641998291
0.6598105430603027
0.34894609451293945
0.32294321060180664
2.5016751289367676
0.7178678512573242
0.6594061851501465
0.5434756278991699
0.5406703948974609
0.146409273147583
3.248303174972534
3.25540828704834
3.2441439628601074
0.28572511672973633
0.5899796485900879
3.2041454315185547
0.7931416034698486
0.8036034107208252
0.7623755931854248
3.144623279571533
2.9750733375549316
2.9683175086975098
2.795746326446533
2.9361729621887207
3.066965103149414
0.241011381149292
2.722316265106201
3.3878562450408936
0.7761149406433105
1.6708569526672363
0.7673513889312744
0.6945083141326904
0.22019743919372559
0.1999073028564453
2.8444881439208984
3.3742406368255615
0.4047365188598633
0.7919712066650391
0.4278225898742676
0.41214895248413086
3.1565663814544678
3.1122171878814697
0.30893564224243164
0.3552417755126953
0.27847909927368164
0.8566267490386963
0.8524887561798096
0.9073271751403809
0.8527708053588867
1.047318458557129
3.2474896907806396
3.212425708770752
3.0025947093963623
3.2214865684509277
3.0040900707244873
3.0104031562805176
0.8028373718261719
0.20643973350524902
3.128913164138794
3.177020788192749
2.822847604751587
0.40212512016296387
2.6767325401306152
3.190009117126465
0.9089796543121338
1.8127920627593994
0.9224729537963867
0.9059545993804932
0.863539457321167
0.9330837726593018
0.9302716255187988
3.0671000480651855
0.48502421379089355
3.3644230365753174
0.9232814311981201
0.9304754734039307
0.6383821964263916
0.6044435501098633
0.45313072204589844
0.44057250022888184
3.1126420497894287
3.1275899410247803
3.1343443393707275
0.3110685348510742
0.8131241798400879
0.7699575424194336
0.7813827991485596
0.9206562042236328
1.1791417598724365
2.9253525733947754
0.6859431266784668
2.1402766704559326
2.0504353046417236
2.9775612354278564
0.5613341331481934
0.5666067600250244
0.5428266525268555
0.6908876895904541
0.6822013854980469
2.218322515487671
3.415257215499878
3.399233102798462
2.8743650913238525
0.328075647354126
0.7009098529815674
0.28474998474121094
3.4817023277282715
2.987938165664673
2.9430296421051025
0.8047153949737549
0.9653425216674805
2.4159576892852783
3.6701252460479736
2.4699559211730957
2.5658867359161377
0.3907439708709717
0.5719184875488281
0.413712739944458
0.4401538372039795
3.2778611183166504
3.282676935195923
0.5682544708251953
0.5748236179351807
0.5251731872558594
0.46959519386291504
3.080873966217041
2.6613974571228027
2.639265775680542
2.7372853755950928
3.3830113410949707
0.5721457004547119
0.559577465057373
0.43491339683532715
0.44449424743652344
0.41060972213745117
0.3501734733581543
1.229203701019287
1.1979153156280518
3.3981332778930664
3.600196361541748
3.5388741493225098
1.3157999515533447
2.7939462661743164
0.38076353073120117
3.6078860759735107
0.6054456233978271
3.725578546524048
3.6849515438079834
3.7029333114624023
3.579387664794922
1.3334920406341553
2.967726230621338
3.469972848892212
3.4208719730377197
3.3321657180786133
0.5100228786468506
0.47464680671691895
0.5164587497711182
0.4699423313140869
3.019885778427124
2.6517300605773926
2.656111478805542
0.4948384761810303
0.6719369888305664
0.738379955291748
0.6786987781524658
1.573777198791504
0.5442171096801758
0.5556023120880127
0.5517637729644775
3.9330508708953857
1.6027112007141113
1.6438286304473877
3.2403886318206787
3.2511117458343506
0.8702702522277832
0.7973549365997314
2.8663060665130615
2.9640285968780518
0.6439690589904785
0.6740140914916992
0.6536180973052979
4.352097988128662
3.3328049182891846
3.9804887771606445
3.448147773742676
0.6078383922576904
0.5069427490234375
1.0034077167510986
1.9465093612670898
1.9419806003570557
1.9396429061889648
2.159600019454956
2.165370464324951
1.9733424186706543
0.6196985244750977
0.5036728382110596
0.9928209781646729
0.5797855854034424
3.328972816467285
3.2143702507019043
2.557318925857544
0.9248101711273193
0.574955940246582
2.8815789222717285
2.673482656478882
0.7589578628540039
0.6663010120391846
4.82616662979126
0.31318211555480957
2.704155206680298
0.7554099559783936
0.6663432121276855
0.6281764507293701
0.321277379989624
0.6537325382232666
1.177535057067871
1.1232478618621826
1.1523749828338623
4.944315433502197
3.3941266536712646
0.33341169357299805
5.046161651611328
3.3758556842803955
3.352562665939331
3.4235334396362305
0.854172945022583
0.24982953071594238
3.06984543800354
4.154621124267578
4.149928331375122
2.985936403274536
3.001512289047241
1.321735143661499
1.3850481510162354
3.5882914066314697
3.5525529384613037
4.144957065582275
4.224072456359863
0.6268644332885742
0.5824270248413086
0.5906331539154053
0.6084864139556885
0.5069024562835693
0.5063216686248779
3.2134385108947754
4.276896953582764
1.051318645477295
0.9636082649230957
1.093630075454712
1.0225951671600342
0.6296801567077637
3.2909445762634277
3.4670863151550293
0.623265266418457
0.6977393627166748
0.6974022388458252
1.393420934677124
0.7246663570404053
0.2644836902618408
0.5951626300811768
3.312905788421631
0.24920272827148438
0.5709168910980225
0.6104259490966797
2.7643442153930664
2.7200121879577637
4.538687705993652
0.6721148490905762
3.4705233573913574
0.3482828140258789
2.9057931900024414
2.9431629180908203
2.7822744846343994
3.405210256576538
3.1968045234680176
3.3386166095733643
3.2015292644500732
3.1818604469299316
0.6499629020690918
0.611058235168457
0.6689560413360596
0.8426394462585449
2.7811689376831055
2.6954808235168457
0.8533084392547607
0.8449046611785889
0.8534548282623291
2.759173631668091
1.367570161819458
1.4093153476715088
0.5639111995697021
0.8500754833221436
0.8274314403533936
2.839747190475464
0.6572484970092773
0.6622774600982666
0.6358675956726074
0.8861477375030518
0.3802523612976074
1.3796463012695312
0.9812707901000977
0.6826803684234619
0.690227746963501
1.503596544265747
2.986320734024048
0.47585368156433105
0.878258466720581
0.2826211452484131
1.6169416904449463
0.4756925106048584
0.36615514755249023
0.17615246772766113
1.001007080078125
0.924048662185669
3.109865427017212
3.0963046550750732
1.6121265888214111
3.2733471393585205
3.3477566242218018
0.7497005462646484
0.7470920085906982
6.624991416931152
0.9623370170593262
1.0098176002502441
0.9797735214233398
3.1953306198120117
3.186471462249756
1.8401856422424316
0.6719772815704346
0.6884090900421143
0.5421178340911865
0.6265742778778076
0.26572132110595703
3.0119011402130127
0.7363965511322021
0.7232844829559326
1.9311022758483887
1.890730381011963
0.25025296211242676
0.7692868709564209
0.7087240219116211
1.183408260345459
1.160184621810913
0.989100456237793
1.123638391494751
3.448948860168457
1.9672513008117676
1.9732708930969238
0.6716718673706055
0.3289220333099365
0.813762903213501
0.25058460235595703
3.6345632076263428
3.4350006580352783
3.6573524475097656
3.426729202270508
2.138982057571411
0.5276501178741455
0.6186959743499756
2.2312676906585693
3.8929755687713623
3.8083949089050293
0.44615864753723145
3.6294121742248535
3.553102493286133
0.6093151569366455
0.5720758438110352
0.5727598667144775
0.580286979675293
0.32909560203552246
0.4916086196899414
0.5034632682800293
3.9778239727020264
3.9333770275115967
3.9321401119232178
3.520568370819092
3.664459466934204
0.5998456478118896
1.0612239837646484
0.8929617404937744
0.8914003372192383
0.8844137191772461
0.8590729236602783
0.954258918762207
2.3876583576202393
2.5193445682525635
0.21333527565002441
3.8279035091400146
0.6577904224395752
3.7335355281829834
3.692162036895752
3.856645345687866
3.862860679626465
3.696180582046509
0.5826654434204102
0.5531735420227051
0.5814290046691895
0.5668230056762695
0.20464277267456055
3.8136799335479736
0.2639636993408203
0.3179664611816406
3.9227499961853027
2.8907432556152344
2.786957025527954
2.891390800476074
1.0333740711212158
1.0046072006225586
1.0370969772338867
4.090780019760132
1.0472705364227295
4.100851058959961
4.141914367675781
3.0745723247528076
3.324984312057495
0.438554048538208
0.4459388256072998
4.237860202789307
4.884983777999878
4.2400689125061035
4.22381854057312
4.1501288414001465
4.194612264633179
1.0809946060180664
3.1709253787994385
1.2007532119750977
1.1454670429229736
3.4183802604675293
0.6116373538970947
1.2449393272399902
0.5927202701568604
1.2001678943634033
1.1937131881713867
1.1792681217193604
1.3613393306732178
1.0572152137756348
3.4523122310638428
2.846327543258667
2.8440396785736084
2.839618444442749
0.7051219940185547
3.3468027114868164
0.5776116847991943
0.5079739093780518
0.7259938716888428
2.7272138595581055
3.4957468509674072
1.0343496799468994
3.224362850189209
0.7825260162353516
2.844277858734131
0.7773735523223877
0.7011363506317139
0.7238147258758545
0.19380426406860352
0.8761165142059326
0.7932422161102295
2.9333763122558594
3.641900062561035
0.654346227645874
0.590435266494751
0.5504262447357178
1.2370679378509521
0.8935260772705078
0.8629653453826904
0.9047458171844482
3.074678421020508
3.1861753463745117
3.950993299484253
4.007690191268921
0.6427338123321533
0.6431870460510254
0.48041558265686035
0.3654794692993164
3.1911144256591797
4.379042625427246
1.2396583557128906
0.37491941452026367
0.2660179138183594
0.3930048942565918
0.8876113891601562
0.8779683113098145
1.0625507831573486
1.0256876945495605
3.2889530658721924
4.063923597335815
4.006669282913208
0.5624845027923584
1.1889994144439697
0.24555325508117676
0.25765037536621094
3.438821315765381
1.1471631526947021
1.1476294994354248
1.1477904319763184
1.1505248546600342
1.0950067043304443
1.027026891708374
0.599808931350708
4.2181737422943115
4.2249627113342285
3.5439789295196533
3.644624948501587
4.240375757217407
4.467071533203125
1.3182108402252197
3.707745313644409
3.580260753631592
1.482755422592163
1.6977555751800537
0.9260151386260986
0.9041659832000732
0.8439807891845703
0.8103137016296387
0.31545543670654297
0.8865289688110352
0.8842670917510986
0.8562741279602051
0.7799577713012695
0.8083078861236572
0.8005397319793701
0.8886454105377197
0.8398926258087158
1.3071939945220947
1.2635810375213623
4.531226873397827
4.525579929351807
3.7887351512908936
0.5139439105987549
0.39376068115234375
0.554121732711792
0.5530486106872559
1.246769905090332
3.9192395210266113
3.8934926986694336
1.4788365364074707
3.504884719848633
3.5674049854278564
1.119837760925293
0.3031940460205078
0.3105580806732178
1.5089848041534424
3.4631412029266357
0.8560161590576172
0.7019333839416504
1.215510368347168
1.6310510635375977
0.6929943561553955
4.191029787063599
4.181143522262573
0.9603259563446045
1.1649019718170166
1.260587453842163
1.7730000019073486
0.719327449798584
0.7854471206665039
0.7205450534820557
0.6005933284759521
3.6437172889709473
0.8043763637542725
4.181540489196777
4.2486572265625
4.253615379333496
1.3047916889190674
3.7579822540283203
0.8797955513000488
0.9146726131439209
0.8688855171203613
0.8369226455688477
0.8330709934234619
0.826911449432373
0.4323689937591553
1.35801100730896
1.798774003982544
1.7463831901550293
1.6212825775146484
1.5194685459136963
1.6141955852508545
1.5057399272918701
0.6409318447113037
0.5425877571105957
4.396225452423096
4.459542512893677
0.2122330665588379
0.7082374095916748
4.009687185287476
3.9975805282592773
0.5813775062561035
0.8101181983947754
2.0036144256591797
4.0448524951934814
4.034412145614624
0.75339674949646
2.117992639541626
2.01878023147583
0.7940568923950195
3.978566884994507
0.6527714729309082
0.7794041633605957
0.6173677444458008
0.9000368118286133
0.6282079219818115
0.5413687229156494
1.0477964878082275
4.4123194217681885
4.403850555419922
2.3289999961853027
2.3437321186065674
2.243826150894165
0.5551915168762207
1.026233196258545
1.0230019092559814
1.072096347808838
4.226186513900757
4.236898899078369
4.511196851730347
4.528865575790405
4.512195587158203
0.9439883232116699
1.1228249073028564
1.0934865474700928
4.216459512710571
4.341001510620117
0.7399215698242188
1.0584828853607178
0.990938663482666
1.0051136016845703
1.0017518997192383
4.741159200668335
1.2765719890594482
2.5996103286743164
2.483001708984375
0.28244972229003906
4.484721422195435
4.443131685256958
4.437514305114746
4.442767381668091
0.4500603675842285
1.0855128765106201
0.9388291835784912
0.8695342540740967
0.5075254440307617
0.7216370105743408
2.5956549644470215
2.5521700382232666
4.932205677032471
0.7594220638275146
0.9301276206970215
1.0058212280273438
1.2079739570617676
0.7172248363494873
0.7293310165405273
0.6869316101074219
1.5152697563171387
0.5433051586151123
2.6124229431152344
2.6553115844726562
0.15862107276916504
2.663444757461548
4.688124418258667
4.6136908531188965
4.5536675453186035
4.515070915222168
2.918842315673828
0.3210148811340332
0.30614233016967773
0.7344584465026855
0.6798644065856934
2.9418766498565674
0.6510169506072998
0.8206250667572021
0.8821656703948975
2.7509195804595947
0.7884924411773682
0.8898613452911377
2.6137173175811768
4.95266056060791
2.9166247844696045
0.29747843742370605
0.29466748237609863
0.24986004829406738
1.0574102401733398
2.711169719696045
0.8909997940063477
0.8150951862335205
0.7638728618621826
0.8031032085418701
0.8424489498138428
0.9149074554443359
3.0396385192871094
1.0483765602111816
1.1084802150726318
0.34493017196655273
2.756643295288086
2.8397703170776367
2.836721658706665
0.595508337020874
0.5910496711730957
0.584404468536377
0.5070431232452393
0.5116207599639893
3.160386800765991
3.161607503890991
0.2560615539550781
0.28371405601501465
1.0646069049835205
1.168010950088501
1.0908746719360352
1.1990199089050293
3.3209383487701416
3.3835718631744385
3.3740782737731934
2.0959556102752686
0.5381700992584229
3.1246283054351807
3.13864803314209
0.40159130096435547
0.4075281620025635
0.3548896312713623
2.738464832305908
0.5335760116577148
2.830094575881958
2.8447487354278564
0.30608391761779785
0.22914505004882812
0.643496036529541
0.6490700244903564
0.6767027378082275
0.5039849281311035
0.6184566020965576
0.8670854568481445
3.392625093460083
2.961430072784424
3.3945016860961914
2.9566378593444824
3.0033373832702637
0.97780442237854
0.5933153629302979
0.5086894035339355
0.22598004341125488
3.4892048835754395
3.035597801208496
0.9900038242340088
1.0867958068847656
1.0286026000976562
1.0276246070861816
1.0346083641052246
3.103450298309326
1.0533666610717773
0.5612788200378418
0.5667648315429688
0.28783392906188965
0.1596360206604004
3.1309938430786133
2.59655499458313
2.596158504486084
0.31700754165649414
3.186439037322998
3.184555768966675
3.5839791297912598
0.4028465747833252
0.5263848304748535
0.5558919906616211
0.3082127571105957
0.258678674697876
3.228410482406616
3.3698201179504395
3.191795825958252
2.815369129180908
0.2211592197418213
0.4635789394378662
0.4730350971221924
0.1634359359741211
3.868156909942627
2.663994312286377
2.9226882457733154
3.3658711910247803
3.9709718227386475
0.6920516490936279
3.051997661590576
0.20567607879638672
2.8949296474456787
2.826068162918091
0.5481514930725098
3.1244964599609375
0.48163700103759766
0.8284087181091309
0.48574376106262207
0.7886819839477539
3.124415397644043
0.844517707824707
3.157508611679077
2.9428887367248535
0.5547504425048828
3.1700172424316406
3.189453601837158
0.6362478733062744
0.309894323348999
0.2333998680114746
4.594313859939575
3.037641763687134
3.5262598991394043
3.548046112060547
0.6335632801055908
2.938119411468506
2.9335649013519287
2.923776149749756
2.947582960128784
2.840822458267212
0.37174558639526367
0.3831629753112793
3.388363838195801
0.3966374397277832
2.950895071029663
2.9553792476654053
0.8413748741149902
0.7997775077819824
3.5130698680877686
0.8234281539916992
0.8067343235015869
3.593156099319458
3.4749467372894287
3.626260757446289
3.4771568775177
0.34758496284484863
3.0104730129241943
0.34094929695129395
2.5687968730926514
0.2392106056213379
3.6189987659454346
3.621380567550659
0.47398853302001953
0.47556519508361816
3.6166274547576904
3.6249752044677734
0.4137387275695801
3.6182432174682617
0.6178553104400635
2.840038776397705
0.47177553176879883
3.3936383724212646
1.2631480693817139
0.18108296394348145
1.1504096984863281
1.2664406299591064
1.2873268127441406
1.1586415767669678
1.1682839393615723
0.5705628395080566
0.5001907348632812
3.331174612045288
0.414475679397583
3.396671772003174
2.9445579051971436
3.3511407375335693
0.5767707824707031
0.3367800712585449
0.42818355560302734
4.223473787307739
2.9871912002563477
3.0687553882598877
0.4097421169281006
3.475706100463867
0.6561498641967773
3.099173069000244
0.4829428195953369
3.0074946880340576
3.6286938190460205
3.631499767303467
3.6218080520629883
3.5942704677581787
3.6047093868255615
3.598750114440918
0.6552965641021729
3.3134658336639404
3.327967405319214
0.8653087615966797
0.8722751140594482
0.6936523914337158
3.2383511066436768
0.9286975860595703
3.404313564300537
0.8046495914459229
0.7923731803894043
0.7754693031311035
1.147657871246338
1.0163853168487549
1.0423033237457275
0.8643076419830322
0.850440263748169
0.8017241954803467
3.227529525756836
0.8026986122131348
0.40088462829589844
3.5394349098205566
3.3925888538360596
3.6349480152130127
0.7642998695373535
0.6887779235839844
0.44011449813842773
0.8442695140838623
3.7178473472595215
0.54953932762146
0.5497589111328125
0.22594380378723145
0.6098289489746094
0.3784620761871338
1.0616681575775146
0.490032434463501
0.5942800045013428
0.6252481937408447
0.6098604202270508
3.3494019508361816
3.5399484634399414
3.540175676345825
3.6639504432678223
3.422194719314575
0.8152952194213867
0.23109960556030273
3.5259532928466797
3.486743688583374
0.7718336582183838
0.7172660827636719
0.6589927673339844
0.6668295860290527
3.152089834213257
0.7226121425628662
3.853811025619507
3.853929042816162
3.2524337768554688
3.2752981185913086
0.2823481559753418
3.694119930267334
0.6571798324584961
0.9454808235168457
3.466825485229492
3.4346840381622314
3.454517364501953
3.800098180770874
0.8239285945892334
0.8398644924163818
0.6145038604736328
0.6155037879943848
0.31829285621643066
3.38751220703125
3.4671788215637207
0.45478272438049316
4.355896472930908
4.18599271774292
4.135152578353882
3.920746326446533
0.35881996154785156
0.5606181621551514
0.4475727081298828
0.46817994117736816
4.240916013717651
0.28246188163757324
3.5541934967041016
0.18143558502197266
4.103107452392578
4.35738205909729
3.4018771648406982
1.0834121704101562
1.0562362670898438
1.160722255706787
1.0848994255065918
1.0002245903015137
1.0862340927124023
1.097985029220581
3.7941677570343018
3.801478862762451
4.325454473495483
4.271133899688721
3.4834229946136475
4.30126953125
3.789917230606079
0.5610015392303467
0.8243463039398193
0.8709001541137695
0.42893457412719727
0.685744047164917
0.6919403076171875
0.7893381118774414
0.5307941436767578
0.9889390468597412
0.4705312252044678
0.4544680118560791
0.47133636474609375
1.640270471572876
4.074829816818237
0.4750838279724121
0.4359622001647949
0.8337905406951904
0.7112147808074951
0.723388671875
0.3680155277252197
0.782616376876831
3.251190662384033
3.256298303604126
3.5820131301879883
0.19336843490600586
1.7242982387542725
1.830906629562378
0.8277666568756104
0.43544578552246094
0.34499096870422363
3.522700071334839
3.368225574493408
1.9620361328125
0.221541166305542
0.5318512916564941
0.5101404190063477
0.5246288776397705
3.7706856727600098
3.7881076335906982
5.152126312255859
1.92427659034729
3.997715711593628
3.535778522491455
3.5583388805389404
0.6070787906646729
2.1617555618286133
2.070701837539673
0.5807557106018066
0.5831990242004395
0.5828242301940918
0.7025997638702393
0.6952195167541504
3.701758861541748
3.7011160850524902
2.0671629905700684
2.029306650161743
4.293724775314331
0.4116857051849365
0.3987114429473877
2.1667308807373047
2.128446578979492
2.2434604167938232
0.8263559341430664
0.41802501678466797
4.527392864227295
0.8491756916046143
0.8560323715209961
4.311025381088257
0.9682974815368652
3.761275053024292
0.9647696018218994
0.8179843425750732
0.9050192832946777
0.9094564914703369
4.400433540344238
3.366025924682617
0.5085036754608154
0.4859919548034668
0.5627856254577637
3.8500194549560547
0.6760876178741455
3.914311170578003
0.746131181716919
0.6478214263916016
0.5646085739135742
0.5702633857727051
0.6306662559509277
0.7505025863647461
2.5229783058166504
3.3712849617004395
0.29921579360961914
0.9192800521850586
4.069894313812256
4.106879949569702
4.078893423080444
2.5521767139434814
2.5402886867523193
3.4778659343719482
3.4783504009246826
0.5310249328613281
0.28550195693969727
0.2565772533416748
0.7636005878448486
0.8234677314758301
0.7831790447235107
0.7751812934875488
2.7818069458007812
0.3351404666900635
3.7663795948028564
3.563941478729248
3.772986650466919
4.380929231643677
0.7117795944213867
2.9006969928741455
0.8844499588012695
0.870872974395752
0.39429640769958496
0.4670369625091553
3.7673041820526123
2.683281898498535
0.5670416355133057
0.48212409019470215
1.1107540130615234
2.9255223274230957
2.9117305278778076
2.9335708618164062
0.787384033203125
0.5248699188232422
0.5854480266571045
0.534184455871582
1.161830186843872
1.1505558490753174
1.3742892742156982
1.038851022720337
1.1844573020935059
1.3006713390350342
1.1825079917907715
4.609551429748535
4.640807390213013
1.0517141819000244
0.44031548500061035
0.325061559677124
0.2536594867706299
4.446548223495483
2.9864256381988525
0.37703657150268555
0.3761136531829834
4.8916332721710205
0.5326364040374756
0.6581065654754639
3.2988204956054688
2.965430974960327
2.9708847999572754
4.641826629638672
0.6507751941680908
4.691835641860962
4.923375606536865
4.721442222595215
4.775933027267456
3.2415215969085693
0.8152725696563721
0.39334583282470703
3.637143611907959
5.398759126663208
0.3963038921356201
0.3657519817352295
0.4507443904876709
3.2802417278289795
0.9229662418365479
3.3562889099121094
4.986180305480957
0.20514297485351562
0.20554018020629883
0.9582667350769043
0.9601025581359863
1.0192482471466064
1.0246868133544922
0.9742951393127441
3.9123024940490723
2.6099109649658203
0.9967527389526367
3.411410093307495
3.3682644367218018
2.6292226314544678
0.38684535026550293
1.208794116973877
1.216738224029541
2.844285726547241
1.3250353336334229
3.009936571121216
4.122752904891968
3.378831624984741
3.6716368198394775
0.5663762092590332
0.5424449443817139
1.3798246383666992
1.3940107822418213
1.3169045448303223
1.417381763458252
1.2928476333618164
2.9418599605560303
0.41060614585876465
0.4225807189941406
0.5414314270019531
0.48116588592529297
0.4699885845184326
0.4828226566314697
0.4865562915802002
0.2034909725189209
3.5436105728149414
2.7576420307159424
0.6238946914672852
3.6854379177093506
3.696439266204834
0.40465736389160156
4.726248264312744
4.744133234024048
2.9929845333099365
2.9923746585845947
3.2594473361968994
3.269627332687378
0.4885988235473633
0.5434520244598389
0.17823028564453125
2.9589571952819824
0.8312027454376221
0.6686735153198242
0.8699178695678711
4.061187744140625
0.5016348361968994
3.2324378490448
0.5551285743713379
3.3939383029937744
4.043071269989014
3.972712278366089
4.062986135482788
3.21177077293396
3.218778133392334
2.9790804386138916
2.9896230697631836
2.9990196228027344
0.41788148880004883
4.084559440612793
0.2942469120025635
0.3045163154602051
0.1988658905029297
3.3210959434509277
0.8136749267578125
3.4382238388061523
0.7260518074035645
0.7721185684204102
3.2328269481658936
4.589772701263428
3.0548155307769775
0.1634082794189453
0.632918119430542
0.5885148048400879
0.5804717540740967
2.392820358276367
2.2921500205993652
2.29241681098938
2.2846758365631104
2.3016679286956787
1.1357910633087158
4.004550457000732
0.7878594398498535
0.7863922119140625
0.3756520748138428
4.104661703109741
0.657306432723999
0.576129674911499
0.5753605365753174
3.3600587844848633
3.3617470264434814
0.8364436626434326
0.8921718597412109
0.37540578842163086
3.1215643882751465
3.3024840354919434
3.4065356254577637
0.5044467449188232
0.4988059997558594
0.32454586029052734
0.5260000228881836
3.2375097274780273
3.3902549743652344
0.6032161712646484
0.4595909118652344
0.4573066234588623
0.44673752784729004
1.0146105289459229
3.3135156631469727
0.6968288421630859
0.3180692195892334
0.31885695457458496
1.1144325733184814
1.1517131328582764
3.3794713020324707
3.359144449234009
3.6462514400482178
3.0289878845214844
0.34625816345214844
1.108916997909546
1.153024435043335
1.262723684310913
2.500439167022705
3.055600643157959
3.0350959300994873
2.614015817642212
3.8219590187072754
2.5426228046417236
0.9824590682983398
3.6215033531188965
0.5286087989807129
0.581702470779419
2.6388590335845947
3.672624349594116
3.1589455604553223
3.039641857147217
0.5538709163665771
0.43346333503723145
0.5201098918914795
0.6273467540740967
3.1639602184295654
3.764375686645508
1.3216233253479004
1.3041236400604248
1.3143770694732666
2.869227170944214
3.8767623901367188
3.8816003799438477
0.6790716648101807
2.986269474029541
1.5482070446014404
1.2880239486694336
1.2097113132476807
0.6522774696350098
3.423879861831665
4.000195503234863
3.9921977519989014
4.017640590667725
4.045358657836914
1.3983418941497803
0.28862524032592773
3.5154733657836914
1.7052209377288818
0.7170195579528809
0.7417631149291992
1.2798829078674316
3.6227760314941406
3.6019978523254395
3.305617570877075
3.3179080486297607
0.9186840057373047
0.8339235782623291
0.8515784740447998
0.825692892074585
1.3751187324523926
1.3665804862976074
0.864030122756958
0.599846363067627
3.625156879425049
0.40381503105163574
0.47055578231811523
3.396695613861084
0.8272607326507568
0.8098680973052979
0.8272528648376465
0.8235259056091309
0.8240861892700195
1.0282559394836426
3.4123904705047607
3.4879112243652344
0.9557747840881348
0.7550182342529297
0.7222118377685547
3.15334153175354
3.044551372528076
0.6952850818634033
3.450350522994995
0.35033631324768066
0.27506136894226074
3.095721483230591
0.7263119220733643
0.77103590965271
3.5155227184295654
0.6178312301635742
0.5611116886138916
2.7942588329315186
0.6199963092803955
3.601250648498535
2.7500016689300537
1.0520660877227783
2.7690112590789795
0.6742851734161377
0.7787363529205322
0.7977621555328369
3.2102344036102295
0.6717431545257568
0.8052096366882324
0.6895830631256104
3.691987991333008
3.270751714706421
3.0026955604553223
3.830897331237793
0.7537674903869629
4.077970266342163
3.5544705390930176
0.890578031539917
3.120938301086426
3.0619282722473145
2.934786558151245
4.001710414886475
0.8360195159912109
0.8025507926940918
0.8311192989349365
0.9775617122650146
0.9632444381713867
0.8296682834625244
3.577657699584961
3.5917906761169434
0.47716331481933594
0.4809584617614746
0.19952654838562012
0.9202065467834473
4.326481580734253
4.385164499282837
1.0708365440368652
0.7399981021881104
0.5210096836090088
0.6068060398101807
0.500638484954834
3.1693084239959717
3.2635881900787354
2.480297088623047
4.250427961349487
0.9410560131072998
0.9903099536895752
3.2778706550598145
2.5587241649627686
2.5546810626983643
0.5584490299224854
2.5489237308502197
2.55633282661438
2.4701528549194336
4.401571273803711
3.549412488937378
2.386683940887451
0.6132266521453857
3.2978813648223877
0.46199846267700195
1.2127728462219238
0.7804546356201172
0.8810644149780273
1.2783126831054688
1.2754740715026855
3.241438627243042
3.221503973007202
3.3545050621032715
1.2820138931274414
1.2043001651763916
1.296537160873413
1.2141165733337402
3.505772829055786
3.4748051166534424
0.8078525066375732
0.3435027599334717
0.20063519477844238
3.573674201965332
3.4449260234832764
0.7718441486358643
0.7637448310852051
3.593501091003418
3.435474395751953
3.425631523132324
3.4054641723632812
3.8964126110076904
2.9742627143859863
0.4313337802886963
0.4177124500274658
1.0125200748443604
1.0043210983276367
2.138882637023926
2.13552188873291
1.1008214950561523
1.0406744480133057
1.1338205337524414
0.9966826438903809
1.0596530437469482
1.0749015808105469
3.681830406188965
3.096417188644409
3.012967109680176
0.9687912464141846
0.4862785339355469
2.3903021812438965
1.1495025157928467
1.1399767398834229
1.150719404220581
0.9940760135650635
0.4344301223754883
0.36453771591186523
0.3380303382873535
3.2349257469177246
2.4123482704162598
2.3810930252075195
2.391996145248413
4.001785516738892
2.8488106727600098
2.859222888946533
2.8961539268493652
3.0908451080322266
2.8927249908447266
2.46976375579834
1.3902056217193604
3.2543280124664307
3.260772943496704
0.6906402111053467
0.7042350769042969
0.2010807991027832
1.3073835372924805
0.6052408218383789
2.5678398609161377
2.7022531032562256
0.18752169609069824
3.4953043460845947
2.706486463546753
0.3775808811187744
0.4402494430541992
0.8972334861755371
0.899827241897583
0.31182193756103516
2.7972073554992676
0.4243643283843994
3.723592519760132
1.4666812419891357
1.5436046123504639
1.5133116245269775
1.5107178688049316
1.4984595775604248
1.5049142837524414
0.9758632183074951
0.9841043949127197
3.491776704788208
3.4930920600891113
0.8283991813659668
0.9973418712615967
0.8453865051269531
0.8501589298248291
0.8477647304534912
3.417546510696411
3.8487660884857178
3.468428611755371
3.4189417362213135
3.750089645385742
0.9536662101745605
1.0379207134246826
2.8754639625549316
3.1630446910858154
1.4734888076782227
4.160529375076294
3.0663912296295166
1.2266910076141357
3.173494815826416
1.3119242191314697
1.4772748947143555
1.4171030521392822
1.4229543209075928
1.2800333499908447
4.5237274169921875
3.084444761276245
3.0482544898986816
2.0726053714752197
3.3081471920013428
3.2731781005859375
3.3535306453704834
3.3577849864959717
3.801401138305664
2.2126431465148926
2.2008216381073
3.490046739578247
3.401806116104126
2.189845561981201
3.4056546688079834
3.330730676651001
3.2870094776153564
2.287882089614868
4.69746470451355
3.2102034091949463
3.53373122215271
1.8223986625671387
4.102524995803833
2.4388427734375
2.4094057083129883
2.438418388366699
2.434873580932617
3.6692612171173096
3.4902799129486084
2.966975688934326
2.894663095474243
2.9105019569396973
3.6811230182647705
2.7699549198150635
2.701219320297241
2.6796483993530273
3.7779321670532227
3.6660032272338867
2.783926010131836
3.6929566860198975
3.8085052967071533
3.8083720207214355
2.871588706970215
2.905090808868408
2.8600258827209473
2.749202251434326
2.814270496368408
2.9422836303710938
3.9728775024414062
3.9552853107452393
3.9771904945373535
3.9661448001861572
4.014353513717651
