0.3615381717681885
0.1538238525390625
0.23615765571594238
0.25849151611328125
0.1913132667541504
0.15301871299743652
0.19496726989746094
0.1872551441192627
0.2227931022644043
0.21698594093322754
0.16339945793151855
0.21928048133850098
0.198289155960083
0.18615269660949707
0.19493627548217773
0.24291563034057617
0.21728777885437012
0.19376230239868164
0.1605534553527832
0.2156360149383545
0.19755005836486816
0.19274473190307617
0.18399596214294434
0.18564701080322266
0.3061809539794922
0.1381833553314209
0.20983409881591797
0.17879915237426758
0.14223718643188477
0.18912076950073242
0.2129502296447754
0.1917576789855957
0.19690227508544922
0.22925710678100586
0.21738100051879883
0.19303655624389648
0.14628839492797852
0.19425034523010254
0.2137138843536377
0.19500279426574707
0.18843722343444824
0.22862458229064941
0.2039034366607666
0.24129819869995117
0.1875598430633545
0.19459962844848633
0.20520591735839844
0.2141876220703125
0.14455366134643555
0.1966233253479004
0.1562809944152832
0.17999672889709473
0.18266606330871582
0.15369367599487305
0.16621708869934082
0.13471341133117676
0.170487642288208
0.22019219398498535
0.19559717178344727
0.1372530460357666
0.1946241855621338
0.1499185562133789
0.18414521217346191
0.18347597122192383
0.1880185604095459
0.18351292610168457
0.19727182388305664
0.20834922790527344
0.22615528106689453
0.22616863250732422
0.22761011123657227
0.206878662109375
0.21207284927368164
0.19051861763000488
0.20705175399780273
0.17205119132995605
0.19097423553466797
0.16741943359375
0.2333996295928955
0.18429827690124512
0.19598865509033203
0.19117450714111328
0.18968725204467773
0.30397796630859375
0.22008848190307617
0.18887662887573242
0.18129801750183105
0.1435861587524414
0.19917988777160645
0.18869781494140625
0.21118569374084473
0.21430492401123047
0.14099764823913574
0.18659043312072754
0.1885371208190918
0.18887948989868164
0.37038183212280273
0.2453007698059082
0.20424699783325195
0.19052958488464355
0.20046138763427734
0.23607230186462402
0.2503395080566406
0.19162917137145996
0.19008994102478027
0.2160348892211914
0.13461041450500488
0.23181629180908203
0.14837145805358887
0.1421031951904297
0.1921863555908203
0.21783733367919922
0.19143033027648926
0.2203354835510254
0.2164151668548584
0.18906664848327637
0.18538808822631836
0.14574575424194336
0.18631815910339355
0.19025707244873047
0.20154666900634766
0.19667506217956543
0.19696617126464844
0.16910386085510254
0.21050071716308594
0.1869208812713623
0.19727849960327148
0.19849586486816406
0.2337503433227539
0.22303056716918945
0.21323394775390625
0.19716978073120117
0.18647551536560059
0.16854143142700195
0.1855158805847168
0.20212149620056152
0.1385197639465332
0.13934779167175293
0.18535065650939941
0.24713921546936035
0.19428730010986328
0.20272302627563477
0.19421672821044922
0.1794121265411377
0.1840534210205078
0.1316218376159668
0.212571382522583
0.22396349906921387
0.20521140098571777
0.2138347625732422
0.18100404739379883
0.19971728324890137
0.19033074378967285
0.200303316116333
0.18931365013122559
0.20167183876037598
0.21154546737670898
0.18898534774780273
0.19700050354003906
0.15140628814697266
0.1909630298614502
0.23957276344299316
0.2181398868560791
0.19823861122131348
0.20264267921447754
0.23843097686767578
0.1968367099761963
0.21078062057495117
0.1939401626586914
0.19634389877319336
0.1969738006591797
0.19767451286315918
0.19752979278564453
0.20633554458618164
0.1956624984741211
0.178145170211792
0.22089314460754395
0.22494864463806152
0.1877608299255371
0.18566656112670898
0.26337218284606934
0.18836665153503418
0.20421195030212402
0.19048190116882324
0.23711538314819336
0.19605040550231934
0.19261384010314941
0.23810076713562012
0.23711681365966797
0.2787935733795166
0.19067668914794922
0.21002435684204102
0.2022838592529297
0.19440102577209473
0.23843789100646973
0.19582796096801758
0.2163691520690918
0.25440454483032227
0.40024542808532715
0.18302702903747559
0.19698691368103027
0.1897754669189453
0.21843433380126953
0.22767281532287598
0.19362926483154297
0.1501631736755371
0.2000749111175537
0.2111365795135498
0.2045276165008545
0.18900442123413086
0.21507787704467773
0.20721006393432617
0.16366124153137207
0.1917119026184082
0.24324989318847656
0.19660091400146484
0.23244905471801758
0.21498918533325195
0.18966889381408691
0.1936182975769043
0.20758867263793945
0.18210887908935547
0.22205615043640137
0.18380975723266602
0.19555068016052246
0.1727907657623291
0.1971421241760254
0.1745436191558838
0.19106197357177734
0.19676899909973145
0.1949155330657959
0.1555771827697754
0.1469893455505371
0.15929174423217773
0.27642011642456055
0.20073580741882324
0.1835629940032959
0.1860666275024414
0.18236422538757324
0.20127463340759277
0.22058844566345215
0.22533178329467773
0.19980669021606445
0.18848180770874023
0.46614813804626465
1.2230510711669922
0.20911884307861328
0.19450020790100098
0.19303250312805176
0.1464076042175293
0.22992444038391113
0.19841814041137695
0.1882157325744629
0.19135236740112305
0.20460844039916992
0.19928240776062012
0.1891801357269287
0.19911551475524902
0.24024009704589844
0.18323349952697754
0.19402170181274414
0.20382285118103027
0.1956632137298584
0.23678827285766602
0.194061279296875
0.16396832466125488
0.20659208297729492
0.44309139251708984
0.21042776107788086
0.14078283309936523
0.2039201259613037
0.22187137603759766
0.14986205101013184
0.20189809799194336
0.19756627082824707
0.20468378067016602
0.2622387409210205
0.23210430145263672
0.23117995262145996
0.18897771835327148
0.18074560165405273
0.18527698516845703
0.23093891143798828
0.19620418548583984
0.14284300804138184
0.1919083595275879
0.20494365692138672
0.18806767463684082
0.19147372245788574
0.3080470561981201
0.1795353889465332
0.1980571746826172
0.22449302673339844
0.1886909008026123
0.20523667335510254
0.2191164493560791
0.26102662086486816
0.25377559661865234
0.2057969570159912
0.19266057014465332
0.19631266593933105
0.1467139720916748
0.20700788497924805
0.19800019264221191
0.22475552558898926
0.21028518676757812
0.15416240692138672
0.2418217658996582
0.20391631126403809
0.23616361618041992
0.2031393051147461
0.20130276679992676
0.19217634201049805
0.16217923164367676
0.1993849277496338
0.19118809700012207
0.20800447463989258
0.22746849060058594
0.16481804847717285
0.14920735359191895
0.19519305229187012
0.197906494140625
0.20435833930969238
0.21532917022705078
0.20839953422546387
0.24424958229064941
0.23645234107971191
0.14734840393066406
0.15376710891723633
0.18222832679748535
0.2051985263824463
0.15805506706237793
0.21924948692321777
0.20605897903442383
0.2263031005859375
0.23339533805847168
0.1969776153564453
0.21203994750976562
0.1887359619140625
0.1873157024383545
0.19595909118652344
0.1966094970703125
0.19758915901184082
0.21058988571166992
0.21967482566833496
0.20241212844848633
0.1984572410583496
0.2233569622039795
0.2024989128112793
0.22596335411071777
0.19283342361450195
0.204420804977417
0.1655595302581787
0.20483851432800293
0.22543644905090332
0.1890697479248047
0.1786823272705078
0.15115070343017578
0.19243645668029785
0.26337575912475586
0.18971800804138184
0.2017500400543213
0.19589567184448242
0.2616159915924072
0.21090245246887207
0.2614312171936035
0.19330763816833496
0.15854120254516602
0.16377806663513184
0.18990659713745117
0.22133183479309082
0.1558678150177002
0.25121235847473145
0.1968679428100586
0.21048498153686523
0.17491483688354492
0.22062158584594727
0.19709229469299316
0.19795823097229004
0.2123270034790039
0.19373250007629395
0.24090170860290527
0.19757580757141113
0.18184566497802734
0.19440364837646484
0.2027268409729004
0.19025349617004395
0.18082618713378906
0.21805715560913086
0.22691845893859863
0.18220829963684082
0.2236189842224121
0.18839168548583984
0.19247865676879883
0.17647886276245117
0.2172539234161377
0.21324872970581055
0.2074267864227295
0.17862248420715332
0.1456129550933838
0.20797300338745117
0.20023727416992188
0.17489027976989746
0.18854641914367676
0.19540810585021973
0.19248247146606445
0.19078922271728516
0.21189188957214355
0.19982504844665527
0.1885237693786621
0.19089889526367188
0.20384478569030762
0.1911485195159912
0.18678927421569824
0.1953432559967041
0.22598910331726074
0.20116734504699707
0.19561100006103516
0.1967618465423584
0.15813422203063965
0.21639466285705566
0.2068490982055664
0.39471983909606934
0.2704164981842041
0.19135308265686035
0.3274226188659668
0.14012670516967773
0.17215442657470703
0.16264700889587402
0.15305185317993164
0.21890592575073242
0.22392582893371582
0.20700573921203613
0.1971912384033203
0.3025181293487549
0.201063871383667
0.1992778778076172
0.18559980392456055
0.15292954444885254
0.2375805377960205
0.1730504035949707
0.18257641792297363
0.5073130130767822
0.42580699920654297
0.20740747451782227
0.8049252033233643
0.21140503883361816
0.17275047302246094
0.41057586669921875
0.1980266571044922
0.2051703929901123
0.5697982311248779
1.496861457824707
0.21990609169006348
0.22583651542663574
0.20782852172851562
0.3255951404571533
0.18721818923950195
0.1437821388244629
0.17741703987121582
0.5514693260192871
0.27208852767944336
0.19173049926757812
0.19692349433898926
0.3701159954071045
0.184434175491333
0.19510173797607422
0.4096691608428955
0.18760967254638672
0.2927279472351074
0.21413397789001465
0.22684669494628906
0.21001672744750977
0.48451828956604004
0.18892979621887207
0.1509230136871338
0.2180042266845703
0.25249528884887695
0.22496366500854492
0.1816568374633789
0.1894516944885254
0.1861863136291504
0.4294474124908447
0.4031407833099365
0.18703293800354004
0.15845131874084473
0.19429659843444824
0.23390460014343262
0.1474311351776123
0.4207725524902344
0.23503780364990234
0.19739317893981934
0.23493576049804688
0.18372511863708496
0.1970813274383545
0.22931337356567383
0.20686578750610352
0.18752622604370117
0.30292773246765137
0.1899402141571045
0.14317584037780762
0.19957470893859863
0.5706110000610352
0.21753215789794922
0.20490193367004395
0.22649145126342773
0.16785526275634766
0.18846607208251953
0.2351851463317871
0.43450045585632324
0.1929612159729004
0.4439961910247803
0.3513376712799072
0.18344736099243164
0.2200937271118164
0.14715218544006348
0.42722129821777344
0.21052885055541992
0.18620967864990234
0.3520359992980957
0.2833442687988281
0.3595600128173828
0.17084670066833496
0.19222640991210938
0.23033571243286133
0.1824939250946045
0.18477535247802734
0.1806631088256836
0.22948050498962402
0.43637871742248535
0.19704842567443848
1.2382605075836182
0.13336992263793945
0.2194201946258545
0.18880605697631836
0.19312500953674316
0.31968116760253906
0.1767113208770752
0.19361662864685059
0.2022695541381836
0.22677040100097656
0.18681621551513672
0.20544648170471191
0.22115588188171387
0.1530754566192627
0.23590922355651855
0.19109034538269043
0.18726849555969238
0.1848888397216797
0.15832281112670898
0.23247122764587402
0.18913483619689941
0.188765287399292
0.21878528594970703
0.23204708099365234
0.2706468105316162
0.18930721282958984
0.18596124649047852
0.19519925117492676
0.1589829921722412
0.158355712890625
0.18884611129760742
0.21526861190795898
0.18149447441101074
0.24374794960021973
0.205735445022583
0.15289998054504395
0.1572246551513672
0.1844034194946289
0.1812880039215088
0.256150484085083
0.22554755210876465
0.19686222076416016
1.1934888362884521
0.19073271751403809
0.1864473819732666
0.13796257972717285
0.15024209022521973
0.18640398979187012
0.18165135383605957
0.18572020530700684
0.24222254753112793
0.18999958038330078
0.1915271282196045
0.16143512725830078
0.23098468780517578
0.20591115951538086
0.18464875221252441
0.26067662239074707
0.33184027671813965
0.14668941497802734
0.19144701957702637
0.1956493854522705
0.1979382038116455
0.2101423740386963
0.19583559036254883
0.20441484451293945
0.4319648742675781
0.14892816543579102
0.17696666717529297
0.18211674690246582
0.18100452423095703
0.1719970703125
0.1989302635192871
0.14084458351135254
0.3703327178955078
0.1848921775817871
0.17200589179992676
0.1953282356262207
0.18800950050354004
0.21207356452941895
0.17501139640808105
0.1950521469116211
0.22373628616333008
0.15062546730041504
0.20114398002624512
0.2043757438659668
0.20154833793640137
0.19248652458190918
0.1846904754638672
0.2089688777923584
0.1883220672607422
0.1802845001220703
0.21730256080627441
0.20641756057739258
0.19118070602416992
0.19605493545532227
0.16940879821777344
0.22405624389648438
0.15261220932006836
0.1877601146697998
0.21677684783935547
0.23958635330200195
0.21927905082702637
0.19773101806640625
0.1970834732055664
0.19398784637451172
0.2092454433441162
0.18558716773986816
0.18461942672729492
0.2292952537536621
0.21186590194702148
0.2009289264678955
0.19616055488586426
0.2025928497314453
0.22596335411071777
0.1967473030090332
0.18997406959533691
0.29239892959594727
0.18661785125732422
0.21682310104370117
0.1997051239013672
0.2016618251800537
0.21030187606811523
0.2443685531616211
0.2447359561920166
0.19263339042663574
0.18862652778625488
0.2075190544128418
0.1706235408782959
0.18422174453735352
0.14592862129211426
0.18811345100402832
0.1848602294921875
0.2370438575744629
0.2020738124847412
0.21981167793273926
0.14500021934509277
0.1416034698486328
0.18781661987304688
0.15827322006225586
0.14776968955993652
0.14422059059143066
0.1933579444885254
0.22266769409179688
0.1913597583770752
0.17717528343200684
0.22134852409362793
0.2114124298095703
0.18941187858581543
0.1908407211303711
0.16075611114501953
0.18384790420532227
0.1555788516998291
0.1508009433746338
0.21771574020385742
0.19591903686523438
0.18503499031066895
0.15146350860595703
0.14840221405029297
0.1982583999633789
0.2709062099456787
0.15382814407348633
0.19771027565002441
0.14916324615478516
0.22266221046447754
0.15135693550109863
0.22441816329956055
0.19385504722595215
0.19430828094482422
0.19903159141540527
0.23941659927368164
0.19101428985595703
0.19147348403930664
0.16114115715026855
0.1979992389678955
0.18812274932861328
0.20618247985839844
0.19085979461669922
0.21376895904541016
0.17969727516174316
0.2180483341217041
0.22068095207214355
0.18420696258544922
0.18015384674072266
0.25406908988952637
0.18576407432556152
0.14013433456420898
0.18207335472106934
0.19043231010437012
0.19245076179504395
0.20589447021484375
0.2541470527648926
0.22857141494750977
0.22862029075622559
0.1931922435760498
0.19839763641357422
0.20513916015625
0.20180702209472656
0.19573664665222168
0.18565034866333008
0.23363542556762695
0.23372435569763184
0.16844630241394043
0.17553138732910156
0.189408540725708
0.18521332740783691
0.14873051643371582
0.2191007137298584
0.1858506202697754
0.22253870964050293
0.18805241584777832
0.16339468955993652
0.21514010429382324
0.19947218894958496
0.23719382286071777
0.25735974311828613
0.18268799781799316
0.19805192947387695
0.24117469787597656
0.1742565631866455
0.19184422492980957
0.18198156356811523
0.19145417213439941
0.1901686191558838
0.19669318199157715
0.19508123397827148
0.18292498588562012
0.20967411994934082
0.22033905982971191
0.1985304355621338
0.23946452140808105
0.22073745727539062
0.23931074142456055
0.23427438735961914
0.20967817306518555
0.2047901153564453
0.161834716796875
0.23262906074523926
0.22673487663269043
0.17532730102539062
0.18631434440612793
0.1510770320892334
0.18869686126708984
0.17194914817810059
0.16246652603149414
0.20999979972839355
0.15631341934204102
0.20338201522827148
0.16542816162109375
0.2332596778869629
0.19565320014953613
0.2011265754699707
0.18930339813232422
0.20099425315856934
0.16321468353271484
0.22792744636535645
0.19780206680297852
0.1499037742614746
0.2035541534423828
0.18205499649047852
0.188140869140625
0.18800973892211914
0.1965181827545166
0.23987102508544922
0.20801711082458496
0.20200181007385254
0.2101147174835205
0.24201011657714844
0.21981024742126465
0.1865246295928955
0.19304800033569336
0.1914536952972412
0.21639704704284668
0.19809746742248535
0.26528000831604004
0.19712066650390625
0.21517562866210938
0.1972944736480713
0.3178400993347168
0.2087705135345459
0.18047380447387695
0.1768333911895752
0.21633696556091309
0.22191357612609863
0.20290255546569824
0.19370388984680176
0.2051687240600586
0.16184520721435547
0.2644636631011963
0.214202880859375
0.20044636726379395
0.21628093719482422
0.20836281776428223
0.16292238235473633
0.1918346881866455
0.20071792602539062
0.14324021339416504
0.1831669807434082
0.18184638023376465
0.15323257446289062
0.1969466209411621
0.15244030952453613
0.2406172752380371
0.1948096752166748
0.2141733169555664
0.1900496482849121
0.18441128730773926
0.15146517753601074
0.14801383018493652
0.20392918586730957
0.17707133293151855
0.15676212310791016
0.1791856288909912
0.23515915870666504
0.14137506484985352
0.19710493087768555
0.18804717063903809
0.20058989524841309
0.23446130752563477
0.19863653182983398
0.22946643829345703
0.3571598529815674
0.18086600303649902
0.19594645500183105
0.1497199535369873
0.1805717945098877
0.2582845687866211
0.19190669059753418
0.14480161666870117
0.19529199600219727
0.19914984703063965
0.1793367862701416
0.23777556419372559
0.2056114673614502
0.19644427299499512
0.19965434074401855
0.1654348373413086
0.1858973503112793
0.42372941970825195
0.21263575553894043
0.19985556602478027
0.19579219818115234
0.17693877220153809
0.14249706268310547
0.20687079429626465
0.1540377140045166
0.18637299537658691
0.14138031005859375
0.1499781608581543
0.25432252883911133
0.1868140697479248
0.19031381607055664
0.19972515106201172
0.19178223609924316
0.18379735946655273
0.22408246994018555
0.19385433197021484
0.2190685272216797
0.19155478477478027
0.153825044631958
0.24925446510314941
0.20168280601501465
0.2156844139099121
0.17897677421569824
0.18931126594543457
0.1878511905670166
0.1936473846435547
0.19025540351867676
0.1883704662322998
0.19943881034851074
0.20363926887512207
0.2137000560760498
0.18702268600463867
0.19242286682128906
0.19666242599487305
0.15152478218078613
0.2286081314086914
0.19701218605041504
0.18992996215820312
0.18423867225646973
0.18952345848083496
0.17705154418945312
0.7964732646942139
0.6139302253723145
0.5696721076965332
0.35025453567504883
0.20450377464294434
0.16642069816589355
0.1887359619140625
0.2468268871307373
0.1963942050933838
0.19410490989685059
0.18044638633728027
0.18585896492004395
0.22621893882751465
0.19726228713989258
0.19518446922302246
0.2334902286529541
0.18189787864685059
0.19238972663879395
0.2575359344482422
0.22229909896850586
0.1772921085357666
0.20749855041503906
0.19818544387817383
0.2361464500427246
0.19414806365966797
0.2425537109375
0.20018291473388672
0.19737601280212402
0.1804060935974121
0.19287729263305664
0.1844630241394043
0.23533177375793457
0.19476628303527832
0.23663020133972168
0.18035221099853516
0.18323945999145508
0.19138026237487793
0.18689584732055664
0.20241546630859375
0.17105913162231445
0.18932676315307617
0.1938920021057129
0.24906086921691895
0.15879249572753906
0.24291729927062988
0.1665632724761963
0.20131182670593262
0.1641404628753662
0.16277456283569336
0.19922733306884766
0.1927485466003418
0.2328047752380371
0.18625426292419434
0.24385666847229004
0.16451692581176758
0.18976521492004395
0.23321199417114258
0.2115170955657959
0.18966317176818848
0.18208789825439453
0.19756650924682617
0.20477557182312012
0.15824627876281738
0.20986318588256836
0.18241643905639648
0.15084314346313477
0.15820765495300293
0.13428282737731934
0.2005627155303955
0.16672706604003906
0.34561657905578613
0.19807052612304688
0.2136220932006836
0.16315650939941406
0.1981966495513916
0.1409132480621338
0.21421575546264648
0.20919370651245117
0.2527930736541748
0.2014601230621338
0.19886279106140137
0.2261967658996582
0.1803133487701416
0.23747014999389648
0.15128636360168457
0.23185038566589355
0.1533188819885254
0.19901323318481445
0.2193281650543213
0.2012617588043213
0.1959092617034912
0.20390033721923828
0.1716456413269043
0.12381553649902344
0.20809292793273926
0.1996448040008545
0.156632661819458
0.21353697776794434
0.18140196800231934
0.15641164779663086
0.14725708961486816
0.2111976146697998
0.18909549713134766
0.18875455856323242
0.17146873474121094
0.21344828605651855
0.17873263359069824
0.13761329650878906
0.19485044479370117
0.23481464385986328
0.14444351196289062
0.12296175956726074
0.2229294776916504
0.1571497917175293
0.18358588218688965
0.17921733856201172
0.18874025344848633
0.14583563804626465
0.17802715301513672
0.18899083137512207
0.19008207321166992
0.1370537281036377
0.18459582328796387
0.19583964347839355
0.17921042442321777
0.1976487636566162
0.1860334873199463
0.1853632926940918
0.21785807609558105
0.2046675682067871
0.19088029861450195
0.19220447540283203
0.18408417701721191
0.18896055221557617
0.16258955001831055
0.20023036003112793
0.17653226852416992
0.19172215461730957
0.15482664108276367
0.26903653144836426
0.14387202262878418
0.19799256324768066
0.2588772773742676
0.17495346069335938
0.19884443283081055
0.1683971881866455
0.18047022819519043
0.20688080787658691
0.20016860961914062
0.214432954788208
0.23331880569458008
0.24875855445861816
0.1640007495880127
0.22070860862731934
0.19303345680236816
0.18315720558166504
0.18082642555236816
0.17700529098510742
0.19471359252929688
0.1594247817993164
0.1919078826904297
0.1927661895751953
0.19158339500427246
0.18128323554992676
0.18763494491577148
0.18935465812683105
0.19354915618896484
0.21253538131713867
0.20276236534118652
0.19335007667541504
0.18297195434570312
0.19999051094055176
0.22125768661499023
0.19708967208862305
0.22362351417541504
0.21942448616027832
0.18286991119384766
0.2177286148071289
0.23172736167907715
0.19843721389770508
0.24520206451416016
0.30870485305786133
0.18720149993896484
0.18635296821594238
0.19895100593566895
0.19661259651184082
0.20697593688964844
0.22232317924499512
0.14943432807922363
0.18670105934143066
0.18602800369262695
0.21381306648254395
0.15517163276672363
0.21684050559997559
0.21846842765808105
0.18819165229797363
0.1911163330078125
0.19845795631408691
0.18605732917785645
0.19621062278747559
0.19058775901794434
0.20830082893371582
0.19519281387329102
0.20690321922302246
0.18496942520141602
0.20012116432189941
0.18123126029968262
0.21990251541137695
0.22202491760253906
0.2108001708984375
0.24624943733215332
0.1860184669494629
0.1763930320739746
0.19479966163635254
0.17957186698913574
0.14291882514953613
0.19270873069763184
0.19499540328979492
0.1848585605621338
0.19078564643859863
0.20980405807495117
0.18345332145690918
0.18785786628723145
0.2004711627960205
0.19672679901123047
0.2607724666595459
0.20165061950683594
0.1501908302307129
0.1391584873199463
0.21591639518737793
0.23883438110351562
0.1532289981842041
0.17246627807617188
0.1833345890045166
0.21487832069396973
0.19110751152038574
0.19275689125061035
0.25836658477783203
0.3190116882324219
0.30793213844299316
0.26079750061035156
0.23034429550170898
0.15599417686462402
0.22601652145385742
0.1991438865661621
0.20108509063720703
0.19128632545471191
0.19925570487976074
0.18162131309509277
0.21007227897644043
0.18727588653564453
0.19214868545532227
0.1901397705078125
0.2130565643310547
0.179307222366333
0.206862211227417
0.18876266479492188
0.16012001037597656
0.17557191848754883
0.19956517219543457
0.2167339324951172
0.1826162338256836
0.1856226921081543
0.18415594100952148
0.1466352939605713
0.15164446830749512
0.2505013942718506
0.19115495681762695
0.16249847412109375
0.1807246208190918
0.14560365676879883
0.21984052658081055
0.1880476474761963
0.19347190856933594
0.20853328704833984
0.18986272811889648
0.21220803260803223
0.19735217094421387
0.1700611114501953
0.2196817398071289
0.19512009620666504
0.1851212978363037
0.19273042678833008
0.1875782012939453
0.18277573585510254
0.14868807792663574
0.1886131763458252
0.2591979503631592
0.17322850227355957
0.17744970321655273
0.21358919143676758
0.1854708194732666
0.20225834846496582
0.14435982704162598
0.23698687553405762
0.1878061294555664
0.21164870262145996
0.18468141555786133
0.18319940567016602
0.19808030128479004
0.18778586387634277
0.1706390380859375
0.1769711971282959
0.1847209930419922
0.19314265251159668
0.1929030418395996
0.14978957176208496
0.1859760284423828
0.16079282760620117
0.2370929718017578
0.1907365322113037
0.2662816047668457
0.19237017631530762
0.2577202320098877
0.17241811752319336
0.15220046043395996
0.192641019821167
0.1694965362548828
0.2147533893585205
0.19946670532226562
0.2196030616760254
0.1993885040283203
0.17268800735473633
0.21485519409179688
0.22460699081420898
0.22127532958984375
0.18677568435668945
0.1550304889678955
0.2003920078277588
0.24010372161865234
0.399472713470459
0.20900177955627441
0.19591736793518066
0.2092602252960205
0.19111323356628418
0.1915116310119629
0.2028357982635498
0.17934012413024902
0.1917123794555664
0.1870570182800293
0.170151948928833
0.21008610725402832
0.18581008911132812
0.17954516410827637
0.17018771171569824
0.18543553352355957
0.208787202835083
0.21509385108947754
0.13010549545288086
0.1937427520751953
0.21048474311828613
0.21370792388916016
0.16417407989501953
0.22707462310791016
0.20396637916564941
0.18068289756774902
0.19755268096923828
0.18719768524169922
0.14413952827453613
0.1468658447265625
0.19545531272888184
0.1884458065032959
0.2647385597229004
0.1738748550415039
0.19598126411437988
0.18931889533996582
0.2114567756652832
0.2063448429107666
0.1931774616241455
0.23548078536987305
0.1498851776123047
0.142378568649292
0.18904447555541992
0.1876685619354248
0.21756935119628906
0.18517541885375977
0.16233062744140625
0.23146390914916992
0.1665048599243164
0.21823954582214355
0.15367865562438965
0.19987058639526367
0.20153141021728516
0.1817162036895752
0.18542790412902832
0.21214580535888672
0.19681286811828613
0.18467450141906738
0.17455148696899414
0.2025010585784912
0.20456814765930176
0.22963237762451172
0.19104719161987305
0.20080256462097168
0.20814156532287598
0.1872093677520752
0.21633458137512207
0.17951464653015137
0.19289922714233398
0.20368671417236328
0.20102572441101074
0.22915029525756836
0.20987820625305176
0.168107271194458
0.1745593547821045
0.18503355979919434
0.20510482788085938
0.20903587341308594
0.19616198539733887
0.23361706733703613
0.23440861701965332
0.24210858345031738
0.19894623756408691
0.19908952713012695
0.2001032829284668
0.2031080722808838
0.1511857509613037
0.21431565284729004
0.2515861988067627
0.22618913650512695
0.19671630859375
0.19408774375915527
0.14696693420410156
0.18869233131408691
0.1877579689025879
0.20801234245300293
0.2261826992034912
0.14843416213989258
0.1855483055114746
0.22901582717895508
0.19908881187438965
0.20022821426391602
0.20520901679992676
0.17860937118530273
0.20298051834106445
0.3540456295013428
0.18322110176086426
0.13950872421264648
0.19699478149414062
0.1827678680419922
0.2069690227508545
0.1871800422668457
0.2143573760986328
0.21412873268127441
0.21857905387878418
0.18718934059143066
0.1592390537261963
0.13944649696350098
0.18894505500793457
0.16976618766784668
0.14925670623779297
0.18819355964660645
0.19673824310302734
0.19632244110107422
0.1942920684814453
0.1834888458251953
0.1936964988708496
0.20119619369506836
0.19669723510742188
0.18468022346496582
0.16477060317993164
0.17165732383728027
0.24302387237548828
0.19012737274169922
0.18645834922790527
0.20386862754821777
0.16401267051696777
0.21471548080444336
0.1421492099761963
0.2273702621459961
0.19616270065307617
0.1813652515411377
0.22660040855407715
0.19629383087158203
0.1894991397857666
0.1432323455810547
0.20289134979248047
0.19356441497802734
0.20429325103759766
0.19479751586914062
0.2075519561767578
0.18092107772827148
0.19090700149536133
0.18773865699768066
0.2217857837677002
1.2194325923919678
0.197617769241333
0.14040303230285645
0.18454980850219727
0.19451522827148438
0.19224834442138672
0.2185821533203125
0.22035646438598633
0.23053908348083496
0.19098138809204102
0.2008500099182129
0.16139674186706543
0.210493803024292
0.20094871520996094
0.17030119895935059
0.2015070915222168
0.1980588436126709
0.22293639183044434
0.2051537036895752
0.1944880485534668
0.17109370231628418
0.20002532005310059
0.1995246410369873
1.2129409313201904
0.20117926597595215
0.1989140510559082
0.1868274211883545
0.22383975982666016
0.17180323600769043
0.24443387985229492
0.1893777847290039
0.15390634536743164
0.18837332725524902
0.13585805892944336
0.14532899856567383
0.18192172050476074
0.1878643035888672
0.20200800895690918
0.21160507202148438
0.22237539291381836
0.198042631149292
0.20308971405029297
0.1759181022644043
0.1924598217010498
0.23032236099243164
0.19220662117004395
0.19562816619873047
0.15197396278381348
0.26102709770202637
0.26770472526550293
0.28038907051086426
0.23185276985168457
0.18979239463806152
0.20030760765075684
0.23758339881896973
0.17671585083007812
0.2079918384552002
0.1902294158935547
0.19583344459533691
0.2126941680908203
0.21181130409240723
0.1997990608215332
0.182145357131958
0.19616436958312988
1.2119150161743164
0.18706250190734863
0.18697595596313477
0.1869828701019287
0.19705915451049805
0.2207319736480713
0.1902010440826416
0.21608400344848633
0.22659659385681152
0.16019177436828613
0.22066307067871094
0.16798138618469238
0.12707924842834473
0.17972087860107422
0.19989275932312012
0.20362615585327148
0.1928696632385254
0.19704437255859375
0.19315862655639648
0.17630887031555176
0.19685697555541992
0.19001269340515137
0.1599564552307129
0.1839890480041504
0.2237074375152588
0.1660003662109375
0.2500462532043457
0.2237246036529541
0.22898364067077637
0.20348525047302246
0.2031111717224121
0.180680513381958
0.20642685890197754
0.23099327087402344
0.23159503936767578
0.19727325439453125
0.22579598426818848
0.26860570907592773
0.16019344329833984
0.18515396118164062
0.14618992805480957
0.20188546180725098
0.14298605918884277
0.13293838500976562
0.21461772918701172
0.2511451244354248
0.19659876823425293
0.20535850524902344
0.1923365592956543
0.20542645454406738
0.2127833366394043
0.1918799877166748
0.14045453071594238
0.20380735397338867
0.1911005973815918
0.19024348258972168
0.19709515571594238
0.19808483123779297
0.2111055850982666
0.19138717651367188
0.18422460556030273
0.21773934364318848
0.1806185245513916
0.20569825172424316
0.23910808563232422
0.18934202194213867
0.22970867156982422
0.21085047721862793
0.13553905487060547
0.2084183692932129
0.1989758014678955
0.1747441291809082
0.23412132263183594
0.18308401107788086
0.17982172966003418
0.1861400604248047
0.1439826488494873
0.2209465503692627
0.1988677978515625
0.23394417762756348
0.21113133430480957
0.1878190040588379
0.23243999481201172
0.19952630996704102
0.19730353355407715
0.20510601997375488
0.20640015602111816
0.1509866714477539
0.21768546104431152
0.19492101669311523
0.23739886283874512
0.2951791286468506
0.15599799156188965
0.19173908233642578
0.2062547206878662
0.2537062168121338
0.20975494384765625
0.20145344734191895
0.18620967864990234
0.17809033393859863
0.1782059669494629
0.1871647834777832
0.16687297821044922
0.20017242431640625
0.24412250518798828
0.21584033966064453
0.19521856307983398
0.1692063808441162
0.2281053066253662
0.3325004577636719
0.20231294631958008
0.15044522285461426
0.19296908378601074
0.19350457191467285
0.2229321002960205
0.18849539756774902
0.17529749870300293
0.1421494483947754
0.1942129135131836
0.21915435791015625
0.1986234188079834
0.20173239707946777
0.20224571228027344
0.18517684936523438
0.17485928535461426
0.20614385604858398
0.1762402057647705
0.15980076789855957
0.19086122512817383
0.1972823143005371
0.19272422790527344
0.2017817497253418
0.1445152759552002
0.26329874992370605
0.24758124351501465
0.19618940353393555
0.20082879066467285
0.19696569442749023
0.218461275100708
0.2173619270324707
0.15714359283447266
0.15436339378356934
0.19763517379760742
0.18884801864624023
0.20396137237548828
0.23011374473571777
0.19485950469970703
0.20849156379699707
0.18883132934570312
0.19945549964904785
0.21189260482788086
0.24152684211730957
0.18248438835144043
0.20490312576293945
0.15178585052490234
0.1831209659576416
0.18641209602355957
0.1929178237915039
0.21776485443115234
0.2044844627380371
0.19048261642456055
0.19310212135314941
0.18992304801940918
0.18480134010314941
0.1487424373626709
0.14755988121032715
0.14369797706604004
0.1729602813720703
0.18889474868774414
0.21878576278686523
0.17544198036193848
0.2566945552825928
0.15413856506347656
0.17688608169555664
0.19051337242126465
0.2624533176422119
0.20490741729736328
0.2096848487854004
0.21437478065490723
0.21245908737182617
0.1810150146484375
0.18705177307128906
0.19961857795715332
0.19609427452087402
0.20185303688049316
0.18459701538085938
0.18782925605773926
0.19812822341918945
0.24317383766174316
0.1537635326385498
0.241349458694458
0.23639631271362305
0.14476346969604492
0.2083454132080078
0.20079517364501953
0.18569278717041016
0.1484980583190918
0.18794512748718262
0.19125938415527344
0.18359780311584473
0.20238614082336426
0.20277881622314453
0.16172170639038086
0.19652915000915527
0.17579388618469238
0.18656229972839355
0.15254855155944824
0.18868279457092285
0.22814464569091797
0.197709321975708
0.22736859321594238
0.22051525115966797
0.20504117012023926
0.19344043731689453
0.2065260410308838
0.19991540908813477
0.24125957489013672
0.19720864295959473
0.18369221687316895
0.18477582931518555
0.18712067604064941
0.18410587310791016
0.2277216911315918
0.18253850936889648
0.1987016201019287
0.21608328819274902
0.25596165657043457
0.18915200233459473
0.2033073902130127
0.1951909065246582
0.22196006774902344
0.18325567245483398
0.13318896293640137
0.23592519760131836
0.2027301788330078
0.26416707038879395
0.2295522689819336
0.22384405136108398
0.23011231422424316
0.19995427131652832
0.20554828643798828
0.18592357635498047
0.19928884506225586
0.1826949119567871
0.2092583179473877
0.18753647804260254
0.18526363372802734
0.2011861801147461
0.2163562774658203
0.1647779941558838
0.2771422863006592
0.15620875358581543
0.1501164436340332
0.2017228603363037
0.1824498176574707
0.14722919464111328
0.19897818565368652
0.19144153594970703
0.20848512649536133
0.18864989280700684
0.2036724090576172
0.18474268913269043
0.20578384399414062
0.15961384773254395
0.20740771293640137
0.17756438255310059
0.22027349472045898
0.24922513961791992
0.19302821159362793
0.28514647483825684
0.20037126541137695
0.19198203086853027
0.21710753440856934
0.15546798706054688
0.20652031898498535
0.21299958229064941
0.20731306076049805
0.26696252822875977
0.19229340553283691
0.20347213745117188
0.20709753036499023
0.33756327629089355
0.19609546661376953
0.19112682342529297
0.19484639167785645
0.2648885250091553
0.2125704288482666
0.1983487606048584
0.2360687255859375
0.19918346405029297
0.15552449226379395
0.18254876136779785
0.23959732055664062
0.21387457847595215
0.19916224479675293
0.20664620399475098
0.19987273216247559
1.206892728805542
0.16486263275146484
0.24555373191833496
0.18230724334716797
0.20266342163085938
0.17386174201965332
0.2896761894226074
0.18678021430969238
0.19090604782104492
0.18859219551086426
0.15292048454284668
0.20022988319396973
0.19074177742004395
0.2493267059326172
0.2228107452392578
0.19448590278625488
0.2505643367767334
0.15386462211608887
0.14389657974243164
0.1989748477935791
0.16600322723388672
0.2236013412475586
0.41701817512512207
0.23083949089050293
0.1824038028717041
0.18974828720092773
0.1938939094543457
0.17038559913635254
0.16319894790649414
0.20524859428405762
0.15765810012817383
0.13988876342773438
0.20643091201782227
0.19932150840759277
0.14722967147827148
0.20550084114074707
0.19382810592651367
0.18826937675476074
0.1981062889099121
0.1918015480041504
0.19505095481872559
0.17312002182006836
0.22339153289794922
0.20903229713439941
0.19023680686950684
0.20340275764465332
0.2195737361907959
0.16841721534729004
0.20773768424987793
0.18828582763671875
0.2077031135559082
0.19680428504943848
0.23501324653625488
0.18792343139648438
0.1838212013244629
0.23452115058898926
0.23907876014709473
0.18590116500854492
0.19144892692565918
0.1988048553466797
0.203995943069458
0.17615628242492676
0.18086576461791992
0.19972801208496094
0.17829489707946777
0.20178556442260742
0.23155474662780762
0.20424103736877441
0.1860668659210205
0.21093964576721191
0.23641467094421387
0.22932100296020508
0.2051081657409668
0.19992661476135254
0.19447803497314453
0.20465755462646484
0.19330668449401855
0.20890498161315918
0.14617609977722168
0.20415019989013672
0.20947861671447754
0.21796059608459473
0.19083929061889648
0.18363475799560547
0.20596075057983398
0.21719598770141602
0.21162962913513184
0.1547846794128418
0.23456192016601562
0.1935288906097412
0.2258756160736084
0.24485468864440918
0.1837775707244873
0.19794130325317383
0.16968202590942383
0.1898488998413086
0.19238948822021484
0.18632125854492188
0.19608807563781738
0.19969391822814941
0.18361115455627441
0.1946735382080078
0.2240917682647705
0.1986854076385498
0.19305872917175293
0.26786136627197266
0.2204585075378418
0.19966411590576172
0.19326329231262207
0.18892312049865723
0.23411989212036133
0.22800421714782715
0.19005870819091797
0.2127535343170166
0.18851876258850098
0.1867668628692627
0.21075177192687988
0.20093631744384766
0.21990489959716797
0.1837480068206787
0.2522096633911133
0.21005749702453613
0.22937822341918945
0.19455575942993164
0.18557071685791016
0.24547171592712402
0.18074297904968262
0.20151495933532715
0.18912076950073242
0.19498753547668457
0.17559337615966797
0.18573403358459473
0.1966705322265625
0.19020318984985352
0.1898040771484375
0.2109220027923584
0.21384048461914062
0.18888568878173828
0.2589266300201416
0.20984244346618652
0.14838194847106934
0.19814157485961914
0.18752717971801758
0.2091226577758789
0.20135998725891113
0.16470122337341309
0.19140291213989258
0.19535088539123535
0.1462860107421875
0.19153571128845215
0.18344426155090332
0.1948378086090088
0.1946573257446289
0.2035982608795166
0.18950319290161133
0.23655176162719727
0.13630032539367676
0.22544336318969727
0.25030946731567383
0.18384814262390137
0.20079636573791504
0.18924331665039062
0.250286340713501
0.21047258377075195
0.1844477653503418
0.21753168106079102
0.20410537719726562
0.19486117362976074
0.2127399444580078
0.19678258895874023
0.16161561012268066
0.24056315422058105
0.22655487060546875
0.19785189628601074
0.20699501037597656
0.19081783294677734
0.1842958927154541
0.21908020973205566
0.20462942123413086
0.14117908477783203
0.200408935546875
0.20234322547912598
0.1986088752746582
0.2413492202758789
0.18722295761108398
0.1882643699645996
0.14802980422973633
0.25369811058044434
0.18772602081298828
0.22306227684020996
0.18577885627746582
0.18967223167419434
0.20110630989074707
0.1866893768310547
0.1873493194580078
0.25485920906066895
0.24065756797790527
0.20209813117980957
0.2009897232055664
0.2168271541595459
0.19779324531555176
0.21721839904785156
0.19049453735351562
0.14395976066589355
0.180161714553833
0.18709039688110352
0.20940780639648438
0.23191213607788086
0.17405486106872559
0.1713390350341797
0.1920454502105713
0.20019912719726562
0.18886089324951172
0.22967028617858887
0.20208239555358887
0.22704696655273438
0.20020174980163574
0.1739826202392578
0.8143515586853027
0.19248008728027344
0.23063015937805176
0.16341400146484375
0.19097232818603516
0.14858794212341309
0.2032315731048584
0.22742676734924316
0.1921987533569336
0.17092180252075195
0.19315648078918457
0.20090198516845703
0.2672080993652344
0.20268940925598145
0.18115830421447754
0.26262784004211426
0.20385193824768066
0.19740629196166992
0.18818926811218262
0.2011113166809082
0.18460607528686523
0.20023560523986816
0.22182965278625488
0.18508672714233398
0.1925060749053955
0.20471787452697754
0.1754777431488037
0.15963101387023926
0.1894080638885498
0.20442748069763184
0.15215682983398438
0.2185056209564209
0.21253228187561035
0.1625807285308838
0.22159385681152344
0.1916654109954834
0.1509418487548828
0.2226724624633789
0.1781325340270996
0.19315814971923828
0.21038222312927246
0.22768378257751465
0.18283843994140625
0.18142414093017578
0.23632144927978516
0.2494187355041504
0.18113422393798828
0.19567561149597168
0.1985616683959961
0.20612263679504395
0.19453644752502441
0.1880788803100586
0.19574642181396484
0.1963202953338623
0.22828912734985352
0.19595551490783691
0.2531425952911377
0.3381381034851074
0.1861720085144043
0.2312159538269043
0.1893782615661621
0.1943206787109375
0.260556697845459
0.16331887245178223
0.2147073745727539
0.19995975494384766
0.2023615837097168
0.26195502281188965
0.17560935020446777
0.21191000938415527
0.18799805641174316
0.20275044441223145
1.2079527378082275
0.1884768009185791
0.22002911567687988
0.23693561553955078
0.24389219284057617
0.1958301067352295
0.19303059577941895
0.19861841201782227
0.20318245887756348
0.17858648300170898
0.20452594757080078
0.20095276832580566
0.22020268440246582
0.22936415672302246
0.17322087287902832
0.20562958717346191
0.19953536987304688
0.17227721214294434
0.20913314819335938
0.23081207275390625
0.16371607780456543
0.18476366996765137
0.14953041076660156
0.2104473114013672
0.18766212463378906
0.20525264739990234
0.24991512298583984
0.1898198127746582
0.21968603134155273
0.20293569564819336
0.21170997619628906
0.19960308074951172
0.19096136093139648
0.19260692596435547
0.18986988067626953
0.2835814952850342
0.19585442543029785
0.1854851245880127
0.1851789951324463
0.23046159744262695
0.19085979461669922
0.21120190620422363
0.17951488494873047
0.16390132904052734
0.18657398223876953
0.18723011016845703
0.21044373512268066
0.18258380889892578
0.20996356010437012
0.19119787216186523
0.1462559700012207
0.1323404312133789
0.1758584976196289
0.1964728832244873
0.19576334953308105
0.2095198631286621
0.19028472900390625
0.20006489753723145
0.19016671180725098
0.14222979545593262
0.1470203399658203
0.18559837341308594
0.1364881992340088
0.23883342742919922
0.17575645446777344
0.23061227798461914
0.20841455459594727
0.2261371612548828
0.20616817474365234
0.2103281021118164
0.21040821075439453
1.221949577331543
0.21033453941345215
0.18966197967529297
0.15631461143493652
0.18973016738891602
0.20726966857910156
0.19031953811645508
0.2269139289855957
0.18035626411437988
0.17925333976745605
0.1428511142730713
0.18771743774414062
0.19071650505065918
0.18864989280700684
0.23667097091674805
0.19022011756896973
0.16636300086975098
0.1469743251800537
0.16806507110595703
0.15157794952392578
0.18304753303527832
0.1828930377960205
0.20477056503295898
0.15189838409423828
0.14940905570983887
0.20723676681518555
0.2095639705657959
0.20455288887023926
0.19691920280456543
0.18036818504333496
0.24691367149353027
0.2139589786529541
0.22500061988830566
0.18389630317687988
0.19699883460998535
0.16713500022888184
0.18620705604553223
0.191314697265625
0.1946277618408203
0.17594289779663086
0.20402789115905762
0.1960892677307129
0.1394805908203125
0.21137738227844238
0.13818359375
0.20370149612426758
0.20429182052612305
0.20792341232299805
0.1849980354309082
0.23795390129089355
0.2155299186706543
0.15078020095825195
0.1916055679321289
0.20032405853271484
0.18303918838500977
0.19169926643371582
0.21201086044311523
0.14249062538146973
0.23030805587768555
0.1688823699951172
0.1511986255645752
0.20940876007080078
0.20778512954711914
0.14121007919311523
0.1452174186706543
0.21201086044311523
0.2682607173919678
0.2302563190460205
0.1836388111114502
0.1769397258758545
0.20982027053833008
0.16650795936584473
0.17589163780212402
0.16008663177490234
0.19520211219787598
0.23838329315185547
0.21637964248657227
0.19744396209716797
0.20672106742858887
0.20543718338012695
0.19116830825805664
0.21607637405395508
0.195051908493042
0.20263671875
0.21153569221496582
0.22770905494689941
0.1913444995880127
0.20293831825256348
0.19360923767089844
0.2356586456298828
0.2353224754333496
0.18961262702941895
0.20870161056518555
0.19733095169067383
0.1830589771270752
0.2127974033355713
0.18996214866638184
0.19600892066955566
0.20514321327209473
0.21131253242492676
0.2253563404083252
0.24773478507995605
0.22665190696716309
0.20682644844055176
0.2011890411376953
0.1990504264831543
0.19951653480529785
0.19089293479919434
0.25021958351135254
0.20029258728027344
0.1835038661956787
0.20114994049072266
0.2209634780883789
0.21672987937927246
0.1933763027191162
0.17194533348083496
0.21142840385437012
0.21334171295166016
0.20685744285583496
0.2053816318511963
0.20023512840270996
0.17562127113342285
0.23261523246765137
0.16351056098937988
0.1875896453857422
0.16702675819396973
0.20824480056762695
0.20499801635742188
0.1944441795349121
0.2000441551208496
0.19033241271972656
0.22311735153198242
0.19120550155639648
0.19454026222229004
0.2528085708618164
0.17976927757263184
0.17942070960998535
0.18738722801208496
0.22316908836364746
0.1534895896911621
0.28408050537109375
0.20025181770324707
0.1716768741607666
0.14975666999816895
0.15699410438537598
0.14351344108581543
0.16443705558776855
0.20525670051574707
0.20638346672058105
0.19323325157165527
0.264293909072876
0.2293229103088379
0.191817045211792
0.17978930473327637
0.18946218490600586
0.17896294593811035
0.19014620780944824
0.19087767601013184
0.13948678970336914
0.14422369003295898
0.1894850730895996
0.1954326629638672
0.15339064598083496
0.21048688888549805
0.19411396980285645
0.22524023056030273
0.18929362297058105
0.21491241455078125
0.19759345054626465
0.21686482429504395
0.19591641426086426
0.19756340980529785
0.16309618949890137
0.19573736190795898
0.20007729530334473
0.15364956855773926
0.1941993236541748
0.2122359275817871
0.20780086517333984
0.17229199409484863
0.19714021682739258
0.19472074508666992
0.22742605209350586
0.15815448760986328
0.20101547241210938
0.23411273956298828
0.19542837142944336
0.1934950351715088
0.23067975044250488
0.2138960361480713
0.19271087646484375
0.19864535331726074
0.25664401054382324
0.17109918594360352
0.1861283779144287
0.17613005638122559
0.19300532341003418
0.15856170654296875
0.2203807830810547
0.1883840560913086
0.20428204536437988
0.18407917022705078
0.19440793991088867
0.14339160919189453
0.23415780067443848
0.2183842658996582
0.19574689865112305
0.29313039779663086
0.30222463607788086
0.18734979629516602
0.17763948440551758
0.19746184349060059
0.21370816230773926
0.19269967079162598
0.26183319091796875
0.1797807216644287
0.2583582401275635
0.21167588233947754
0.18395185470581055
0.21996593475341797
0.20388364791870117
0.18841290473937988
0.2528243064880371
0.20047855377197266
0.1798858642578125
0.18445920944213867
0.20839762687683105
0.1742386817932129
0.17905235290527344
0.16778993606567383
0.20318269729614258
0.19782805442810059
0.18559956550598145
0.18621158599853516
0.1865065097808838
0.23748540878295898
0.14770936965942383
0.13727879524230957
0.194321870803833
0.19657087326049805
0.1691758632659912
0.20270538330078125
0.19742751121520996
0.19813919067382812
0.2471144199371338
0.19971203804016113
0.20520734786987305
0.23824024200439453
0.23720645904541016
0.18212556838989258
0.23810362815856934
0.22316288948059082
0.18575644493103027
0.15172362327575684
0.20510101318359375
0.18691086769104004
0.20586276054382324
0.20202159881591797
0.19569158554077148
0.19406890869140625
0.1992511749267578
0.16626453399658203
0.19080662727355957
0.21429181098937988
0.18480944633483887
0.2140064239501953
0.19713044166564941
0.1768321990966797
0.20912742614746094
0.615501880645752
0.2985093593597412
0.1808154582977295
0.20486855506896973
0.19621062278747559
0.3169260025024414
0.5107502937316895
0.4887664318084717
0.19090962409973145
0.1975574493408203
0.14709115028381348
0.18483400344848633
0.19309568405151367
0.2590513229370117
0.15729117393493652
0.18923258781433105
0.1913738250732422
0.25682926177978516
0.23383021354675293
0.24168109893798828
0.1704564094543457
0.1356201171875
0.13722753524780273
0.13667821884155273
0.18552231788635254
0.20203375816345215
0.15057659149169922
0.18812227249145508
0.23119902610778809
0.21059632301330566
0.22483444213867188
0.27671122550964355
0.21190309524536133
0.19927501678466797
0.18965554237365723
0.21442723274230957
0.2058415412902832
0.17638778686523438
0.18683552742004395
0.17839479446411133
0.14278697967529297
0.18866658210754395
0.2077934741973877
0.1424257755279541
0.19978809356689453
0.19525790214538574
0.1695713996887207
0.25393056869506836
0.21159744262695312
0.19760918617248535
0.19539093971252441
0.176316499710083
0.2441577911376953
0.20050978660583496
0.23187756538391113
0.18509960174560547
0.18828272819519043
0.20714235305786133
0.19269347190856934
0.20364713668823242
0.20870566368103027
0.18770790100097656
0.159104585647583
0.2389838695526123
0.20457148551940918
0.21916937828063965
0.18357062339782715
0.1940152645111084
0.22379589080810547
0.21791696548461914
0.1900491714477539
0.19472908973693848
0.21795439720153809
0.22342777252197266
0.1896066665649414
0.18174123764038086
0.1499009132385254
0.18501734733581543
0.152909517288208
0.15047073364257812
0.17787742614746094
0.20683884620666504
0.1933298110961914
0.1926436424255371
0.19401264190673828
0.16874265670776367
0.1934070587158203
0.18890810012817383
0.18724465370178223
0.197249174118042
0.24023151397705078
0.2363431453704834
0.21852827072143555
0.22116708755493164
0.24164962768554688
0.19156742095947266
0.1956005096435547
0.19861221313476562
0.21782898902893066
0.19502639770507812
0.15582942962646484
0.19167685508728027
0.19432520866394043
0.20052480697631836
0.20441222190856934
0.21785187721252441
0.24025559425354004
0.1627354621887207
0.18636250495910645
0.19986224174499512
0.1997385025024414
0.18770623207092285
0.14377999305725098
0.2094423770904541
0.23495888710021973
0.19245266914367676
0.22750020027160645
0.21181631088256836
0.22610735893249512
0.15332841873168945
0.19315648078918457
0.22230005264282227
0.16507911682128906
0.2069690227508545
0.19057726860046387
0.17009258270263672
0.20034480094909668
0.19031429290771484
0.40487217903137207
1.2459769248962402
0.19360899925231934
0.23278045654296875
0.16404175758361816
0.19442081451416016
0.1949315071105957
0.17844223976135254
0.20867156982421875
0.17943978309631348
0.23546266555786133
0.22428417205810547
0.1628272533416748
0.20992732048034668
0.19215083122253418
0.20503902435302734
0.18758177757263184
0.1978766918182373
0.18688416481018066
0.2163541316986084
0.23611783981323242
0.2137608528137207
0.14182806015014648
0.15930390357971191
0.19331669807434082
0.18663644790649414
0.19406628608703613
0.198746919631958
0.1856098175048828
0.1969163417816162
0.1936793327331543
0.18642282485961914
0.15586519241333008
0.15265154838562012
0.21422863006591797
0.2335500717163086
0.20635342597961426
0.20439672470092773
0.1985321044921875
0.18950486183166504
0.2325150966644287
0.18914532661437988
0.22351741790771484
0.20841598510742188
0.19913792610168457
0.13814568519592285
0.1824965476989746
0.20936012268066406
0.20029926300048828
0.18480587005615234
0.15899419784545898
0.1833813190460205
0.19111132621765137
0.21310734748840332
0.27095913887023926
0.2017366886138916
0.2373208999633789
0.19600319862365723
0.2027587890625
0.26714324951171875
0.18675613403320312
0.15314316749572754
0.19528651237487793
0.22327542304992676
0.20650959014892578
0.20508861541748047
0.18436837196350098
0.17375683784484863
0.222825288772583
0.18662047386169434
0.15921854972839355
0.2240464687347412
0.2010180950164795
0.21295976638793945
0.1467270851135254
0.19324755668640137
0.1951920986175537
0.23392462730407715
0.2587449550628662
0.18733596801757812
0.21213912963867188
0.19111394882202148
0.23447775840759277
0.2202005386352539
0.15014266967773438
0.21961593627929688
0.18300414085388184
0.18639659881591797
0.20259594917297363
0.19314193725585938
0.18983936309814453
0.20311832427978516
0.19125866889953613
0.19173550605773926
0.1805253028869629
0.18930506706237793
0.22669005393981934
0.21791601181030273
0.1821281909942627
0.14997529983520508
0.19243645668029785
0.3186299800872803
0.19234681129455566
0.22197842597961426
0.15410971641540527
0.20897579193115234
0.13937115669250488
0.1799149513244629
0.20044970512390137
0.22401857376098633
0.2247765064239502
0.1944425106048584
0.20068717002868652
0.15540862083435059
0.15621018409729004
0.15317964553833008
0.17563462257385254
0.1439037322998047
0.20508146286010742
1.1882784366607666
0.24666118621826172
0.18262243270874023
0.1876225471496582
0.20568466186523438
0.21099543571472168
0.1920166015625
0.1915731430053711
0.14612388610839844
0.20055937767028809
0.23117804527282715
0.15082502365112305
0.19586634635925293
0.15513920783996582
0.17376446723937988
0.19416260719299316
0.1928577423095703
0.23859739303588867
0.16093182563781738
0.21927928924560547
0.161482572555542
0.1672837734222412
0.214874267578125
0.20661044120788574
0.19304156303405762
0.16066551208496094
0.22488164901733398
0.23112750053405762
0.20257115364074707
0.24273443222045898
0.20848584175109863
0.20879459381103516
0.1852271556854248
0.14931225776672363
0.1432030200958252
0.20328664779663086
0.22918367385864258
0.20669245719909668
0.19753813743591309
0.19445061683654785
0.23555994033813477
0.13862371444702148
0.20623064041137695
0.18152546882629395
0.18541550636291504
0.17398285865783691
0.20513510704040527
0.2013864517211914
0.17497992515563965
0.1980133056640625
0.20768070220947266
0.18332242965698242
0.2267136573791504
0.1844930648803711
0.20450806617736816
0.16938090324401855
0.2226872444152832
0.2207045555114746
0.18630719184875488
0.18851017951965332
0.19765281677246094
0.25562143325805664
0.19883441925048828
0.1878376007080078
0.20289325714111328
0.23409247398376465
0.20403790473937988
0.21811795234680176
0.1938457489013672
0.20268535614013672
1.2532830238342285
0.22095084190368652
0.16404080390930176
0.1661231517791748
0.20113492012023926
0.28998875617980957
0.19483089447021484
0.22714662551879883
0.18926525115966797
0.19543218612670898
0.14026474952697754
0.17963433265686035
0.19156885147094727
0.20862293243408203
0.15433239936828613
0.20172500610351562
0.20666885375976562
0.18652582168579102
0.1404283046722412
0.18558382987976074
0.23107314109802246
0.19289875030517578
0.19461822509765625
0.20743179321289062
1.227663278579712
0.22684741020202637
0.20308613777160645
0.16222929954528809
0.15924978256225586
0.22359442710876465
0.1628282070159912
0.19586849212646484
0.19313406944274902
0.17729640007019043
0.1580808162689209
0.15059542655944824
0.20514702796936035
0.24283528327941895
0.20064997673034668
0.19746685028076172
0.21203899383544922
0.32019996643066406
0.23979687690734863
0.20485162734985352
0.20523810386657715
0.18283414840698242
0.20935630798339844
0.2516312599182129
0.253218412399292
0.15822172164916992
0.18277812004089355
0.19023394584655762
0.2029125690460205
0.19317913055419922
0.19977092742919922
0.18331313133239746
0.21751618385314941
0.19962024688720703
0.15424036979675293
0.19578766822814941
0.22197437286376953
0.1919877529144287
0.1950080394744873
0.19748210906982422
0.1843864917755127
0.15967726707458496
0.19548916816711426
0.2361152172088623
0.24422717094421387
0.23419690132141113
0.17729711532592773
0.15753912925720215
0.1694011688232422
0.18106555938720703
0.1861708164215088
0.1925489902496338
0.21111321449279785
0.16928434371948242
0.19759583473205566
0.3036341667175293
0.1934502124786377
0.2224445343017578
0.19133687019348145
0.18598580360412598
0.19684624671936035
0.20103764533996582
0.20153045654296875
0.18146610260009766
0.22542095184326172
0.215224027633667
0.25571417808532715
0.1904764175415039
0.19981908798217773
0.18255615234375
0.19206619262695312
0.19440817832946777
0.18627309799194336
0.20427227020263672
0.21799659729003906
0.22015595436096191
0.21811819076538086
0.19646191596984863
0.19866156578063965
0.1927483081817627
0.20955491065979004
0.2545897960662842
0.19698834419250488
0.2399733066558838
0.19847536087036133
0.184187650680542
0.23244643211364746
0.21250534057617188
0.1909329891204834
0.18184685707092285
0.20890164375305176
0.19592618942260742
0.20684266090393066
0.1957111358642578
0.22596502304077148
0.19434213638305664
0.18393421173095703
0.23100733757019043
0.17639422416687012
0.1868579387664795
0.2937614917755127
0.20513033866882324
0.19373059272766113
0.18424177169799805
0.17222189903259277
0.21432876586914062
0.19897127151489258
0.18352723121643066
0.20341753959655762
0.20253896713256836
0.20651865005493164
0.24156904220581055
0.23002004623413086
0.1508185863494873
0.4397270679473877
1.2141895294189453
0.30368590354919434
0.22079777717590332
0.1826028823852539
0.2043156623840332
0.24054527282714844
0.19446825981140137
0.22489595413208008
0.18077993392944336
0.16921019554138184
0.22789430618286133
0.1957998275756836
0.19288229942321777
0.1595616340637207
0.18397855758666992
0.2344529628753662
0.1971735954284668
0.15301227569580078
0.14583325386047363
0.14592862129211426
0.18757390975952148
0.1926593780517578
0.18139004707336426
0.19083738327026367
0.20122718811035156
0.1941843032836914
0.1558239459991455
0.1567678451538086
0.22662734985351562
0.1904597282409668
0.18024945259094238
0.2382183074951172
0.22473835945129395
0.1865062713623047
0.16218876838684082
0.21775436401367188
0.23585867881774902
0.17554306983947754
0.19562149047851562
0.1500566005706787
0.14441370964050293
0.21575665473937988
0.19220280647277832
0.20401263236999512
0.21197271347045898
0.21018123626708984
0.2127242088317871
0.18406224250793457
0.19725275039672852
0.18208599090576172
0.1990954875946045
0.19378995895385742
0.17566585540771484
0.28801679611206055
0.18592262268066406
0.24413847923278809
0.1536247730255127
0.1928119659423828
0.19480061531066895
0.20315861701965332
0.18787002563476562
0.22662591934204102
0.24164342880249023
0.14753007888793945
0.1787254810333252
0.2052907943725586
0.1864609718322754
0.1965482234954834
0.160475492477417
0.17390942573547363
0.1970374584197998
0.21413469314575195
0.21583271026611328
0.22693920135498047
0.18668794631958008
0.23094820976257324
0.22109675407409668
0.14958667755126953
0.1906287670135498
0.3147430419921875
0.20055413246154785
0.20330023765563965
0.18590331077575684
0.25789594650268555
0.20121526718139648
0.2014458179473877
0.21944093704223633
0.2169787883758545
0.1839151382446289
0.13479876518249512
0.20200562477111816
0.18733525276184082
0.20104360580444336
0.20052003860473633
0.20892930030822754
0.18586993217468262
0.24221110343933105
0.4173619747161865
0.22234416007995605
0.21098804473876953
0.20093846321105957
0.24437236785888672
0.18071508407592773
0.20380330085754395
0.1882944107055664
0.2034587860107422
0.1954183578491211
0.1938321590423584
0.21817231178283691
0.18279647827148438
0.18659758567810059
0.13063526153564453
0.2088451385498047
0.20927047729492188
0.18593811988830566
0.18554997444152832
0.2492666244506836
0.1452648639678955
0.1730668544769287
0.16654300689697266
0.17859339714050293
0.20240092277526855
0.1894688606262207
0.2193453311920166
0.2207181453704834
0.18631839752197266
0.18525481224060059
0.14203476905822754
0.18694663047790527
0.28865861892700195
0.2175610065460205
0.19190621376037598
0.18384337425231934
0.17351984977722168
0.1962604522705078
0.18471479415893555
0.18486285209655762
0.22075653076171875
0.19454240798950195
0.19785642623901367
0.17886567115783691
0.20652151107788086
0.24660849571228027
0.2061772346496582
0.1799924373626709
0.18556761741638184
0.19204378128051758
0.1688692569732666
0.1985940933227539
0.19318103790283203
0.19743728637695312
0.1937696933746338
0.18334221839904785
0.20788025856018066
0.21634984016418457
0.21511578559875488
0.20860981941223145
0.20540666580200195
0.18783354759216309
0.14309358596801758
0.20081639289855957
0.15131783485412598
0.23726940155029297
0.1955862045288086
0.19575977325439453
0.20052433013916016
0.15530991554260254
0.25333476066589355
0.22435545921325684
0.1957259178161621
0.19065427780151367
0.19043970108032227
0.138136625289917
0.19970989227294922
0.23112058639526367
0.20041894912719727
0.2001783847808838
0.1836106777191162
0.1813654899597168
0.20490741729736328
0.20266342163085938
0.19533205032348633
0.21433067321777344
0.19390058517456055
0.18612360954284668
0.1429905891418457
0.21387124061584473
0.1717214584350586
0.18435096740722656
0.22278881072998047
0.22865915298461914
0.19324231147766113
0.2091362476348877
0.19879436492919922
0.22875237464904785
0.18961691856384277
0.14682841300964355
0.19630217552185059
0.20444846153259277
0.15918898582458496
0.17922139167785645
0.1861875057220459
0.17377972602844238
0.18833541870117188
0.19776010513305664
0.19902443885803223
0.20454072952270508
0.19540619850158691
0.19038820266723633
0.17660903930664062
0.197343111038208
0.20057415962219238
0.19694256782531738
0.22656464576721191
0.20675253868103027
0.18985843658447266
0.2320232391357422
0.21487808227539062
0.24457716941833496
0.21644902229309082
0.19778943061828613
0.18306589126586914
0.22193145751953125
0.24193501472473145
0.23708295822143555
0.20810484886169434
0.238006591796875
0.18914294242858887
0.1755352020263672
0.16645479202270508
0.1936962604522705
0.1902613639831543
0.25603199005126953
0.22387981414794922
0.2476027011871338
0.22351861000061035
0.18358230590820312
0.18769335746765137
0.19111871719360352
0.16185760498046875
0.22114920616149902
0.2197418212890625
0.22443246841430664
0.2070927619934082
0.2364044189453125
0.20505380630493164
0.2023177146911621
0.1577620506286621
0.18818259239196777
0.16125798225402832
0.21426820755004883
0.20030641555786133
0.1797487735748291
0.18187999725341797
0.19928455352783203
0.23923778533935547
0.19420385360717773
0.1870555877685547
0.21995925903320312
0.14173173904418945
0.1928853988647461
0.2105720043182373
0.2041010856628418
0.2165210247039795
0.15837597846984863
0.19417643547058105
0.214127779006958
0.19256019592285156
0.20279669761657715
0.20104074478149414
0.15253877639770508
0.19376516342163086
0.18176937103271484
0.18248438835144043
0.22542905807495117
0.16572093963623047
0.18020272254943848
0.19063782691955566
0.21920204162597656
0.1424248218536377
0.20857715606689453
0.20807123184204102
0.18932008743286133
0.16545915603637695
0.20174121856689453
0.19635987281799316
0.17286896705627441
0.18730616569519043
0.1898653507232666
0.22593283653259277
0.1818547248840332
0.17630720138549805
0.1951904296875
0.20265722274780273
0.19875621795654297
0.15130305290222168
0.1940171718597412
0.19442224502563477
0.18004870414733887
0.22648239135742188
0.1867234706878662
0.2554051876068115
0.20786213874816895
0.19366812705993652
0.20235466957092285
0.20262360572814941
0.1923072338104248
0.18360352516174316
0.20462751388549805
0.17901325225830078
0.14783573150634766
0.20257163047790527
0.2366466522216797
0.20531058311462402
0.22574710845947266
0.22915387153625488
0.18426990509033203
0.2069566249847412
0.1928863525390625
0.2069704532623291
0.2124032974243164
0.18032526969909668
0.17638802528381348
0.18481898307800293
0.46479296684265137
0.20473122596740723
0.20943856239318848
0.16517257690429688
0.16839838027954102
0.21602821350097656
0.25177574157714844
0.18653416633605957
0.1923205852508545
0.22411513328552246
0.19933533668518066
0.19714879989624023
0.19809508323669434
0.18543386459350586
0.19374704360961914
0.19085335731506348
0.2850522994995117
0.3180656433105469
0.250410795211792
0.18964433670043945
0.18024182319641113
0.15601420402526855
0.18635034561157227
0.20388031005859375
0.2026658058166504
0.20978760719299316
0.1484229564666748
0.19825410842895508
0.15217924118041992
0.3551304340362549
0.20210957527160645
0.2126612663269043
0.18348169326782227
0.2070786952972412
0.2093818187713623
0.1923835277557373
0.16727280616760254
0.20301437377929688
0.14661455154418945
0.16781330108642578
0.2371683120727539
0.19799542427062988
0.1857318878173828
0.22653484344482422
0.16192221641540527
0.19553828239440918
1.2357032299041748
0.227508544921875
0.1840662956237793
0.1535506248474121
0.2026352882385254
0.17416000366210938
0.16051054000854492
0.1901538372039795
0.1871633529663086
0.22182416915893555
0.20011520385742188
0.1874537467956543
0.22046637535095215
0.23494601249694824
0.2062513828277588
0.13910460472106934
0.19854474067687988
0.23554348945617676
0.1834859848022461
0.19701862335205078
0.21918559074401855
0.22095084190368652
0.18089938163757324
0.1718146800994873
0.1814134120941162
0.19960927963256836
0.19820475578308105
0.17955636978149414
0.20440173149108887
0.2057943344116211
0.18571043014526367
0.22189545631408691
0.2516617774963379
0.20638513565063477
0.21219921112060547
0.20480799674987793
0.21285200119018555
0.19603753089904785
0.14101338386535645
0.18462514877319336
0.21942138671875
0.17147135734558105
0.14772677421569824
0.14302635192871094
0.1986076831817627
0.16385412216186523
0.19119739532470703
0.14661955833435059
0.20606732368469238
0.21040105819702148
0.2783212661743164
0.19539332389831543
0.18522000312805176
0.17288947105407715
0.209183931350708
0.16253185272216797
0.18956446647644043
0.18407750129699707
0.2641284465789795
0.230363130569458
0.1563403606414795
0.15585923194885254
0.19153332710266113
0.18315458297729492
0.2158186435699463
0.19554662704467773
0.1848316192626953
0.19022822380065918
0.22568106651306152
0.18804454803466797
0.14671039581298828
0.19234418869018555
0.20485901832580566
0.20343375205993652
0.15412402153015137
0.1769270896911621
0.12898468971252441
0.197371244430542
0.1824812889099121
0.15908241271972656
0.20595359802246094
0.22710227966308594
0.18956232070922852
0.18546533584594727
0.1398918628692627
0.22443389892578125
0.22376132011413574
0.1889944076538086
0.22716927528381348
0.2096846103668213
0.17569375038146973
0.2062082290649414
0.13207077980041504
0.1835184097290039
0.17862391471862793
0.20558428764343262
0.12230634689331055
0.12163400650024414
0.19673633575439453
0.16675305366516113
0.15885329246520996
0.19002413749694824
0.193281888961792
0.18997716903686523
0.14385080337524414
0.16472649574279785
0.22139835357666016
0.21078133583068848
0.19116878509521484
0.1726231575012207
0.14698052406311035
0.14133143424987793
0.1868884563446045
0.15744495391845703
0.17958545684814453
0.19341158866882324
0.24622607231140137
0.18353533744812012
0.18254399299621582
0.22810864448547363
0.18654346466064453
0.21608734130859375
0.18606853485107422
0.1796872615814209
0.1983652114868164
0.2918577194213867
0.2157907485961914
0.1941547393798828
0.21656227111816406
0.19912099838256836
0.1876375675201416
0.21284270286560059
0.1715688705444336
0.1540064811706543
0.17903971672058105
0.2041304111480713
0.25492191314697266
0.21299171447753906
0.21361255645751953
0.21651911735534668
0.20053315162658691
0.1750926971435547
0.19874358177185059
0.18988347053527832
0.2688586711883545
0.1872396469116211
0.19054150581359863
0.2146470546722412
0.20532560348510742
0.1940925121307373
1.1992402076721191
0.22316551208496094
0.2194805145263672
0.17952585220336914
0.20928645133972168
0.2531614303588867
0.19150495529174805
0.18272089958190918
0.1735396385192871
0.2264559268951416
0.15221261978149414
0.2325139045715332
0.22312426567077637
0.15701675415039062
0.17168498039245605
0.16548490524291992
0.1886887550354004
0.20407700538635254
0.1977245807647705
0.20897388458251953
0.12312555313110352
0.17890572547912598
0.19685626029968262
0.3040022850036621
0.2174818515777588
0.17919206619262695
0.20061326026916504
0.13240337371826172
0.18838167190551758
0.1956014633178711
0.179779052734375
0.2110733985900879
0.20253825187683105
0.21527314186096191
0.22173213958740234
