0.5872375965118408
0.58217453956604
0.46944475173950195
0.642470121383667
0.48388099670410156
0.520639181137085
1.0936717987060547
1.0870347023010254
1.184067964553833
1.0716404914855957
0.5158672332763672
0.6048793792724609
0.1913142204284668
1.1448118686676025
0.9664793014526367
1.3434789180755615
1.4222462177276611
1.4496941566467285
1.4944705963134766
1.5012447834014893
1.4324469566345215
1.6663999557495117
1.4242300987243652
1.6567509174346924
0.8243324756622314
1.6725363731384277
1.7395882606506348
0.6015148162841797
0.7748498916625977
1.8422253131866455
1.784010887145996
1.849043607711792
1.4391989707946777
1.4626517295837402
1.0185937881469727
1.4581966400146484
1.1489427089691162
1.9674501419067383
1.8823955059051514
1.154543161392212
1.6803207397460938
1.5003390312194824
1.2629849910736084
1.117865800857544
1.2822659015655518
0.8902134895324707
1.9343225955963135
1.3432559967041016
0.9921596050262451
1.2684319019317627
1.99761962890625
0.9503755569458008
0.7108690738677979
0.7374615669250488
1.646235466003418
0.9870245456695557
1.002676248550415
0.8339869976043701
1.7239465713500977
0.9951236248016357
1.6507046222686768
1.3685765266418457
1.4262416362762451
1.6186878681182861
1.5525879859924316
1.5882289409637451
1.155717134475708
1.5641698837280273
1.5956895351409912
1.1245920658111572
1.1240057945251465
1.3250389099121094
2.2447125911712646
2.187277317047119
2.2045373916625977
2.048807382583618
2.1899044513702393
1.5679268836975098
1.6184625625610352
2.1426103115081787
2.301433563232422
2.378558874130249
1.3383259773254395
1.4915614128112793
2.2530617713928223
2.2523550987243652
0.6451456546783447
2.172410726547241
1.739243745803833
1.6792314052581787
1.4392485618591309
1.2937078475952148
2.5779318809509277
2.5528409481048584
1.4360566139221191
2.4060049057006836
1.6760203838348389
1.5398473739624023
1.5744438171386719
0.8246734142303467
1.6671838760375977
1.5424442291259766
2.1519927978515625
2.392465591430664
2.357445240020752
2.7211966514587402
1.2216601371765137
0.8558197021484375
1.754819393157959
1.3087236881256104
1.5884084701538086
2.415098190307617
2.476111650466919
2.1709206104278564
2.3760037422180176
2.330310821533203
1.7282276153564453
1.3325870037078857
1.6622395515441895
1.5144035816192627
2.6456918716430664
2.780106782913208
2.7738044261932373
1.066070795059204
1.8166155815124512
1.9166765213012695
2.4678189754486084
2.0860464572906494
2.366379976272583
1.7764892578125
2.8251471519470215
1.5366933345794678
1.8800609111785889
1.8954391479492188
1.4832484722137451
1.9142801761627197
1.6124398708343506
0.8020431995391846
1.7182612419128418
3.1968801021575928
1.6032664775848389
3.0215020179748535
1.7273786067962646
1.381608009338379
1.400627613067627
1.4041531085968018
1.3635082244873047
1.2777762413024902
1.4699413776397705
2.5673117637634277
1.7769620418548584
1.8433566093444824
2.112842559814453
1.4226253032684326
2.1825902462005615
1.9048004150390625
1.5980236530303955
1.4386322498321533
1.2330071926116943
1.2164030075073242
1.4674022197723389
1.597501277923584
1.2185964584350586
1.8506031036376953
2.9805057048797607
1.8839166164398193
1.5423564910888672
1.8465735912322998
2.6105434894561768
2.5181679725646973
2.147615909576416
2.0964341163635254
1.6119139194488525
1.278458595275879
1.1951065063476562
2.080256462097168
2.3122971057891846
2.037168025970459
2.0169410705566406
2.6604273319244385
2.6345672607421875
2.0372583866119385
2.1358604431152344
2.2901158332824707
2.427427291870117
2.7133007049560547
2.5535309314727783
2.0531365871429443
2.7661447525024414
2.309767723083496
2.6827194690704346
1.4328186511993408
1.4547760486602783
1.3574793338775635
2.146653890609741
2.216973066329956
2.2508115768432617
3.1130521297454834
2.2559618949890137
2.183565616607666
3.1614320278167725
3.08683180809021
2.5227715969085693
0.9000344276428223
0.9337522983551025
1.4280931949615479
1.608250617980957
1.345733404159546
2.034609079360962
1.9805200099945068
2.6732776165008545
2.708926200866699
2.1227736473083496
2.3070476055145264
1.2644529342651367
1.6379294395446777
2.3932583332061768
2.4216725826263428
2.1009085178375244
1.7092170715332031
2.5989601612091064
3.2646100521087646
1.7694060802459717
1.8193917274475098
1.4727723598480225
1.4965660572052002
2.885864019393921
2.475255250930786
2.6990034580230713
2.3801074028015137
1.6085047721862793
1.674924373626709
1.6017858982086182
3.4120452404022217
3.2510275840759277
1.5823302268981934
1.5819692611694336
1.896878957748413
1.798276662826538
1.9674417972564697
1.7930784225463867
1.798797607421875
1.6701853275299072
2.9386651515960693
1.7474708557128906
1.7523462772369385
2.6193630695343018
2.5571610927581787
1.478639841079712
1.664999008178711
1.6092686653137207
1.6544766426086426
1.5304088592529297
2.6686925888061523
2.6670782566070557
2.6605045795440674
2.6688902378082275
3.070146083831787
1.8450284004211426
3.9158942699432373
2.2570104598999023
2.3408007621765137
1.306192398071289
2.1356375217437744
2.876591920852661
1.9396331310272217
1.9265661239624023
1.9220399856567383
1.928786039352417
1.9672105312347412
2.31113338470459
1.4149196147918701
1.7203483581542969
1.763099193572998
1.4987962245941162
1.522904634475708
1.5180301666259766
2.203239679336548
2.168403387069702
1.4553136825561523
1.3225290775299072
1.9788563251495361
1.8941943645477295
2.829134225845337
2.9733381271362305
2.9680235385894775
2.691718816757202
2.9412710666656494
2.7019362449645996
2.9839322566986084
1.6119885444641113
3.0478310585021973
1.6281726360321045
1.9124157428741455
1.9592554569244385
2.1507227420806885
2.113766670227051
2.2474162578582764
1.708620309829712
1.7027878761291504
1.7187309265136719
2.0133957862854004
1.779158115386963
1.7492659091949463
2.2338643074035645
1.577906608581543
1.5930123329162598
2.065946102142334
1.7744336128234863
1.7417628765106201
1.8411273956298828
2.0602874755859375
2.0536553859710693
2.1404154300689697
1.5982987880706787
2.0508322715759277
2.0122437477111816
1.639669418334961
2.084517002105713
2.035064220428467
2.384347438812256
2.5215671062469482
1.724207878112793
1.9079184532165527
1.7283601760864258
0.31148409843444824
1.758866548538208
1.7474539279937744
2.0701448917388916
2.0732827186584473
0.3437926769256592
2.6440815925598145
2.64345645904541
2.1492481231689453
0.3163919448852539
1.81943678855896
0.1615149974822998
1.7819485664367676
1.2491042613983154
1.4980897903442383
2.0242691040039062
1.9776275157928467
1.9873340129852295
1.9878602027893066
2.56976580619812
0.26918888092041016
2.2508203983306885
2.0359675884246826
1.8632214069366455
2.044447183609009
2.1682441234588623
1.9664814472198486
1.9353134632110596
2.1622836589813232
2.4329793453216553
2.0926544666290283
1.9869771003723145
1.7027034759521484
2.284538984298706
2.534512996673584
2.5241575241088867
1.7756798267364502
1.8041434288024902
1.51015043258667
1.5976247787475586
1.524925708770752
0.3856961727142334
2.029148817062378
0.572335958480835
2.394973039627075
2.375950574874878
1.8334524631500244
1.789078950881958
3.1690895557403564
3.0289034843444824
2.2005345821380615
2.244210958480835
1.8805820941925049
2.483668804168701
2.428403377532959
1.947096586227417
2.802819013595581
2.7580885887145996
2.8110058307647705
0.5233757495880127
0.5373456478118896
2.252244472503662
1.7539207935333252
1.7576477527618408
2.904989242553711
1.9767913818359375
2.1089389324188232
1.9740443229675293
2.3419501781463623
0.8242940902709961
1.801811933517456
1.8629467487335205
2.014155626296997
2.0365149974823
1.8508219718933105
1.9222450256347656
2.8049042224884033
2.4949114322662354
2.494549036026001
2.1114180088043213
2.408295154571533
2.109476327896118
2.0805375576019287
0.6617534160614014
3.053563117980957
1.0459439754486084
2.8798935413360596
1.9286324977874756
2.2081968784332275
2.16226863861084
2.098015069961548
2.0306382179260254
2.183741569519043
2.546027183532715
1.0984675884246826
2.056117534637451
2.5890328884124756
3.863980770111084
0.969151496887207
2.1527421474456787
3.126255512237549
3.0616707801818848
1.8477630615234375
1.019683837890625
2.339515209197998
2.2746846675872803
2.3574860095977783
2.162309408187866
2.2313337326049805
2.17105770111084
2.9421916007995605
1.36293625831604
2.211564302444458
1.3446104526519775
1.37711501121521
1.2236580848693848
0.5324907302856445
1.3277435302734375
1.0965685844421387
1.3261234760284424
1.0396182537078857
1.934715747833252
1.9438385963439941
3.0171074867248535
2.377037763595581
2.386012554168701
3.0066754817962646
0.7729370594024658
0.7864186763763428
1.1858270168304443
1.256784200668335
3.275822877883911
3.2461063861846924
3.4747748374938965
3.2236688137054443
3.2192370891571045
1.9899742603302002
3.0698788166046143
3.16816782951355
2.494666576385498
2.505307197570801
2.1927530765533447
2.5471363067626953
2.033618927001953
2.1030735969543457
1.3079524040222168
2.6733908653259277
2.6484873294830322
2.036649465560913
2.2537436485290527
2.630124807357788
2.5516204833984375
2.7282814979553223
2.723731279373169
2.67207407951355
2.708570957183838
2.727811336517334
2.6480517387390137
2.616635322570801
3.1855628490448
2.8295328617095947
2.1055049896240234
2.048004150390625
2.0484275817871094
1.6071476936340332
1.1735641956329346
2.7983992099761963
2.8704636096954346
1.5058856010437012
2.8065831661224365
2.887578010559082
2.690408945083618
2.1289267539978027
1.5237882137298584
2.337712049484253
1.4668493270874023
1.3961436748504639
0.5287132263183594
1.565525770187378
2.108863115310669
1.2283577919006348
1.6501655578613281
2.2451059818267822
2.84244441986084
1.6261253356933594
1.4728248119354248
3.005713939666748
2.9597256183624268
2.9704253673553467
2.310835599899292
2.305570602416992
1.6033174991607666
2.4253640174865723
2.3478217124938965
1.8479869365692139
1.8122906684875488
0.8305094242095947
2.2473304271698
3.037768840789795
1.9318771362304688
1.3399362564086914
1.522390604019165
1.5661423206329346
1.3061776161193848
0.863661527633667
3.514508008956909
2.1487855911254883
3.13108229637146
2.1551480293273926
2.1927545070648193
2.3324687480926514
2.410614252090454
2.336696147918701
2.063880443572998
1.470555067062378
1.9459404945373535
2.5007028579711914
1.0606460571289062
2.5105247497558594
2.4352962970733643
2.431556224822998
2.09094500541687
2.153341054916382
2.034151792526245
1.5949816703796387
1.604069709777832
2.042590379714966
1.590888500213623
3.370497226715088
1.4132678508758545
1.4668245315551758
3.6143932342529297
3.4098029136657715
3.4008781909942627
2.0402519702911377
2.165250778198242
2.201691150665283
2.541348695755005
2.4166152477264404
2.4118125438690186
2.398813009262085
2.3117992877960205
1.2331311702728271
1.2466917037963867
1.521967887878418
1.174079179763794
1.0812954902648926
1.1067445278167725
1.2666020393371582
3.5722997188568115
1.8855087757110596
2.2129266262054443
2.1270766258239746
2.889254570007324
2.8812568187713623
2.8791799545288086
1.652545690536499
1.6267707347869873
2.5332908630371094
1.5904521942138672
1.563413381576538
2.402479410171509
2.5114705562591553
2.4209964275360107
2.3180949687957764
1.240598440170288
2.1378588676452637
2.4790759086608887
2.4610745906829834
2.432476758956909
1.4283115863800049
1.2678518295288086
2.318394899368286
2.3129773139953613
0.4431881904602051
1.7111842632293701
1.8928983211517334
1.8880109786987305
1.6704246997833252
1.5913221836090088
2.324355125427246
2.5360851287841797
0.25945019721984863
3.287882089614868
2.0478198528289795
2.5153250694274902
1.2896311283111572
2.213603973388672
2.081866979598999
2.549847364425659
1.2143540382385254
0.6806957721710205
2.181973457336426
2.641408681869507
2.1565284729003906
2.3542966842651367
2.3188765048980713
2.27154803276062
2.2713847160339355
2.6638777256011963
1.770547866821289
1.836113691329956
1.6431853771209717
2.2357027530670166
1.9056990146636963
1.199995994567871
1.1564335823059082
0.9919815063476562
1.0098888874053955
0.9324634075164795
1.824460506439209
1.6048455238342285
1.5339221954345703
2.328721761703491
0.6978745460510254
0.39040446281433105
0.4434494972229004
2.5456016063690186
2.8940083980560303
1.8722894191741943
2.00508713722229
2.9412519931793213
2.9519169330596924
2.943897247314453
2.1117897033691406
1.6707451343536377
1.5525932312011719
1.696448564529419
2.2211055755615234
1.181258201599121
2.5166423320770264
2.662907123565674
1.5701572895050049
1.5326340198516846
1.5329744815826416
2.0159144401550293
2.035700559616089
2.5740725994110107
2.5252363681793213
3.221090316772461
3.2251386642456055
0.6527810096740723
2.356898069381714
2.3982040882110596
1.394500970840454
1.212658405303955
1.2090973854064941
1.1442172527313232
1.0810511112213135
0.7019326686859131
1.5186810493469238
1.901066541671753
2.113901138305664
2.6260812282562256
1.8846421241760254
1.4086401462554932
2.745185375213623
2.311591863632202
3.4639508724212646
3.4649789333343506
3.4649031162261963
2.6651175022125244
1.9509363174438477
2.8219997882843018
2.7614173889160156
2.7931764125823975
1.8768846988677979
2.3187830448150635
2.3205337524414062
2.5880751609802246
2.67521333694458
2.283907651901245
2.2850615978240967
2.284886360168457
1.7716631889343262
2.0165252685546875
2.0311877727508545
2.021230697631836
2.985142946243286
2.8573036193847656
2.874373197555542
2.8362457752227783
3.5593302249908447
1.2310080528259277
1.405184030532837
1.9398283958435059
1.8088300228118896
1.7790708541870117
1.779597282409668
1.0591628551483154
0.982548713684082
1.0849931240081787
1.5802249908447266
3.7282330989837646
2.756594657897949
2.7380642890930176
1.9454705715179443
1.696420431137085
1.701033115386963
2.8175978660583496
2.7627224922180176
2.006430149078369
1.9116034507751465
2.64104962348938
2.646667718887329
3.3632969856262207
1.1743664741516113
1.2009649276733398
0.7710192203521729
0.4176328182220459
1.5772926807403564
1.4802851676940918
1.729827642440796
3.954108715057373
2.3968546390533447
1.278566598892212
0.5213272571563721
0.5858416557312012
0.517082691192627
2.0198025703430176
1.1398167610168457
0.966254472732544
1.2172191143035889
1.2146167755126953
2.0318009853363037
1.700103759765625
0.6977694034576416
2.576939582824707
1.2766823768615723
1.637087345123291
1.6486940383911133
1.1858468055725098
1.158761739730835
3.163729429244995
1.2213308811187744
2.596630573272705
2.656494379043579
1.4529619216918945
1.7228152751922607
0.51212477684021
1.3330028057098389
1.4149670600891113
1.258897066116333
1.572030782699585
2.7564327716827393
1.2941904067993164
1.624664068222046
1.5675780773162842
3.3217804431915283
3.277942419052124
1.4435319900512695
1.976715087890625
1.9862260818481445
1.9745516777038574
1.8375020027160645
1.9407002925872803
1.647831916809082
2.873460531234741
1.0411884784698486
1.045332670211792
0.9740700721740723
1.4158282279968262
1.3546161651611328
0.9115638732910156
1.1827507019042969
1.7381978034973145
1.6636407375335693
0.9133942127227783
0.9063427448272705
1.3189702033996582
1.664978265762329
1.9039406776428223
1.706878900527954
3.3199594020843506
1.5417532920837402
2.9445924758911133
2.9656410217285156
3.0536370277404785
3.0528981685638428
3.433326244354248
1.7202703952789307
1.6647770404815674
1.5812337398529053
1.4303622245788574
1.471407413482666
0.9813036918640137
0.9875423908233643
0.9617369174957275
3.4643490314483643
3.470052480697632
0.38356471061706543
0.3789842128753662
1.771202564239502
1.7815525531768799
1.817962408065796
3.2294065952301025
1.5784730911254883
0.829620361328125
1.4682395458221436
1.52785325050354
3.3765556812286377
1.560093641281128
3.3476779460906982
1.453254222869873
1.46628999710083
1.9517009258270264
1.9162182807922363
3.692655086517334
3.7162153720855713
0.9732322692871094
0.967609167098999
0.920985221862793
0.9570217132568359
3.359041213989258
0.940385103225708
2.0832765102386475
3.964080333709717
3.629575490951538
0.7722287178039551
0.7574551105499268
1.5825040340423584
2.0963337421417236
1.16036057472229
1.205540657043457
0.8983685970306396
0.8215606212615967
3.4938225746154785
1.0631656646728516
1.7009270191192627
4.009588241577148
3.175938367843628
1.0159516334533691
2.2697010040283203
2.220256805419922
3.3611295223236084
3.249990224838257
3.6961259841918945
1.0153684616088867
1.1008782386779785
1.076390266418457
0.8633620738983154
0.8694038391113281
0.8417668342590332
2.37434983253479
2.3385276794433594
3.366218328475952
1.8420062065124512
1.8511195182800293
3.798257827758789
3.8142433166503906
0.39798998832702637
0.6772141456604004
0.6606967449188232
0.9868123531341553
3.776655912399292
3.845843553543091
0.31211328506469727
0.9007811546325684
1.3255419731140137
1.3192901611328125
2.013265371322632
2.115799903869629
1.9167213439941406
1.9190011024475098
3.8659911155700684
1.889533519744873
4.003392934799194
3.869800329208374
2.5916850566864014
3.566013813018799
1.42354154586792
1.4142563343048096
3.594447612762451
1.2609329223632812
1.2688300609588623
1.2728452682495117
1.2355773448944092
1.239487886428833
2.7616477012634277
0.9522800445556641
0.9797017574310303
1.0344970226287842
0.9696581363677979
1.0168685913085938
3.6319992542266846
1.2381360530853271
0.42051172256469727
3.2937965393066406
1.3411474227905273
1.6268284320831299
1.6461405754089355
2.912872552871704
0.9322872161865234
2.894508123397827
0.851048469543457
3.743720769882202
3.795369863510132
3.677311897277832
3.655191421508789
3.98042368888855
3.6629152297973633
1.4361650943756104
2.986586093902588
1.4781169891357422
1.0419023036956787
1.04240083694458
1.333428144454956
0.7346265316009521
0.783193826675415
0.7315833568572998
0.5103356838226318
3.0760586261749268
0.6416020393371582
1.2659268379211426
3.136366367340088
3.136159658432007
1.3854455947875977
1.231377363204956
0.334414005279541
3.258452892303467
4.081122159957886
2.7332563400268555
0.8287627696990967
0.5655725002288818
0.8297538757324219
0.835176944732666
0.6984519958496094
0.6589539051055908
1.0047457218170166
0.8032252788543701
0.8633601665496826
0.9394254684448242
0.891979455947876
1.425844430923462
0.539522647857666
0.6504814624786377
0.8474187850952148
0.8911404609680176
0.884441614151001
1.5277409553527832
1.4916679859161377
2.9666800498962402
2.8949413299560547
2.910064220428467
2.8247318267822266
2.8283803462982178
0.9984536170959473
1.005164623260498
2.890641689300537
0.326296329498291
0.7840476036071777
0.8346033096313477
0.8746950626373291
0.6563019752502441
2.848026752471924
3.5376625061035156
3.541912794113159
1.574824333190918
1.556910753250122
1.5256543159484863
1.6711759567260742
1.5206434726715088
0.8506624698638916
0.801184892654419
0.8765840530395508
2.9411988258361816
3.6379449367523193
3.8947784900665283
3.863100051879883
0.9160752296447754
0.8012585639953613
3.0540716648101807
3.642871856689453
3.106109142303467
0.6928143501281738
3.6790099143981934
3.6760802268981934
0.9551141262054443
0.89955735206604
1.0816824436187744
0.9213793277740479
0.8542177677154541
3.685014247894287
4.116210460662842
4.126931667327881
0.378556489944458
3.2536442279815674
3.2028253078460693
0.5471816062927246
3.9250924587249756
0.4113955497741699
0.9316468238830566
4.093841552734375
0.9345047473907471
4.352071285247803
2.6564369201660156
3.290255308151245
0.7077465057373047
2.744235038757324
2.68314528465271
1.0448908805847168
0.1957697868347168
3.250523567199707
0.8427066802978516
1.1883165836334229
0.7474873065948486
0.6920270919799805
0.5937132835388184
0.6282310485839844
2.81416654586792
2.8376781940460205
3.230506420135498
3.148050546646118
1.1963887214660645
3.5587518215179443
3.5474231243133545
0.9113614559173584
0.8982157707214355
3.2403273582458496
2.999906063079834
4.732922792434692
1.2683823108673096
2.971503734588623
3.686962366104126
1.3143584728240967
1.3108704090118408
1.2195470333099365
1.3193604946136475
1.2204229831695557
1.1199791431427002
3.770357370376587
0.6337897777557373
0.6451437473297119
0.8551614284515381
0.7411403656005859
3.8749423027038574
1.203972339630127
3.187159776687622
3.224518060684204
3.515664577484131
4.63255763053894
3.516350507736206
0.6598854064941406
0.5793540477752686
0.9981095790863037
0.6660397052764893
3.955322504043579
5.0034143924713135
1.320021390914917
3.801156520843506
1.2972207069396973
1.1936192512512207
4.204343318939209
0.774458646774292
4.1767356395721436
4.14245080947876
4.194530487060547
0.7942445278167725
3.882065534591675
3.868814468383789
3.5152342319488525
3.474158763885498
4.242867469787598
1.1989710330963135
1.3583948612213135
1.1970305442810059
4.19816517829895
1.386842966079712
0.5073325634002686
1.299299955368042
0.895179033279419
3.908069610595703
0.8979372978210449
0.8584067821502686
0.46068835258483887
3.461653470993042
0.6617751121520996
0.7386045455932617
0.7972207069396973
2.659142017364502
2.609778642654419
2.651517868041992
2.6649792194366455
3.6813504695892334
2.616461753845215
0.6979169845581055
0.6938385963439941
1.1553642749786377
1.7112236022949219
0.9114880561828613
0.9186270236968994
0.8328380584716797
1.2444498538970947
3.6752912998199463
3.799630880355835
3.7474703788757324
0.920203447341919
1.3701441287994385
0.35217905044555664
0.9755909442901611
0.9630370140075684
0.9408912658691406
1.4975743293762207
0.975013256072998
1.0128576755523682
1.4458892345428467
1.3834502696990967
1.3764114379882812
0.6420283317565918
0.6502740383148193
1.3643319606781006
0.6178877353668213
1.4260830879211426
3.6442461013793945
3.896442174911499
0.5933711528778076
1.0717949867248535
1.1344010829925537
1.0454506874084473
0.8879389762878418
0.9813928604125977
0.9115283489227295
0.6669189929962158
3.3014326095581055
3.8170759677886963
3.788299798965454
3.778188943862915
4.087791442871094
0.9990215301513672
3.349097728729248
3.8634486198425293
4.242436647415161
0.8914361000061035
0.5239536762237549
3.4560184478759766
0.47837066650390625
0.5359325408935547
1.1047091484069824
3.923471689224243
0.7381367683410645
4.325619220733643
3.981363534927368
0.7720069885253906
1.2135565280914307
4.354028224945068
4.323233604431152
3.7358367443084717
3.9996397495269775
0.8821489810943604
3.608172655105591
0.9389703273773193
0.7006635665893555
4.081888675689697
4.081303596496582
4.4757678508758545
4.465383529663086
1.5243933200836182
0.283632755279541
3.6646440029144287
0.8032796382904053
4.805814027786255
4.552020072937012
0.337665319442749
0.3758060932159424
3.680302858352661
3.6993491649627686
1.0300958156585693
0.98337721824646
4.363393306732178
1.716984748840332
0.41123151779174805
3.7683236598968506
0.9311437606811523
0.9600110054016113
0.9141581058502197
3.5941953659057617
0.6842954158782959
0.6986536979675293
0.4603102207183838
1.1236610412597656
1.1635632514953613
3.6777684688568115
3.6831576824188232
1.7895092964172363
3.9387223720550537
0.5732266902923584
1.2661406993865967
2.2202258110046387
1.2043955326080322
1.3078718185424805
1.9529201984405518
1.9262151718139648
4.256853818893433
4.620117902755737
3.8798954486846924
3.7858099937438965
4.127187967300415
4.730423450469971
4.808229923248291
0.7367639541625977
1.3683381080627441
0.689340353012085
2.16792631149292
3.8731515407562256
3.9848766326904297
2.216836929321289
4.269112825393677
0.18202710151672363
4.861366271972656
0.7972800731658936
0.8096601963043213
0.7326650619506836
0.6524426937103271
4.3995912075042725
2.3781023025512695
2.2898354530334473
2.216468334197998
2.206737756729126
2.2265210151672363
4.447165489196777
4.385263442993164
4.192169189453125
1.0242366790771484
1.0771329402923584
0.18166255950927734
1.0718095302581787
1.0873425006866455
5.174386501312256
5.068272590637207
3.864055633544922
4.009906053543091
4.417077302932739
4.422953367233276
3.4767942428588867
3.285447359085083
3.299053430557251
3.2104735374450684
4.189619541168213
4.301890134811401
4.2888898849487305
4.221779108047485
1.8878064155578613
1.9273838996887207
1.2061750888824463
1.850290298461914
1.7084126472473145
1.6969530582427979
1.6340911388397217
4.071240425109863
4.510445833206177
3.8230748176574707
2.658087730407715
3.78818416595459
3.7938077449798584
3.9782629013061523
1.243502140045166
3.977670669555664
1.1923596858978271
1.1590538024902344
5.538355827331543
4.051134824752808
0.8451182842254639
1.3164236545562744
4.142525672912598
1.2206318378448486
4.150056600570679
4.1536970138549805
1.1338417530059814
4.182903051376343
3.75374436378479
1.2976443767547607
1.2721083164215088
1.0729529857635498
0.6875278949737549
1.2505180835723877
0.9670436382293701
1.001819372177124
0.9603509902954102
1.450425148010254
1.5287940502166748
3.7986342906951904
1.505903720855713
1.515256643295288
1.542628288269043
1.4727308750152588
3.8904824256896973
4.185394525527954
1.3227896690368652
1.0650691986083984
1.038928747177124
1.0884928703308105
1.6408262252807617
4.169410705566406
1.3414480686187744
1.3301920890808105
3.4980309009552
1.2897615432739258
1.3388819694519043
1.2959511280059814
0.27138447761535645
4.079795598983765
4.100893497467041
3.936691999435425
4.225782155990601
1.2443623542785645
4.15345311164856
1.5012023448944092
1.246945858001709
4.2311553955078125
3.0906341075897217
5.040764331817627
3.9608707427978516
3.5734095573425293
3.581428050994873
3.6796352863311768
3.2102415561676025
1.286177396774292
1.308332920074463
4.0574963092803955
4.147908449172974
0.48734474182128906
1.0037798881530762
1.0155270099639893
0.9283771514892578
0.753899335861206
1.6347250938415527
1.7240862846374512
4.141230583190918
1.2142245769500732
1.4233882427215576
4.156040668487549
1.4085545539855957
3.296403169631958
1.4593486785888672
0.991412878036499
1.1289174556732178
0.6703660488128662
1.7426958084106445
1.6709160804748535
4.3216331005096436
3.3958754539489746
3.9070546627044678
1.5113205909729004
1.511786699295044
1.5174801349639893
1.8099658489227295
1.4761300086975098
1.4825561046600342
1.6587677001953125
1.652263879776001
3.9502694606781006
4.2649030685424805
3.0010905265808105
0.7821388244628906
3.5545856952667236
1.980445384979248
3.865652322769165
4.099293947219849
0.29698681831359863
4.377156972885132
1.7177085876464844
1.5347959995269775
3.5454189777374268
2.3784666061401367
2.0701744556427
1.0844802856445312
0.9282245635986328
1.0547962188720703
0.9504179954528809
1.5693552494049072
1.3654232025146484
1.3660295009613037
1.3639161586761475
1.244180679321289
3.3363912105560303
4.186816453933716
3.996169090270996
3.9188287258148193
4.862477779388428
3.2710037231445312
3.236682653427124
0.5644741058349609
1.260178565979004
3.26574969291687
3.9186160564422607
3.9112260341644287
0.8861713409423828
0.8796849250793457
0.8257322311401367
4.36543607711792
4.358710765838623
4.508431434631348
1.2370588779449463
1.118314266204834
1.4556593894958496
3.945591926574707
4.109900951385498
0.41116762161254883
0.9515705108642578
4.436224937438965
1.392547845840454
3.4681079387664795
3.434657335281372
4.12878942489624
1.4346225261688232
2.658625364303589
1.081566333770752
3.5728518962860107
3.29836368560791
1.1237940788269043
0.665499210357666
4.1314918994903564
0.8767147064208984
0.9059841632843018
0.9393761157989502
0.9512279033660889
3.6782326698303223
1.5907402038574219
1.5944538116455078
1.4700806140899658
1.4157743453979492
1.4930412769317627
3.4112982749938965
3.411200761795044
1.683445930480957
0.31200146675109863
0.946448564529419
3.7810099124908447
3.719961643218994
1.4754509925842285
3.6892552375793457
3.565308094024658
3.4378252029418945
4.309169769287109
1.3228058815002441
1.58351469039917
1.6056149005889893
1.565018892288208
3.5015010833740234
3.532625436782837
3.6223769187927246
1.6656572818756104
1.4243848323822021
1.6523277759552002
1.193800926208496
1.6543028354644775
1.1352896690368652
1.5711112022399902
1.6977789402008057
3.594144821166992
0.5485303401947021
1.3108766078948975
1.3101422786712646
4.740155220031738
1.8333923816680908
1.2318215370178223
1.6124114990234375
1.501173496246338
3.842776298522949
5.434081792831421
1.2209208011627197
3.799591541290283
3.7747817039489746
0.8375344276428223
3.6817026138305664
3.1919455528259277
1.5656211376190186
1.3866164684295654
1.2883214950561523
3.2054874897003174
1.2394003868103027
1.7517411708831787
1.6995959281921387
1.883563756942749
1.6831703186035156
1.765594244003296
0.6652512550354004
0.9568274021148682
0.9219260215759277
5.1196606159210205
3.9849231243133545
3.238645315170288
3.243318796157837
0.9891057014465332
3.8687236309051514
3.940176486968994
1.4600002765655518
1.5724544525146484
1.6179437637329102
1.3879611492156982
1.493091344833374
1.4532411098480225
3.4315524101257324
3.3167853355407715
3.8675379753112793
4.000643253326416
4.055614471435547
0.9171078205108643
0.8255131244659424
0.9500596523284912
1.5053091049194336
3.791616201400757
3.6216163635253906
0.9408164024353027
5.3846306800842285
1.5689446926116943
1.6626274585723877
0.1940782070159912
1.0761826038360596
1.0611541271209717
0.9815034866333008
5.456261873245239
4.091742753982544
4.042109727859497
4.091692924499512
4.05596137046814
0.7685549259185791
3.540799379348755
3.4312546253204346
3.224074363708496
3.1686365604400635
1.6609714031219482
1.1577913761138916
1.8761622905731201
1.1802198886871338
0.8708009719848633
3.259793519973755
2.1513020992279053
1.636462926864624
1.7186262607574463
1.545135259628296
1.579124927520752
1.5835516452789307
0.9498481750488281
1.2113511562347412
3.3487157821655273
3.6856882572174072
1.0672693252563477
3.5129270553588867
4.252888441085815
4.297188758850098
1.2528738975524902
3.6461994647979736
1.260685682296753
3.354116678237915
2.452500820159912
0.5698833465576172
1.1127784252166748
1.1220579147338867
1.1180212497711182
3.147888422012329
3.441147565841675
3.487938165664673
2.5929040908813477
2.111384630203247
3.333393096923828
3.6362955570220947
3.2720015048980713
1.316145420074463
4.081131458282471
1.3077890872955322
1.2311804294586182
1.4681220054626465
1.6629955768585205
0.630772590637207
0.44599294662475586
1.6778090000152588
1.0016429424285889
3.7442123889923096
0.872683048248291
0.8691089153289795
0.8703799247741699
1.410491943359375
1.2876429557800293
1.2420129776000977
1.2415518760681152
1.2751259803771973
2.910229444503784
0.5159657001495361
3.6578192710876465
3.6965227127075195
3.5328266620635986
3.532536268234253
1.0741338729858398
3.003657341003418
3.827831506729126
4.532363653182983
3.0220353603363037
3.0264110565185547
1.2344081401824951
1.2301175594329834
3.06087589263916
1.1055092811584473
1.105804204940796
0.793464183807373
0.8210577964782715
0.8468894958496094
0.4966773986816406
3.9654085636138916
0.5811684131622314
3.752439260482788
3.8636996746063232
3.870283842086792
4.001241445541382
3.58449649810791
0.5369369983673096
3.764230728149414
3.526376485824585
3.5223724842071533
3.514718770980835
0.4777379035949707
1.3851559162139893
1.3222622871398926
1.3435888290405273
1.338200330734253
0.79632568359375
1.00433349609375
0.5529515743255615
3.359299898147583
0.797626256942749
0.8495752811431885
1.217010736465454
3.343881607055664
1.5769429206848145
1.0195503234863281
1.4924211502075195
2.648484468460083
1.5515305995941162
1.6006689071655273
1.4854743480682373
1.675157070159912
0.47398948669433594
3.5222151279449463
0.7880458831787109
0.795285701751709
3.6605865955352783
3.6096384525299072
1.1313426494598389
1.1216416358947754
1.1472201347351074
2.813321590423584
2.812192916870117
2.5759663581848145
3.706934928894043
1.1831321716308594
0.5763468742370605
0.6475255489349365
3.8164169788360596
2.711641550064087
2.724919557571411
3.5854451656341553
3.6092541217803955
4.043017864227295
2.802699089050293
1.4432168006896973
1.3015823364257812
1.0479979515075684
0.5522186756134033
1.1140077114105225
1.1019608974456787
2.8962059020996094
3.8198344707489014
3.8304927349090576
3.7881577014923096
1.0653159618377686
1.1090128421783447
1.521857738494873
0.6622440814971924
3.885392665863037
3.8143889904022217
3.797140121459961
1.17069411277771
3.9882864952087402
1.0150980949401855
3.8947250843048096
3.8848655223846436
1.2253687381744385
3.1682841777801514
3.11700177192688
1.2540557384490967
0.8217272758483887
1.266298770904541
1.202040195465088
4.147339344024658
3.984959125518799
3.970111608505249
0.5535728931427002
0.5413179397583008
0.5541026592254639
1.9655189514160156
1.3646128177642822
3.5252292156219482
3.269681930541992
3.380735397338867
3.2912611961364746
1.22763991355896
1.2214820384979248
1.2801456451416016
1.0824000835418701
3.937742233276367
0.8767404556274414
1.3360891342163086
0.18360471725463867
1.6885347366333008
4.31498646736145
4.232180118560791
1.2507522106170654
1.1178665161132812
3.608689546585083
1.1746435165405273
1.1799843311309814
4.263864755630493
3.396949529647827
1.4495351314544678
1.3407137393951416
2.9835855960845947
3.780073404312134
3.5313313007354736
4.480829238891602
3.0548439025878906
1.6510210037231445
1.886859655380249
3.588942766189575
3.8799240589141846
3.8761160373687744
3.61496639251709
1.2534167766571045
4.8207666873931885
3.6804943084716797
0.5489106178283691
0.5457100868225098
1.2426657676696777
1.118417739868164
1.805875301361084
3.681032657623291
0.5974578857421875
1.664367914199829
4.788575172424316
4.304461479187012
3.3510255813598633
3.3468587398529053
1.4523251056671143
1.3765132427215576
1.3789825439453125
1.1955986022949219
3.801948308944702
4.106945991516113
4.215917110443115
4.193404912948608
4.163513660430908
1.4015998840332031
4.931664228439331
3.296748399734497
0.71122145652771
0.6313276290893555
3.897977828979492
1.3313593864440918
3.3917014598846436
4.227513074874878
1.3385417461395264
4.215889930725098
4.224245071411133
1.316955804824829
1.2715113162994385
1.2181992530822754
1.601877212524414
4.171708106994629
1.3734784126281738
3.96049165725708
3.9601919651031494
1.7005865573883057
1.4630529880523682
1.5443947315216064
1.4606225490570068
4.420133113861084
1.5660302639007568
1.668928623199463
3.611341953277588
3.6045045852661133
0.43113136291503906
3.3731765747070312
3.4156761169433594
3.525587320327759
3.3685669898986816
3.4436395168304443
0.821810245513916
1.067350149154663
4.232667684555054
4.232218265533447
1.5903785228729248
1.702761173248291
1.4601805210113525
1.638366937637329
1.4713239669799805
1.6028401851654053
1.5159752368927002
1.4692094326019287
1.4340672492980957
0.6258542537689209
4.406553506851196
1.2070021629333496
4.53871750831604
0.8471529483795166
3.452183485031128
1.461428165435791
3.9091837406158447
3.875021457672119
4.5972185134887695
0.9667794704437256
1.3022243976593018
0.9684937000274658
1.3344504833221436
1.6967570781707764
1.4599237442016602
1.3550572395324707
3.3624229431152344
4.104872941970825
4.084566831588745
1.2770450115203857
3.0966012477874756
3.206200361251831
1.1956870555877686
3.2439005374908447
4.174947023391724
4.128988265991211
5.019057750701904
1.5232443809509277
1.3988969326019287
0.33533215522766113
1.675802230834961
1.5897881984710693
4.300796031951904
3.8612279891967773
3.858336925506592
1.2703540325164795
0.36934566497802734
1.3896138668060303
1.3427948951721191
1.4739294052124023
4.257009506225586
4.202349424362183
3.9457573890686035
3.349928379058838
3.389681100845337
1.311767339706421
1.4562573432922363
4.061450004577637
4.055727481842041
1.8764967918395996
1.8757610321044922
2.543100357055664
3.5244693756103516
0.43392014503479004
1.3344712257385254
1.8054962158203125
1.2983207702636719
1.9502158164978027
1.5839521884918213
1.7115674018859863
1.5768969058990479
3.481297492980957
4.218688249588013
4.44664454460144
4.446326971054077
1.4218089580535889
1.0164923667907715
1.7159209251403809
1.7161827087402344
3.689483642578125
1.726344108581543
2.616610050201416
4.369811773300171
0.6343197822570801
0.7253463268280029
3.64984130859375
2.761251211166382
4.9065234661102295
4.360202312469482
1.688798427581787
1.659038782119751
1.5578060150146484
3.724958658218384
1.8950552940368652
1.9701526165008545
1.9734866619110107
1.9071860313415527
2.5287623405456543
4.575816631317139
4.37324857711792
1.2040095329284668
1.202138900756836
0.748798131942749
4.863912582397461
1.822267770767212
3.8704776763916016
1.7486772537231445
1.3172986507415771
4.5499653816223145
0.8697819709777832
2.6669886112213135
1.8315212726593018
3.9671640396118164
1.3414208889007568
3.8493056297302246
3.8464877605438232
3.832646608352661
1.9058704376220703
2.6757819652557373
1.9573204517364502
1.9424195289611816
2.952531576156616
1.848926305770874
2.7473950386047363
1.424281358718872
4.072979211807251
4.063348054885864
0.9513158798217773
1.0938618183135986
0.9981241226196289
0.9539189338684082
1.4846446514129639
1.370298147201538
3.8471596240997314
3.9954562187194824
4.387670040130615
4.048424482345581
2.8130757808685303
3.0765132904052734
1.3437328338623047
4.239373445510864
0.35304737091064453
5.612289905548096
2.9008474349975586
1.1390018463134766
1.1354198455810547
1.0805795192718506
1.0679254531860352
0.5193777084350586
4.020528793334961
2.0301218032836914
1.9647846221923828
1.9762842655181885
1.9733030796051025
2.3954098224639893
1.4383530616760254
1.471895456314087
0.3400290012359619
1.2838046550750732
1.2762987613677979
1.281543254852295
3.0749270915985107
4.156582832336426
4.213777303695679
1.6443870067596436
1.7360026836395264
3.1595659255981445
2.8211753368377686
1.5705316066741943
4.269103765487671
4.266639232635498
4.274845361709595
3.2647440433502197
0.5948259830474854
1.6411936283111572
2.9128682613372803
1.521820068359375
1.4663236141204834
1.526291847229004
4.571098804473877
4.363266468048096
0.9471938610076904
3.3148248195648193
3.0100622177124023
2.953456163406372
0.6489698886871338
3.510164499282837
3.345175266265869
4.472772836685181
2.9913170337677
1.6792585849761963
3.6348676681518555
1.1370956897735596
1.6325058937072754
0.7207450866699219
0.67854905128479
1.176194429397583
3.9582114219665527
3.0858194828033447
1.6998987197875977
0.3542649745941162
1.641582727432251
3.205770492553711
1.7355611324310303
1.7887957096099854
3.593898057937622
1.312575340270996
1.7503883838653564
1.7022755146026611
3.5663368701934814
3.8502466678619385
4.526859998703003
1.794492483139038
3.6057162284851074
3.372734546661377
1.3917675018310547
1.510565996170044
1.2555203437805176
1.6007192134857178
1.8121473789215088
3.781805992126465
2.9419331550598145
3.046086311340332
1.8566155433654785
3.43873929977417
3.234494924545288
1.0147058963775635
1.027843952178955
0.8727569580078125
0.8479385375976562
3.797178030014038
3.6869914531707764
1.194432258605957
4.696423530578613
3.637927293777466
1.1830246448516846
3.636735439300537
1.1801207065582275
2.777312755584717
0.6428587436676025
0.8979499340057373
0.8932585716247559
1.0789852142333984
1.534553050994873
1.5341103076934814
1.5381929874420166
2.0099761486053467
3.0415565967559814
3.1663880348205566
1.529693365097046
1.980177879333496
1.4944262504577637
2.878391742706299
1.6817660331726074
1.8764872550964355
2.2227694988250732
1.171494722366333
1.1263096332550049
1.2094058990478516
1.1047921180725098
3.1325175762176514
3.180975914001465
1.4577741622924805
3.0683202743530273
3.0610239505767822
2.328213930130005
0.8725647926330566
0.9903895854949951
0.8862032890319824
0.7626180648803711
0.6292524337768555
3.277690887451172
3.175140380859375
1.6957485675811768
3.3490607738494873
3.271374225616455
3.2238011360168457
2.4275457859039307
2.3834218978881836
3.1477482318878174
3.3121840953826904
1.051206111907959
0.9833483695983887
1.0054662227630615
1.4351165294647217
1.426926851272583
1.252119541168213
1.1151375770568848
1.195369005203247
1.365116834640503
1.5362422466278076
0.7872354984283447
0.7801997661590576
3.251506805419922
3.614820957183838
2.458062171936035
2.67698335647583
2.6720011234283447
2.452393054962158
2.5706419944763184
2.9418931007385254
2.98477840423584
2.9076743125915527
3.058901071548462
3.6883513927459717
2.9698486328125
1.1273813247680664
3.460422992706299
1.0608794689178467
0.9756524562835693
1.107618808746338
1.08241605758667
1.1068787574768066
1.0929553508758545
1.0903785228729248
1.339470624923706
3.0731120109558105
2.9984312057495117
3.520399808883667
3.5401806831359863
1.25620698928833
3.5126497745513916
2.7058584690093994
1.4009387493133545
1.4125261306762695
3.174088954925537
2.3575005531311035
3.249983549118042
2.3630893230438232
1.518122911453247
2.8828465938568115
1.4839389324188232
1.631826639175415
1.741178035736084
1.345689296722412
2.978560447692871
2.3612217903137207
3.7006826400756836
3.7696142196655273
1.343045711517334
1.7045235633850098
1.767575740814209
1.6783723831176758
3.397533655166626
1.4743895530700684
1.4092516899108887
3.9448161125183105
3.1174402236938477
3.1732373237609863
1.137805700302124
1.5722298622131348
1.4485411643981934
1.579413890838623
2.091256856918335
1.5034615993499756
1.5060577392578125
3.2554104328155518
3.2622175216674805
2.618889808654785
1.5714435577392578
1.2260644435882568
0.30440187454223633
1.1839325428009033
1.0831849575042725
1.1282165050506592
0.20178461074829102
2.6938560009002686
1.5940685272216797
1.5667855739593506
3.3840038776397705
3.276139497756958
2.2849698066711426
2.2715330123901367
3.3744900226593018
1.4372787475585938
1.2735497951507568
1.4771060943603516
1.4773521423339844
2.8789403438568115
2.85965895652771
1.9823417663574219
1.7350587844848633
2.4341371059417725
1.523085355758667
2.0172674655914307
3.5445523262023926
2.5082101821899414
2.449756145477295
1.6476564407348633
3.0782625675201416
2.5070078372955322
2.554203987121582
3.0878193378448486
2.607316017150879
2.6440439224243164
0.9350934028625488
1.8578805923461914
1.5027496814727783
1.8177175521850586
1.792271375656128
1.829904556274414
1.6914832592010498
1.723931074142456
1.3250627517700195
1.3851051330566406
3.275437355041504
1.0365047454833984
3.8187756538391113
2.264895439147949
2.261545181274414
3.8602118492126465
3.8430562019348145
3.8078017234802246
3.800752878189087
1.5707595348358154
3.7914655208587646
1.6063923835754395
3.7890472412109375
1.514373540878296
1.5906531810760498
1.583916425704956
3.8069908618927
1.0087864398956299
2.776423454284668
1.8251845836639404
1.6994917392730713
1.6519618034362793
2.624575138092041
1.6997716426849365
1.5089836120605469
3.3719615936279297
1.044029712677002
0.9801621437072754
1.5454037189483643
1.541152000427246
1.4268255233764648
0.9670660495758057
2.8630971908569336
2.846487522125244
1.0576531887054443
3.4744441509246826
3.4038186073303223
1.7834010124206543
1.0562973022460938
1.039536714553833
2.1224679946899414
1.232358455657959
1.518660545349121
1.522312879562378
1.6389532089233398
1.156574010848999
3.504539728164673
3.740172863006592
2.9916133880615234
1.2648539543151855
3.034353733062744
1.3232312202453613
3.6075191497802734
3.845515251159668
3.6075005531311035
3.5352234840393066
3.630383014678955
3.6115176677703857
0.6685545444488525
0.8074119091033936
0.6983580589294434
1.325695514678955
1.381155252456665
1.379215955734253
1.1701867580413818
1.2712914943695068
1.1652090549468994
1.6561024188995361
0.8165600299835205
3.3698978424072266
0.5725836753845215
0.5724432468414307
2.975693464279175
1.4078140258789062
1.7478992938995361
1.0345053672790527
3.293355941772461
3.1875085830688477
2.989945650100708
2.9248452186584473
1.0168416500091553
3.3881382942199707
0.9433808326721191
0.9468996524810791
1.5460350513458252
3.3765923976898193
3.060397148132324
1.1212196350097656
1.1307554244995117
1.6311309337615967
1.628922939300537
3.5960397720336914
3.4786527156829834
3.4176058769226074
3.356903314590454
0.5080416202545166
3.3577497005462646
3.194216251373291
1.2081010341644287
1.1946051120758057
1.2078595161437988
1.194157600402832
1.071613073348999
1.668461799621582
1.7432219982147217
1.866783618927002
1.604968786239624
3.2193844318389893
1.3162140846252441
1.308513879776001
1.3126540184020996
1.1166925430297852
1.100703239440918
1.0334150791168213
1.075214147567749
2.947556734085083
1.7188005447387695
3.399803876876831
1.4054110050201416
3.2713921070098877
3.0579357147216797
3.1321957111358643
0.8879354000091553
1.2900669574737549
3.0596671104431152
3.584883689880371
3.50454044342041
1.6209444999694824
0.9785442352294922
1.1226248741149902
1.1495020389556885
0.9646124839782715
0.922637939453125
1.5394868850708008
2.9043304920196533
1.3717265129089355
1.375967025756836
3.83337140083313
3.1614770889282227
3.1975808143615723
1.6339597702026367
1.373119592666626
0.9825394153594971
0.598935604095459
3.2280304431915283
3.720482349395752
3.7170729637145996
3.7100110054016113
1.7482116222381592
1.384577989578247
1.7421016693115234
3.6873440742492676
3.7240662574768066
1.0769193172454834
1.0492866039276123
3.4246909618377686
3.3601813316345215
3.2448835372924805
1.47076416015625
3.777416467666626
3.29280424118042
2.825212001800537
2.9442410469055176
1.9948925971984863
1.6200616359710693
1.5916621685028076
1.647958517074585
1.6555743217468262
1.6335868835449219
1.6484041213989258
2.1068902015686035
1.6546168327331543
1.6517064571380615
3.450427770614624
3.465419054031372
0.6750290393829346
1.2807190418243408
1.1655969619750977
1.0838983058929443
1.0567827224731445
1.302898645401001
1.0039236545562744
2.1355676651000977
2.242269277572632
2.123162031173706
2.9668614864349365
1.9683878421783447
2.2228240966796875
0.2538776397705078
3.4894397258758545
2.0605640411376953
1.7578990459442139
1.725738286972046
1.3008599281311035
1.4489498138427734
1.380267858505249
1.785008430480957
3.168074369430542
1.2829477787017822
1.2282814979553223
3.612598180770874
3.2823691368103027
0.9946386814117432
2.6477344036102295
3.6918609142303467
3.2595579624176025
0.26059675216674805
2.591961145401001
2.659897804260254
1.149003267288208
2.665792465209961
1.1468076705932617
1.0471093654632568
3.049793004989624
3.372188091278076
3.345205307006836
3.2843196392059326
3.248495578765869
3.196981906890869
3.1544923782348633
1.5198330879211426
1.4840219020843506
1.693424940109253
1.708916425704956
3.061521530151367
2.6157402992248535
0.51772141456604
4.172298908233643
3.1833736896514893
2.9942145347595215
1.9339661598205566
1.3257315158843994
1.386211633682251
1.5122795104980469
3.272834300994873
2.65128231048584
2.76214861869812
3.2650394439697266
0.9347677230834961
1.6536641120910645
1.7519147396087646
1.607325792312622
1.5385024547576904
1.5254430770874023
1.6121690273284912
2.8548262119293213
4.260828733444214
1.9685323238372803
2.1355955600738525
3.4435787200927734
0.7525584697723389
0.8545215129852295
2.0349667072296143
2.2956719398498535
2.2834525108337402
2.032111883163452
1.533193826675415
2.0481784343719482
2.0554425716400146
2.0669963359832764
3.496697425842285
4.35068154335022
3.452792167663574
2.9404985904693604
1.571396827697754
1.55572509765625
2.96581768989563
1.1778793334960938
1.587205410003662
1.3787884712219238
1.1745736598968506
1.1875052452087402
1.1732203960418701
1.173541784286499
1.1781182289123535
1.1923437118530273
3.376491069793701
2.997642993927002
2.98164439201355
1.753955364227295
1.7304630279541016
1.7798748016357422
3.708545684814453
3.730264902114868
0.8763360977172852
0.8743433952331543
2.5555100440979004
3.12253999710083
3.100233793258667
0.5674889087677002
1.1515321731567383
1.1607327461242676
3.135868787765503
0.9319031238555908
1.8752281665802002
1.8697361946105957
1.924222469329834
2.7132365703582764
2.7532405853271484
2.5829782485961914
2.586594581604004
2.514335870742798
2.4828431606292725
2.4701085090637207
4.010947227478027
4.101376295089722
4.165248870849609
3.2182705402374268
0.3660123348236084
0.2314605712890625
0.8788061141967773
0.9760079383850098
1.080841064453125
1.8762290477752686
1.8549542427062988
1.8034920692443848
1.8906047344207764
3.210479497909546
1.7642343044281006
1.8535053730010986
1.8291041851043701
1.0996737480163574
3.220245599746704
3.3577418327331543
0.8672511577606201
2.6762993335723877
1.8806531429290771
1.239955186843872
2.4855339527130127
1.2776150703430176
1.2553367614746094
3.4633965492248535
3.565800905227661
1.0898802280426025
1.0922119617462158
2.949082612991333
0.6934769153594971
0.5693337917327881
3.486481189727783
1.3721566200256348
2.112489938735962
1.4769306182861328
2.148603677749634
3.0025601387023926
2.2152788639068604
1.2434563636779785
1.2917184829711914
3.6840908527374268
3.672267198562622
2.1786324977874756
3.0486676692962646
3.18312931060791
3.108560562133789
0.8460202217102051
0.8752200603485107
0.9200162887573242
1.4716615676879883
1.230149507522583
2.120365858078003
0.884009838104248
0.9062943458557129
2.9079508781433105
2.2531802654266357
2.287393569946289
3.2743282318115234
3.0699894428253174
1.3867464065551758
1.2581064701080322
4.082256555557251
1.7659614086151123
1.2796485424041748
1.6355705261230469
1.2187917232513428
1.2708001136779785
2.4830775260925293
2.2839598655700684
1.0865190029144287
3.192885160446167
0.8447368144989014
1.0180068016052246
1.1283364295959473
1.2027912139892578
1.1286931037902832
2.3649728298187256
3.388777256011963
3.286634922027588
0.9820919036865234
3.098546028137207
3.1149511337280273
3.1133363246917725
2.4487361907958984
2.0095162391662598
2.4607081413269043
2.518479585647583
2.4705066680908203
2.4849791526794434
2.541355848312378
2.475205659866333
2.4382686614990234
3.47662091255188
3.1959316730499268
2.6530444622039795
2.5500001907348633
2.1075761318206787
3.5277276039123535
2.057737112045288
2.073124885559082
2.0532479286193848
2.056826591491699
2.0876309871673584
0.521113395690918
2.6507649421691895
1.0045795440673828
1.4929046630859375
1.4633886814117432
3.2892489433288574
2.169969320297241
2.73860502243042
1.02608060836792
3.380208969116211
2.2788634300231934
2.8686647415161133
3.069911479949951
2.784411907196045
0.8024003505706787
1.0772814750671387
1.1183664798736572
3.4836478233337402
0.9095425605773926
2.4441745281219482
3.643343687057495
3.5734775066375732
3.570402145385742
3.625370979309082
2.9061226844787598
1.4682080745697021
1.6736946105957031
1.356966495513916
3.858565330505371
1.0135400295257568
2.592891216278076
2.5912721157073975
2.511502981185913
2.9259631633758545
3.0110199451446533
1.3663077354431152
3.7027835845947266
2.7927093505859375
3.102241039276123
1.401777744293213
1.4434452056884766
2.815495252609253
2.8886406421661377
1.813215970993042
1.813523769378662
1.4620585441589355
3.002566337585449
2.930018186569214
3.0247020721435547
3.3230106830596924
3.334263563156128
1.615661382675171
1.2636730670928955
1.189603328704834
1.197181224822998
3.0652682781219482
3.3834805488586426
3.3516063690185547
3.351989269256592
3.35048508644104
1.8893184661865234
1.7459228038787842
3.1915524005889893
3.175690174102783
2.991180896759033
2.6591527462005615
2.6551835536956787
3.086432695388794
2.7577877044677734
1.4303584098815918
2.1135337352752686
1.8519296646118164
1.982337236404419
1.8933334350585938
2.851257801055908
1.529787540435791
1.4224598407745361
1.0990722179412842
0.2502436637878418
2.009770631790161
3.009671688079834
1.54215407371521
1.8541345596313477
1.7546606063842773
2.023535966873169
2.8819003105163574
2.901294469833374
2.898270606994629
3.084468126296997
1.314201831817627
3.8656020164489746
1.8730287551879883
2.1512787342071533
2.9741628170013428
3.026318311691284
2.7042689323425293
1.3038668632507324
1.258847951889038
2.744320869445801
1.9756004810333252
2.1056067943573
1.7960898876190186
1.7543225288391113
1.8207881450653076
2.2611796855926514
3.012948751449585
2.2627885341644287
0.5373926162719727
2.1752498149871826
1.3527648448944092
3.137542247772217
3.3768069744110107
2.0692384243011475
1.8352844715118408
2.840942859649658
2.89406156539917
0.5811927318572998
1.4263474941253662
3.427006244659424
2.935887575149536
3.5712924003601074
2.0800771713256836
3.4159414768218994
3.4326319694519043
2.9886977672576904
1.9682667255401611
1.8687515258789062
0.9831993579864502
1.9909923076629639
1.9595496654510498
2.317455768585205
0.8575105667114258
0.899249792098999
1.600667953491211
3.4135642051696777
2.159287452697754
3.317246198654175
3.560837984085083
2.137073278427124
0.7123816013336182
1.0030648708343506
1.6093721389770508
2.4370996952056885
0.802509069442749
2.622438430786133
2.9056899547576904
2.9002652168273926
3.1924779415130615
3.2074368000030518
0.28977489471435547
3.58136248588562
2.5790603160858154
1.7534706592559814
1.6675238609313965
3.5736501216888428
0.918837308883667
1.1014025211334229
1.1346805095672607
2.777172088623047
2.8564653396606445
2.1488358974456787
3.035134792327881
3.275315523147583
2.1601667404174805
1.0264673233032227
1.7771921157836914
1.7535429000854492
3.641350030899048
3.343263864517212
3.204648733139038
3.1549630165100098
3.2029075622558594
0.998720645904541
1.047196865081787
3.438286304473877
3.406193494796753
0.8787219524383545
2.7645199298858643
1.8743252754211426
3.2285566329956055
3.1769607067108154
2.4216361045837402
2.432636022567749
2.436408758163452
2.347456216812134
0.7545287609100342
3.1868414878845215
3.010023832321167
1.2128074169158936
1.2318003177642822
0.49901890754699707
2.910590171813965
2.8276350498199463
1.8613617420196533
1.9176924228668213
1.8770153522491455
2.9615609645843506
2.355985164642334
3.5453786849975586
1.8999638557434082
1.82867431640625
1.0222983360290527
1.3484032154083252
2.853178024291992
3.6555802822113037
2.4792640209198
1.3232076168060303
1.3028504848480225
2.865063428878784
0.8828580379486084
0.7516100406646729
0.9439220428466797
3.740649700164795
2.42397403717041
1.2092883586883545
1.2724769115447998
0.7150754928588867
0.6033728122711182
2.952855110168457
0.39273715019226074
0.3561892509460449
2.447333812713623
2.3810999393463135
2.314653158187866
2.300973653793335
2.2781898975372314
3.036771059036255
3.244713306427002
1.0701351165771484
1.5603418350219727
1.5171542167663574
1.5704104900360107
1.4901859760284424
1.5925183296203613
3.739189624786377
1.1925654411315918
1.2131657600402832
3.0472540855407715
3.0612728595733643
1.4387755393981934
1.462017297744751
3.036647319793701
1.4934282302856445
1.4931364059448242
0.7176840305328369
1.5273535251617432
3.1646039485931396
3.1920864582061768
2.9387824535369873
1.5836150646209717
3.328080654144287
3.035783290863037
1.2800390720367432
1.4981536865234375
1.3152034282684326
1.4419677257537842
1.681772232055664
1.1419403553009033
1.7549073696136475
1.6923542022705078
1.7133800983428955
3.1740338802337646
1.265273094177246
1.174652099609375
1.1752963066101074
1.111609697341919
1.1941709518432617
0.8559544086456299
1.25742506980896
0.9026980400085449
0.90277099609375
3.219181776046753
3.165703058242798
2.930004835128784
1.8268132209777832
1.7557945251464844
3.0280942916870117
1.6357543468475342
3.0045549869537354
2.028406858444214
2.007737398147583
1.8539464473724365
1.8697216510772705
1.8787150382995605
0.774571418762207
1.8290379047393799
3.1166341304779053
1.4809868335723877
2.03456449508667
0.8797543048858643
3.1157360076904297
1.5214567184448242
1.5845122337341309
3.2805426120758057
3.2895917892456055
0.5315039157867432
0.5272610187530518
1.1553544998168945
3.154306173324585
3.0717716217041016
3.3543925285339355
1.6382205486297607
1.6492342948913574
1.644911766052246
1.5934195518493652
1.0052571296691895
0.9094502925872803
0.9431841373443604
0.8536715507507324
0.8219072818756104
3.6345953941345215
3.3290023803710938
1.7022109031677246
1.5407850742340088
1.4348688125610352
3.3017776012420654
0.7440428733825684
2.322439670562744
0.6236400604248047
0.7332632541656494
0.7371265888214111
3.087118625640869
3.6364307403564453
3.3654866218566895
0.7714872360229492
0.842475414276123
3.3753862380981445
3.3654239177703857
2.6345810890197754
3.2112090587615967
2.4669389724731445
3.246464729309082
3.4784278869628906
3.4607248306274414
3.4578349590301514
3.4597363471984863
0.8479437828063965
2.5207035541534424
1.802448034286499
1.8006281852722168
3.357161045074463
1.781423568725586
1.7250490188598633
1.7420172691345215
1.908634901046753
1.832460880279541
1.3936171531677246
2.5781807899475098
1.007007122039795
0.9931473731994629
3.422438383102417
0.9790396690368652
2.6958487033843994
0.30182313919067383
3.5039517879486084
1.045318841934204
2.659961223602295
1.5300569534301758
0.30673909187316895
1.6120984554290771
2.854377269744873
2.8630497455596924
1.053497314453125
0.3721005916595459
3.7275471687316895
3.723642349243164
3.6231513023376465
3.6118831634521484
3.6315696239471436
3.7536847591400146
1.6959514617919922
1.6886022090911865
1.1400139331817627
2.9115102291107178
1.2742359638214111
0.41729211807250977
3.0762856006622314
3.0097403526306152
1.2848150730133057
1.2579405307769775
1.8194482326507568
1.939535140991211
1.8259258270263672
1.4531834125518799
1.4269123077392578
3.0599403381347656
3.853154182434082
3.911397933959961
1.585425615310669
0.6041908264160156
1.4153213500976562
1.4022715091705322
3.1718931198120117
3.162407398223877
3.158205986022949
2.1978976726531982
4.075509548187256
3.062645673751831
2.651702404022217
2.1902964115142822
1.690617322921753
3.159615993499756
0.46628379821777344
0.4658515453338623
1.4667084217071533
1.7273969650268555
1.4539015293121338
4.387727737426758
3.4084746837615967
3.3487582206726074
3.2089545726776123
1.0096511840820312
2.810508966445923
2.8957712650299072
1.6952800750732422
1.6203248500823975
3.424429178237915
3.565986156463623
2.8568265438079834
0.955174446105957
1.381561040878296
1.8179612159729004
3.402845621109009
3.646526336669922
0.7376446723937988
2.950021266937256
2.928346872329712
1.8730454444885254
1.733825445175171
1.8645191192626953
1.5384314060211182
3.0364725589752197
3.5932960510253906
1.217817783355713
1.1996684074401855
3.543107032775879
0.7051749229431152
0.7897434234619141
1.9755091667175293
1.9599919319152832
2.9317448139190674
1.2760300636291504
1.7515583038330078
1.7117395401000977
1.9441590309143066
3.9627726078033447
3.901137590408325
3.687018394470215
0.9692261219024658
1.0275864601135254
1.1114106178283691
1.255263090133667
1.2504816055297852
4.207138299942017
1.1652660369873047
4.157876014709473
2.126018762588501
4.168238162994385
2.0176522731781006
3.1560394763946533
3.774003267288208
3.7905635833740234
1.346519947052002
1.9777069091796875
4.26120924949646
3.660614252090454
3.255366563796997
3.3005335330963135
3.864142417907715
2.169100761413574
2.1506714820861816
2.1513848304748535
2.0971226692199707
4.311038255691528
4.289705276489258
1.8696820735931396
1.400193214416504
3.342388153076172
3.3383877277374268
3.9884791374206543
4.008832931518555
1.9060454368591309
1.9703338146209717
2.153127908706665
1.8607909679412842
1.8581006526947021
1.2773735523223877
1.9895689487457275
1.8787002563476562
1.4293553829193115
4.1742517948150635
4.144821882247925
4.1511242389678955
4.15808367729187
4.157941102981567
3.5248916149139404
3.488858938217163
1.3167519569396973
1.162536382675171
1.5178649425506592
1.4382145404815674
3.350762128829956
1.1427104473114014
1.177386999130249
1.4617455005645752
1.5135819911956787
3.4115045070648193
0.9842534065246582
1.4742143154144287
1.4618616104125977
1.406733751296997
3.5316267013549805
3.807692766189575
3.844104290008545
3.714571952819824
3.5129361152648926
0.49346470832824707
1.3146142959594727
1.020141839981079
3.679339647293091
0.6068086624145508
1.2688560485839844
1.1555297374725342
1.6939833164215088
1.6819298267364502
3.702219009399414
3.777395725250244
0.7937281131744385
1.251401662826538
1.1171252727508545
1.1166589260101318
1.832240104675293
1.925100564956665
1.388331413269043
1.3751254081726074
1.7363169193267822
2.291228771209717
0.9911434650421143
3.923290491104126
3.3946080207824707
4.255970478057861
3.792163848876953
0.975881814956665
3.7027227878570557
3.4030182361602783
3.4449949264526367
4.004175662994385
1.0309441089630127
1.5505986213684082
1.5827319622039795
1.5821163654327393
1.547189474105835
3.4974162578582764
3.502777338027954
3.569730281829834
1.308509349822998
3.8984062671661377
3.7760322093963623
1.5775041580200195
3.936704158782959
4.212477684020996
4.232426166534424
1.5516557693481445
1.3740291595458984
1.343998670578003
4.20414924621582
1.298492193222046
2.092484951019287
3.8788623809814453
1.508134365081787
1.644702672958374
1.1683626174926758
1.3687050342559814
1.325000286102295
3.6554319858551025
1.3770906925201416
1.1446080207824707
1.3357083797454834
0.36332178115844727
3.485966920852661
4.428168773651123
4.012883424758911
1.54022216796875
1.3973965644836426
4.535317897796631
4.53423285484314
3.798666000366211
1.471832275390625
4.73659086227417
3.675751209259033
2.220268726348877
2.2247507572174072
0.5368759632110596
1.5463612079620361
2.218599319458008
1.1903908252716064
3.632918357849121
0.9698522090911865
1.5967719554901123
1.4602417945861816
2.325450897216797
3.3178598880767822
3.3452577590942383
0.6753787994384766
4.21546483039856
1.0751473903656006
0.8867130279541016
1.1531639099121094
1.1480469703674316
0.9741361141204834
0.7817661762237549
3.7283544540405273
3.336951971054077
3.430387258529663
3.3364994525909424
0.8614678382873535
4.09267258644104
0.8346884250640869
0.7917835712432861
0.9232735633850098
0.9438457489013672
1.0280287265777588
0.9369876384735107
1.5811150074005127
3.4088356494903564
3.3743736743927
3.9571447372436523
0.420210599899292
0.30820679664611816
1.5428974628448486
1.4816770553588867
1.3074028491973877
1.4127554893493652
3.532083511352539
0.9574751853942871
1.1434330940246582
4.055339574813843
4.557581186294556
0.7324371337890625
1.6590838432312012
1.3777837753295898
2.8475489616394043
2.8491854667663574
1.1217007637023926
1.1271107196807861
3.2124555110931396
0.8412411212921143
0.8773524761199951
0.7708804607391357
0.7408978939056396
2.9240143299102783
0.37162065505981445
1.1073248386383057
3.6877992153167725
3.276731491088867
3.721782922744751
1.3989148139953613
1.2693297863006592
3.3629074096679688
3.3713433742523193
3.331286907196045
3.8101205825805664
3.1826560497283936
0.9104845523834229
3.8744349479675293
3.10935115814209
3.2051799297332764
1.335371732711792
0.9847426414489746
0.8722774982452393
0.9364306926727295
0.884423017501831
1.1389915943145752
3.6362123489379883
1.503535270690918
3.2004292011260986
1.470043659210205
4.008558750152588
4.048962593078613
3.820828437805176
3.665931463241577
3.6622214317321777
3.612687826156616
3.7381110191345215
3.3746299743652344
3.3579354286193848
1.6118276119232178
4.074945449829102
1.6208229064941406
1.508390188217163
1.4227020740509033
1.4161031246185303
3.4401471614837646
4.139837265014648
3.5718038082122803
3.8883485794067383
4.282925367355347
3.570462465286255
4.3274757862091064
3.5140864849090576
4.390269994735718
3.5146243572235107
3.682898759841919
4.53779673576355
4.511381149291992
3.7471892833709717
3.6590003967285156
3.8025994300842285
3.8175928592681885
3.664720296859741
3.405865430831909
3.375511646270752
4.052601099014282
3.919891595840454
3.9084432125091553
3.4240431785583496
3.962033748626709
3.992479085922241
3.904442548751831
3.5093650817871094
3.887524127960205
3.6755571365356445
3.1828291416168213
4.469266891479492
3.730461597442627
3.7398717403411865
4.213923454284668
4.149520635604858
4.108377695083618
5.179428577423096
4.171126127243042
4.086431980133057
3.4278173446655273
3.930096387863159
3.5650269985198975
3.564737558364868
3.4902255535125732
3.877539873123169
3.8784632682800293
3.5520224571228027
3.5690388679504395
4.08325719833374
4.094293594360352
3.675011157989502
3.504406690597534
4.45825457572937
3.7628896236419678
4.000070095062256
3.599433183670044
3.7900571823120117
3.4121642112731934
4.023175001144409
4.203375816345215
3.771920680999756
3.86325740814209
3.8621270656585693
3.8681631088256836
3.645878791809082
3.631824493408203
3.568403482437134
3.5734479427337646
3.6140265464782715
3.883486270904541
3.8429453372955322
3.826815366744995
3.650099277496338
