0.3797593116760254
0.5139532089233398
0.44799065589904785
0.6062905788421631
0.6102874279022217
0.607358455657959
0.6062161922454834
0.5656349658966064
0.500481128692627
0.5873336791992188
0.8018455505371094
0.7698209285736084
0.797435998916626
0.7677037715911865
0.942049503326416
0.9536774158477783
0.9603309631347656
0.9000341892242432
0.9477889537811279
1.0897455215454102
1.1188969612121582
1.0570292472839355
1.0853650569915771
0.8106317520141602
1.2504055500030518
1.2470872402191162
0.7946779727935791
1.053009271621704
0.6687588691711426
0.6583690643310547
0.4544963836669922
0.6686601638793945
0.6046595573425293
0.6083683967590332
0.5163352489471436
0.5267162322998047
0.5154540538787842
0.282177209854126
1.2024571895599365
1.264317274093628
0.87009596824646
1.2354700565338135
0.8702232837677002
0.9939448833465576
0.2732203006744385
0.29039525985717773
0.7350075244903564
0.6649651527404785
1.404773473739624
0.442427396774292
0.3662736415863037
0.34052467346191406
0.7690961360931396
0.3550891876220703
0.2832224369049072
0.2887880802154541
0.4160125255584717
0.8445138931274414
0.713796854019165
0.8753917217254639
0.7534677982330322
0.6835653781890869
0.6421816349029541
0.883019208908081
0.179304838180542
0.8234522342681885
0.6705563068389893
0.899752140045166
0.32575225830078125
0.14586567878723145
0.9696526527404785
0.9166195392608643
0.8546934127807617
0.8570001125335693
0.8545892238616943
0.7475154399871826
0.7231907844543457
0.13512516021728516
0.4881157875061035
0.526763916015625
0.9927840232849121
0.3262319564819336
0.991572380065918
0.9017996788024902
1.1796729564666748
0.21952581405639648
0.6439507007598877
0.7128503322601318
0.4313976764678955
0.4304015636444092
0.36786985397338867
1.2947866916656494
0.3223867416381836
1.3418991565704346
1.3436381816864014
1.3428497314453125
1.2479894161224365
0.39423274993896484
0.41563987731933594
0.3292574882507324
1.409522533416748
0.5259096622467041
0.5232346057891846
0.27507805824279785
1.1860861778259277
0.48541903495788574
0.22817230224609375
0.45970821380615234
1.2992022037506104
0.3773777484893799
0.3777132034301758
0.2724568843841553
1.6735570430755615
1.1445472240447998
1.5358383655548096
0.14023685455322266
1.7973144054412842
0.22147417068481445
1.6861827373504639
1.7292988300323486
1.305267572402954
2.3172526359558105
1.7691848278045654
1.7054228782653809
0.2694981098175049
1.4429166316986084
1.4374973773956299
0.1620330810546875
0.5475344657897949
1.780160665512085
1.4930140972137451
1.4925627708435059
0.6525969505310059
0.4644296169281006
0.34792327880859375
0.2198338508605957
0.35178494453430176
1.4657468795776367
1.7294139862060547
0.408311128616333
0.37923526763916016
1.4448516368865967
1.099687099456787
1.7613635063171387
0.5558516979217529
0.48233652114868164
1.646632432937622
1.8572490215301514
1.5390956401824951
0.5397725105285645
0.623755693435669
0.5493433475494385
1.808034896850586
1.8927934169769287
1.7037556171417236
1.5477840900421143
1.6186375617980957
1.4691615104675293
0.17926311492919922
0.21388792991638184
2.933224678039551
1.417668342590332
1.467961072921753
1.7469210624694824
1.541546106338501
1.870710849761963
0.2616086006164551
1.5417380332946777
0.3417692184448242
1.3521738052368164
0.2601759433746338
1.3815968036651611
1.3019647598266602
1.3104145526885986
1.1642937660217285
1.3191194534301758
1.0391058921813965
1.1303839683532715
1.1062862873077393
0.9644191265106201
0.9649603366851807
0.9226410388946533
1.5816922187805176
0.915902853012085
1.6469109058380127
0.9813919067382812
1.6138269901275635
0.8404693603515625
1.3095128536224365
1.3035528659820557
1.4422557353973389
0.5417718887329102
0.9464952945709229
0.46080756187438965
0.3733334541320801
0.4957127571105957
0.495258092880249
0.5251843929290771
0.2130894660949707
1.3831121921539307
1.507734775543213
0.8538355827331543
0.20419669151306152
0.9525227546691895
0.9642460346221924
1.4397332668304443
0.8800725936889648
0.9476113319396973
0.9090960025787354
0.9668965339660645
0.22563695907592773
1.1976072788238525
1.2277307510375977
1.508737325668335
1.3781025409698486
1.6942706108093262
1.6877939701080322
0.47607922554016113
0.4799485206604004
0.4741175174713135
0.2560281753540039
1.481985330581665
1.5311429500579834
1.5284428596496582
1.848698377609253
2.2440226078033447
1.8385601043701172
1.8320868015289307
0.8730130195617676
0.17830109596252441
1.6723449230194092
0.2982797622680664
1.7953805923461914
1.802349328994751
0.32904767990112305
1.907242774963379
0.43259406089782715
1.890479564666748
1.8732788562774658
1.7270498275756836
0.4870109558105469
0.48313164710998535
0.4101746082305908
0.20481133460998535
1.4420816898345947
1.406240463256836
1.5200254917144775
0.20969796180725098
1.5317673683166504
1.6335697174072266
1.6383638381958008
1.412048578262329
1.4073996543884277
1.2475593090057373
1.293102741241455
0.20140361785888672
1.4113988876342773
0.4368321895599365
0.3213362693786621
0.32032346725463867
1.5195226669311523
1.4980669021606445
1.4575200080871582
1.399451732635498
1.4691317081451416
0.19775795936584473
1.3517796993255615
0.3450143337249756
1.7114417552947998
0.37111783027648926
1.7521638870239258
0.20666170120239258
1.817275047302246
1.994318962097168
1.5808722972869873
1.5899145603179932
1.719771146774292
1.9867558479309082
1.9378836154937744
0.5430850982666016
0.8570282459259033
1.5498836040496826
0.537146806716919
0.4949333667755127
1.2360012531280518
0.3318192958831787
1.8099315166473389
1.6298880577087402
1.6326522827148438
1.6365675926208496
1.3758482933044434
0.4140613079071045
0.29649949073791504
0.3313639163970947
1.5858919620513916
1.5482606887817383
1.3929722309112549
1.3023512363433838
1.2625010013580322
0.4758780002593994
0.583073616027832
0.47612571716308594
1.3803770542144775
1.9165480136871338
0.4830198287963867
0.5568835735321045
1.3549864292144775
1.2730398178100586
0.34126853942871094
1.894237756729126
0.31315040588378906
0.5977499485015869
1.8425250053405762
1.4120378494262695
0.21732616424560547
0.7082657814025879
0.7253363132476807
0.6340115070343018
0.7185423374176025
1.6731603145599365
1.292283535003662
0.20870494842529297
1.406156063079834
0.5245673656463623
0.4918327331542969
0.310225248336792
0.254596471786499
0.14636850357055664
1.5594844818115234
1.6549317836761475
1.2039906978607178
1.2017416954040527
1.1297016143798828
0.45282959938049316
1.7545628547668457
1.3748924732208252
1.19461989402771
1.1757335662841797
1.1825687885284424
1.3380763530731201
1.8547890186309814
1.9975781440734863
1.8571534156799316
1.6961784362792969
1.6842103004455566
1.853693962097168
0.22212839126586914
0.7612740993499756
0.8399925231933594
0.6849496364593506
0.6874279975891113
0.6983318328857422
0.34175872802734375
0.3743617534637451
0.4116361141204834
0.7089500427246094
0.2633230686187744
0.38770604133605957
0.6763999462127686
0.6649777889251709
0.3796365261077881
1.8666956424713135
1.2825279235839844
1.4192509651184082
1.566615104675293
1.2949464321136475
1.3018426895141602
1.0986740589141846
0.19130206108093262
0.20711255073547363
1.939054250717163
1.9092283248901367
1.853830099105835
1.8518588542938232
1.0409929752349854
0.7645535469055176
1.9600129127502441
0.30338144302368164
0.20308947563171387
0.3054211139678955
0.8311564922332764
0.6220767498016357
1.132308006286621
0.5036585330963135
0.4137535095214844
0.2707245349884033
2.222043991088867
0.6435189247131348
0.5602679252624512
0.5648984909057617
0.5750195980072021
1.6351921558380127
0.20669126510620117
1.0662841796875
1.7736380100250244
1.767416000366211
1.7616662979125977
1.61110520362854
1.4928715229034424
1.4312713146209717
0.27568936347961426
1.3259832859039307
0.2841620445251465
0.27437353134155273
0.2616252899169922
0.8749513626098633
0.7347879409790039
0.9069080352783203
0.8820540904998779
0.6566381454467773
0.647932767868042
1.2293636798858643
0.973623514175415
1.3675975799560547
1.2936139106750488
1.2904860973358154
0.612908124923706
0.467787504196167
0.1988077163696289
0.47341036796569824
0.48844075202941895
0.5460948944091797
0.4225451946258545
0.3464784622192383
0.4559299945831299
0.44178271293640137
1.5557167530059814
1.460766315460205
0.5537126064300537
0.5348594188690186
0.5449128150939941
1.4635283946990967
1.5626957416534424
0.4301767349243164
0.40390443801879883
0.15869855880737305
0.4632735252380371
0.4525446891784668
0.4763312339782715
0.25429654121398926
1.6907577514648438
1.5777792930603027
1.719785451889038
1.4772512912750244
1.559138298034668
0.4168727397918701
0.9785442352294922
1.056699275970459
0.36838412284851074
0.2575068473815918
0.25012946128845215
0.6542673110961914
0.5141589641571045
0.4785478115081787
0.5790560245513916
0.29722023010253906
0.20293641090393066
0.5753927230834961
0.569481372833252
0.6452012062072754
0.634023904800415
1.2647981643676758
1.081418752670288
1.0887725353240967
1.0785529613494873
1.1799945831298828
1.3081693649291992
0.33356404304504395
0.3932828903198242
0.3360598087310791
0.3477511405944824
0.5169589519500732
0.443697452545166
0.6082448959350586
0.6636481285095215
0.6119883060455322
0.677480936050415
0.4994800090789795
0.5458736419677734
0.5232377052307129
0.270399808883667
0.28396153450012207
1.6539931297302246
0.8176054954528809
0.8668265342712402
0.27342987060546875
0.1498110294342041
0.28698277473449707
0.1733379364013672
1.8821218013763428
1.8802576065063477
0.2612183094024658
1.0881702899932861
0.6671669483184814
0.6250312328338623
0.6190569400787354
0.6180727481842041
0.2555849552154541
0.2788214683532715
1.2496154308319092
1.9680430889129639
1.6023426055908203
1.2671425342559814
0.24652314186096191
0.23538589477539062
0.42026758193969727
0.5119483470916748
0.42642855644226074
1.3933205604553223
1.3517711162567139
1.3606021404266357
1.2920751571655273
2.1654627323150635
2.2432193756103516
1.9596693515777588
1.1032829284667969
0.19437646865844727
1.266730546951294
0.9910178184509277
1.281306266784668
2.385413408279419
1.1471304893493652
0.36905384063720703
0.3715243339538574
0.7865047454833984
0.7015790939331055
0.6487784385681152
0.7745339870452881
0.2033674716949463
0.31598782539367676
0.27094340324401855
1.2135083675384521
0.1942908763885498
1.4617443084716797
0.4495415687561035
0.46851491928100586
0.8400983810424805
0.9348909854888916
0.7116725444793701
0.719379186630249
0.8919970989227295
0.7715067863464355
1.3158514499664307
1.4350898265838623
0.8362014293670654
0.8725414276123047
0.451383113861084
0.32437610626220703
0.2883145809173584
0.4395132064819336
0.4673285484313965
0.356112003326416
1.5663938522338867
1.5844686031341553
1.6005656719207764
1.5166199207305908
1.3886196613311768
1.3713939189910889
0.3583099842071533
0.13497686386108398
0.24127674102783203
0.12523889541625977
1.370767593383789
1.2802274227142334
0.7203052043914795
0.615999698638916
0.5915491580963135
0.5790848731994629
1.3988487720489502
0.5969574451446533
0.2010669708251953
1.137864351272583
1.5545814037322998
1.4494378566741943
1.5680906772613525
1.926154613494873
1.7900424003601074
1.4680371284484863
1.4561407566070557
1.3335561752319336
0.16657543182373047
1.015340805053711
1.0267226696014404
0.976158618927002
1.44024658203125
0.26473045349121094
0.28188419342041016
0.9171853065490723
0.8801956176757812
0.34191131591796875
0.3363962173461914
1.570430040359497
0.7885122299194336
0.7954435348510742
1.589080810546875
0.6595604419708252
1.387737512588501
1.289661169052124
0.5280942916870117
1.3676626682281494
1.2901248931884766
0.5426642894744873
0.5235342979431152
0.7543041706085205
0.2574601173400879
0.3327198028564453
0.28894710540771484
0.457700252532959
0.5551958084106445
1.4508776664733887
0.5165867805480957
0.770789623260498
0.7643477916717529
0.8261239528656006
0.4348311424255371
0.6927728652954102
0.7542173862457275
0.8552629947662354
0.38646626472473145
0.4518697261810303
1.781968355178833
1.9370043277740479
0.9896106719970703
0.9444026947021484
0.9416656494140625
1.0005521774291992
0.9310154914855957
0.9471437931060791
0.9862325191497803
1.7859992980957031
1.6709470748901367
0.576164722442627
0.4934194087982178
0.4190027713775635
0.5518217086791992
1.202620506286621
1.2085542678833008
1.1884729862213135
1.0533838272094727
2.1347782611846924
1.033301830291748
1.0330517292022705
0.21110010147094727
0.24317693710327148
1.3203785419464111
0.37685322761535645
1.3971631526947021
0.3349316120147705
0.41602039337158203
0.33355164527893066
0.3421483039855957
1.444460391998291
0.585850715637207
1.253286361694336
1.2626819610595703
1.0162975788116455
1.09212064743042
1.2707500457763672
0.4696199893951416
0.6926460266113281
0.3628811836242676
0.21973943710327148
0.1329817771911621
0.49601006507873535
0.23475313186645508
0.9532756805419922
0.884202241897583
0.4729032516479492
0.8995966911315918
0.4524049758911133
0.8277931213378906
0.8277633190155029
1.6274023056030273
0.4451749324798584
0.8429579734802246
0.20984244346618652
1.6741533279418945
1.312342882156372
0.5345046520233154
0.5465412139892578
0.5558855533599854
0.47078537940979004
0.19144344329833984
0.743126630783081
1.5457684993743896
0.666407585144043
0.6529896259307861
0.6488690376281738
1.5593595504760742
1.5604257583618164
1.5723018646240234
1.5453929901123047
0.40847301483154297
0.4256885051727295
1.553760290145874
0.6943719387054443
0.6930456161499023
0.6026015281677246
0.30530357360839844
0.3224790096282959
0.5911152362823486
0.5259783267974854
0.5080671310424805
0.6126458644866943
0.8215193748474121
0.26303982734680176
0.8874707221984863
0.8636989593505859
0.5111668109893799
0.3584423065185547
0.5183124542236328
0.5402834415435791
0.8377714157104492
0.8090722560882568
0.7879056930541992
0.7199571132659912
0.18970823287963867
1.0654230117797852
0.6966547966003418
0.7071225643157959
0.7043499946594238
0.6871213912963867
1.191713809967041
1.1868414878845215
1.2093276977539062
1.0598547458648682
1.1640346050262451
1.100461483001709
0.7438414096832275
0.782477617263794
0.7826721668243408
0.6707954406738281
0.5803239345550537
0.5798792839050293
0.2192389965057373
0.5758228302001953
0.8720810413360596
0.9819767475128174
1.01344633102417
0.6368803977966309
0.639575719833374
0.6390163898468018
0.3266177177429199
0.6116480827331543
0.6054441928863525
0.399505615234375
0.1863558292388916
1.2559115886688232
1.2627224922180176
1.0613133907318115
0.5471451282501221
1.1941428184509277
1.093975305557251
0.5755283832550049
0.3884880542755127
0.576077938079834
0.382418155670166
0.3802647590637207
0.3141310214996338
1.2284576892852783
1.318134069442749
0.14626455307006836
1.3290719985961914
1.323397159576416
1.132249355316162
1.1304662227630615
1.0353198051452637
1.147033929824829
1.0662119388580322
1.21488356590271
1.1847379207611084
0.2861788272857666
0.5315256118774414
0.4690384864807129
0.35045361518859863
0.4362473487854004
0.4308772087097168
1.2724804878234863
0.23673415184020996
0.7146265506744385
0.619581937789917
0.5795385837554932
0.6639597415924072
0.4801669120788574
0.8398823738098145
0.5110511779785156
0.7559974193572998
0.8135561943054199
0.7132389545440674
0.798778772354126
0.7153587341308594
0.7904407978057861
0.727226734161377
0.7093856334686279
0.7491757869720459
0.758882999420166
0.6916053295135498
0.24513530731201172
0.7768926620483398
0.8811624050140381
0.5000150203704834
1.1738147735595703
0.8391661643981934
0.8398873805999756
0.35895729064941406
0.4075658321380615
0.6955227851867676
0.6498427391052246
1.2879235744476318
0.2715182304382324
1.3028922080993652
0.15973854064941406
1.2100625038146973
1.310492753982544
1.2963619232177734
1.2120897769927979
0.9711740016937256
0.7693023681640625
1.0919148921966553
1.0776143074035645
0.8610720634460449
0.8380815982818604
0.8313157558441162
0.7073466777801514
0.7121396064758301
1.137237310409546
0.6335747241973877
0.6417293548583984
0.7656447887420654
0.5230109691619873
0.5919957160949707
0.5138123035430908
1.0394847393035889
0.6632976531982422
1.2949628829956055
0.9104573726654053
0.40952587127685547
0.40635204315185547
1.0518598556518555
1.0745594501495361
1.101029872894287
1.0778121948242188
0.9828886985778809
0.8150582313537598
0.9684200286865234
0.6356494426727295
0.5588366985321045
0.5631330013275146
0.5379247665405273
1.1033053398132324
0.18992400169372559
0.26079344749450684
0.6962018013000488
0.39608144760131836
0.23145508766174316
0.20893573760986328
0.9998018741607666
0.8702681064605713
1.4177052974700928
1.3082938194274902
1.3310844898223877
1.4110627174377441
1.232485294342041
1.2384333610534668
1.4317641258239746
1.079326868057251
0.21391797065734863
1.1754717826843262
1.0091657638549805
0.8657431602478027
0.22542786598205566
0.17753863334655762
0.7343034744262695
0.6543395519256592
0.6958930492401123
0.7202024459838867
0.2671027183532715
0.8376684188842773
0.2182767391204834
0.4067530632019043
0.31033849716186523
0.3892221450805664
1.0551400184631348
0.816443920135498
0.70245361328125
1.1260309219360352
1.040024757385254
1.1828267574310303
0.8567867279052734
0.8605632781982422
0.9236865043640137
0.8561546802520752
0.6333367824554443
0.20827603340148926
1.2446374893188477
0.8986310958862305
0.9853379726409912
0.8926036357879639
0.5311472415924072
0.4402444362640381
0.2156200408935547
1.4266088008880615
1.3897264003753662
1.413884162902832
1.3217549324035645
1.3432023525238037
0.2254486083984375
0.4908900260925293
0.4869046211242676
0.48597025871276855
1.2622935771942139
0.45166754722595215
0.4237823486328125
0.9293856620788574
0.7757270336151123
0.2886073589324951
0.3023395538330078
0.2423262596130371
1.015941858291626
1.025428056716919
0.8321537971496582
0.8699319362640381
1.689445972442627
1.6200530529022217
1.5743827819824219
0.4354374408721924
1.6745097637176514
1.3853776454925537
1.3771555423736572
1.5791606903076172
1.240445852279663
1.0269172191619873
0.7628521919250488
1.142730474472046
0.9031038284301758
0.4860701560974121
0.4897027015686035
0.5018377304077148
0.6560800075531006
0.6496367454528809
0.6112093925476074
0.5770394802093506
1.3460304737091064
1.044940710067749
0.6740450859069824
1.4202203750610352
1.514672040939331
1.3936192989349365
1.0583117008209229
1.0956974029541016
0.8196730613708496
0.6353206634521484
1.649625301361084
1.654533863067627
0.34690165519714355
1.671907663345337
0.39298415184020996
0.5579113960266113
0.7445237636566162
0.5453791618347168
0.7146518230438232
0.403430700302124
0.18311047554016113
1.3381168842315674
0.13679766654968262
1.2076709270477295
1.202265739440918
1.1797006130218506
1.219595193862915
0.8374664783477783
1.1756975650787354
1.266247034072876
1.0456323623657227
0.19277501106262207
0.24358654022216797
0.32718467712402344
0.3116614818572998
1.222486972808838
1.1970019340515137
0.8314080238342285
0.8313033580780029
1.0870249271392822
1.0510590076446533
1.0685436725616455
1.0557160377502441
1.104971170425415
1.1220786571502686
1.3298256397247314
0.4024691581726074
0.246382474899292
0.9658048152923584
0.9002814292907715
0.9162120819091797
1.3936703205108643
0.3847794532775879
0.3912012577056885
0.3494448661804199
1.5893161296844482
0.4150052070617676
0.43015241622924805
0.26827287673950195
0.2826402187347412
0.2729990482330322
0.20066118240356445
1.2343029975891113
1.135944128036499
1.3149030208587646
1.2512266635894775
1.0482890605926514
1.0058891773223877
0.29645419120788574
0.15555477142333984
0.7608447074890137
0.7718727588653564
0.7753109931945801
0.7419734001159668
0.7922303676605225
1.2489583492279053
1.1942534446716309
1.286034345626831
1.0801382064819336
1.0863280296325684
0.5429542064666748
0.4768345355987549
0.5522351264953613
0.4751088619232178
0.49055910110473633
0.5929439067840576
0.6760711669921875
0.6622498035430908
0.38530564308166504
0.2232813835144043
0.6386468410491943
0.41062283515930176
1.1271905899047852
1.255805492401123
1.2385597229003906
0.6069633960723877
0.5913341045379639
0.6208193302154541
0.689784049987793
0.41742467880249023
0.29651904106140137
0.42002129554748535
0.8169305324554443
0.8145570755004883
0.8294758796691895
0.6510498523712158
1.5009417533874512
1.5280463695526123
0.45232129096984863
0.461261510848999
0.32416343688964844
0.9353163242340088
1.5320000648498535
1.5415575504302979
1.3013720512390137
1.3076508045196533
1.3616554737091064
1.2852404117584229
0.8565883636474609
0.3308267593383789
0.46205878257751465
0.3854374885559082
0.38007283210754395
0.3660888671875
0.31918954849243164
0.990912675857544
0.8262145519256592
0.2909419536590576
0.19873619079589844
0.36513853073120117
0.45035839080810547
0.5754780769348145
0.4357624053955078
1.0298173427581787
1.2038829326629639
1.2134356498718262
1.0533816814422607
1.1247291564941406
0.40319085121154785
1.1944148540496826
0.6441099643707275
0.372988224029541
0.30112504959106445
1.05983304977417
0.9110531806945801
0.8483908176422119
0.8482682704925537
0.8524541854858398
0.8217477798461914
1.180600881576538
0.19396114349365234
1.299527883529663
0.8116888999938965
0.5560734272003174
1.4970896244049072
1.4899158477783203
1.4798529148101807
0.5627505779266357
0.9761934280395508
0.5639045238494873
0.9507296085357666
0.9595165252685547
0.887617826461792
1.0288212299346924
0.4945535659790039
0.6976890563964844
0.6223134994506836
0.535400390625
0.5720117092132568
1.613595724105835
1.5338630676269531
1.5268433094024658
1.5987658500671387
1.5349364280700684
0.7875654697418213
0.7063877582550049
0.8005244731903076
0.655693531036377
0.7457056045532227
0.5912017822265625
0.20636892318725586
0.6761488914489746
0.5717098712921143
0.41368842124938965
1.628798484802246
1.651512861251831
1.6291587352752686
1.073302984237671
0.19929718971252441
0.9862430095672607
0.8535358905792236
1.0415387153625488
1.0907504558563232
1.1047112941741943
0.5153243541717529
0.8397188186645508
1.1525475978851318
1.173032283782959
0.44699859619140625
0.45707058906555176
1.268796682357788
1.241201400756836
0.21097588539123535
0.6352541446685791
1.407606840133667
1.4074335098266602
1.4249110221862793
1.4164772033691406
1.2806618213653564
1.3024468421936035
1.4295856952667236
1.3013014793395996
0.7727608680725098
0.7971723079681396
0.6969950199127197
0.6512773036956787
0.5060434341430664
0.872948408126831
0.17939543724060059
1.3882572650909424
1.6477375030517578
1.4161360263824463
0.8031930923461914
0.7587006092071533
0.6905994415283203
0.5858058929443359
0.6592836380004883
0.766974925994873
0.830207347869873
1.0339157581329346
0.7998888492584229
0.7202746868133545
0.9378786087036133
0.8748042583465576
0.8138723373413086
0.8193120956420898
0.8526220321655273
0.5880866050720215
0.5976848602294922
0.33899927139282227
0.5704245567321777
0.8980040550231934
1.1809937953948975
0.31127023696899414
0.7679047584533691
0.6079182624816895
0.2091963291168213
0.47674059867858887
0.24050235748291016
1.0956075191497803
1.074220895767212
1.096996784210205
0.7867822647094727
0.7325267791748047
0.9927496910095215
0.9928936958312988
1.001549482345581
0.35431480407714844
0.35656070709228516
0.8828821182250977
0.6455252170562744
0.242079496383667
1.2136328220367432
1.3700439929962158
1.2465190887451172
1.0859146118164062
0.7990372180938721
0.5589883327484131
0.2401902675628662
0.5791523456573486
0.6036629676818848
0.6083173751831055
0.6572496891021729
0.6147196292877197
0.6166646480560303
0.30100488662719727
0.3241000175476074
0.3281223773956299
0.800283670425415
0.8160362243652344
0.7697625160217285
0.6942038536071777
0.8400967121124268
0.29754090309143066
0.5981197357177734
0.481426477432251
0.9466288089752197
0.6177058219909668
0.9098250865936279
0.5132284164428711
0.5133798122406006
0.9111566543579102
0.9074842929840088
0.8942184448242188
0.9399287700653076
0.5183076858520508
0.9041028022766113
0.8927526473999023
0.4708218574523926
1.0411341190338135
1.1442763805389404
0.8629095554351807
0.8851640224456787
0.8886833190917969
0.861351728439331
0.8727493286132812
0.9001038074493408
1.4702410697937012
1.275683879852295
0.6532115936279297
0.7016494274139404
0.7579007148742676
0.7496514320373535
0.8038961887359619
0.769183874130249
0.7771658897399902
0.8866879940032959
0.893519401550293
0.5223052501678467
1.416252613067627
1.1822319030761719
0.9362354278564453
0.9353163242340088
0.933997392654419
0.3663325309753418
0.9510812759399414
0.37667369842529297
0.9605016708374023
1.3758738040924072
1.2391207218170166
0.6858129501342773
0.92850661277771
0.5309088230133057
0.30857276916503906
1.5963902473449707
1.048480749130249
0.7549841403961182
1.0624356269836426
0.6240198612213135
0.550199031829834
0.8136022090911865
0.6970560550689697
0.6732592582702637
0.8170433044433594
0.8475713729858398
0.6687717437744141
0.6878061294555664
0.6892838478088379
0.5996270179748535
0.6722288131713867
0.6630690097808838
0.8574745655059814
0.7734260559082031
0.7868907451629639
0.4398825168609619
0.46500706672668457
0.37267541885375977
0.7317390441894531
0.571120023727417
1.053541660308838
0.886826753616333
0.8835976123809814
0.6745662689208984
0.6963200569152832
1.1413352489471436
1.1599225997924805
0.6518275737762451
0.7519066333770752
1.1356749534606934
1.18046236038208
0.6206600666046143
0.2677798271179199
1.1435956954956055
1.1500029563903809
0.674095869064331
0.7215867042541504
0.738623857498169
0.7334589958190918
0.34833359718322754
0.3084568977355957
0.3973259925842285
0.5950512886047363
0.4990694522857666
1.0344126224517822
1.0527381896972656
0.49678492546081543
0.9073948860168457
0.4556567668914795
0.34328722953796387
0.36503028869628906
0.5172865390777588
0.5208327770233154
0.2951343059539795
0.30643129348754883
0.17987823486328125
0.6377336978912354
0.6155099868774414
0.6236701011657715
0.6256136894226074
0.3218550682067871
0.29410886764526367
0.6405580043792725
0.8012385368347168
0.7018988132476807
0.7980988025665283
0.1934220790863037
1.2028279304504395
0.8331217765808105
0.8112199306488037
1.0943150520324707
1.0858159065246582
1.0119750499725342
1.0097541809082031
1.0053274631500244
1.1481616497039795
0.44239187240600586
0.1832735538482666
0.560676097869873
0.5590567588806152
0.55544114112854
0.5702433586120605
0.5876660346984863
0.5162146091461182
0.5449700355529785
0.4172515869140625
0.5056378841400146
0.6692748069763184
0.443239688873291
0.2603626251220703
0.7167835235595703
0.35611748695373535
0.1795337200164795
0.5380101203918457
0.8692793846130371
0.8586986064910889
0.5138273239135742
0.506359338760376
0.2081618309020996
0.3601987361907959
0.9864635467529297
0.9433085918426514
0.2514345645904541
0.9116842746734619
0.9412765502929688
0.9482009410858154
0.7008144855499268
0.21987104415893555
0.8454101085662842
0.9006867408752441
0.825573205947876
0.8531098365783691
0.789283275604248
1.0721464157104492
1.0639235973358154
0.521385669708252
0.6413912773132324
1.2005691528320312
0.6620848178863525
0.552565336227417
0.5693154335021973
0.578463077545166
0.21647429466247559
1.3063135147094727
1.3317687511444092
1.1963210105895996
1.3363969326019287
1.2048425674438477
1.3456971645355225
0.5345838069915771
0.5233190059661865
0.5398354530334473
0.5437192916870117
0.24591898918151855
0.5530810356140137
0.5533852577209473
0.7128956317901611
0.5876071453094482
0.5749640464782715
0.48107194900512695
0.699378490447998
0.19775676727294922
0.8955092430114746
0.9061224460601807
0.23170232772827148
1.3419108390808105
0.7763001918792725
0.79673171043396
1.0990731716156006
1.110677719116211
1.031911849975586
0.365009069442749
1.0249969959259033
0.7708406448364258
1.0464346408843994
0.8383867740631104
0.8142728805541992
0.3307225704193115
1.006887435913086
1.029656171798706
0.9159233570098877
0.9268698692321777
1.065932035446167
0.7183365821838379
0.7218255996704102
0.5978696346282959
1.1616137027740479
1.1715893745422363
1.0696322917938232
0.5250623226165771
0.48197293281555176
0.2842984199523926
0.5203597545623779
0.6268877983093262
1.1697275638580322
1.1713061332702637
1.1580579280853271
1.3037161827087402
0.610846757888794
0.6244418621063232
0.6394357681274414
0.639519214630127
0.6978824138641357
0.2568318843841553
0.47429323196411133
0.5301170349121094
0.5276391506195068
0.30042004585266113
0.9264757633209229
0.9313068389892578
0.6243741512298584
0.5900928974151611
0.6275179386138916
0.3487279415130615
0.33869242668151855
0.14952611923217773
1.1484384536743164
1.1447882652282715
0.7602720260620117
0.7365932464599609
0.28004026412963867
0.20735573768615723
0.875887393951416
1.343822956085205
1.124408483505249
1.0903880596160889
0.8325614929199219
0.610832929611206
0.9784526824951172
0.6623349189758301
0.6675758361816406
0.621065616607666
1.0826256275177002
0.48381781578063965
1.33534836769104
0.23257231712341309
1.2176642417907715
0.2341899871826172
0.4617772102355957
0.3987762928009033
0.22008514404296875
1.328005075454712
1.2901930809020996
0.6150352954864502
0.14834809303283691
0.7470440864562988
0.7479195594787598
0.49756574630737305
0.5452446937561035
0.4221024513244629
1.1236469745635986
1.6137371063232422
1.1378862857818604
1.4535276889801025
1.3541793823242188
1.1530301570892334
1.4276583194732666
1.1379261016845703
1.2417452335357666
1.241987943649292
0.6799952983856201
0.7562475204467773
0.6558089256286621
0.6499347686767578
0.37148237228393555
0.5217368602752686
0.6324195861816406
0.5990972518920898
0.6507003307342529
0.29338717460632324
0.7063405513763428
0.6536924839019775
0.6744899749755859
0.674424409866333
1.1016271114349365
0.8566954135894775
0.8506894111633301
0.8810749053955078
0.7725536823272705
0.712352991104126
0.8316423892974854
0.21750998497009277
0.7200155258178711
0.835839033126831
0.8255939483642578
0.8138124942779541
0.8630316257476807
0.8493313789367676
0.8240165710449219
0.8214981555938721
0.8471131324768066
0.8662071228027344
0.30135631561279297
0.2935786247253418
0.3935370445251465
0.3735675811767578
0.9693200588226318
0.9882035255432129
1.000044822692871
0.9024887084960938
1.0122811794281006
0.21602225303649902
0.1656491756439209
0.24642205238342285
0.2918972969055176
0.9631564617156982
0.8231964111328125
0.8148159980773926
0.8399090766906738
0.6397483348846436
0.7037312984466553
0.6917963027954102
0.7084434032440186
0.30023860931396484
0.9711408615112305
0.26566481590270996
0.7442691326141357
0.7363851070404053
0.7359824180603027
1.047459363937378
1.1007094383239746
1.0156161785125732
1.0743060111999512
1.0701258182525635
1.0491528511047363
0.8704006671905518
0.8997166156768799
0.8590478897094727
1.4937193393707275
0.4723522663116455
0.4545421600341797
0.559126615524292
0.5815660953521729
0.35945677757263184
0.6630730628967285
0.6015450954437256
0.515955924987793
0.268113374710083
0.19544100761413574
1.342735767364502
1.435331106185913
1.3532984256744385
1.2009789943695068
1.3244025707244873
1.4617812633514404
0.42449450492858887
0.30385661125183105
0.18873119354248047
0.8791799545288086
0.8873634338378906
0.9014067649841309
0.8589458465576172
0.7352986335754395
0.8298587799072266
0.37276601791381836
1.0647764205932617
1.099297285079956
0.2867121696472168
0.3006401062011719
0.5783231258392334
0.43369030952453613
0.37215614318847656
1.3003699779510498
1.258730411529541
1.2438461780548096
1.2975051403045654
1.338524580001831
1.2443232536315918
1.3200767040252686
1.127685308456421
0.6725077629089355
0.6879198551177979
0.3073403835296631
0.645918607711792
0.5950872898101807
0.58001708984375
0.5899417400360107
0.19437599182128906
0.5311658382415771
0.5275387763977051
0.220686674118042
0.38258814811706543
0.3277859687805176
0.4150371551513672
0.7566578388214111
0.7570457458496094
0.7514939308166504
1.0561394691467285
0.9799282550811768
0.9357631206512451
0.9462523460388184
1.0660960674285889
0.9898245334625244
0.16301441192626953
0.7530012130737305
0.6398568153381348
0.7107300758361816
0.719052791595459
0.746861457824707
0.720118522644043
0.23694896697998047
0.4235875606536865
0.5011491775512695
0.18704986572265625
0.8300998210906982
0.8314528465270996
0.8415107727050781
0.9303333759307861
0.942962646484375
0.8075976371765137
0.806938648223877
0.9224565029144287
0.9305288791656494
0.925586462020874
0.8738250732421875
0.2610914707183838
0.5247225761413574
0.34470534324645996
0.6516401767730713
0.648284912109375
0.6527705192565918
0.7252318859100342
0.3567383289337158
0.33298778533935547
0.9795706272125244
0.9749689102172852
0.6075167655944824
0.3012120723724365
0.32634711265563965
0.8906793594360352
0.6777749061584473
0.5426905155181885
1.0830578804016113
1.093569278717041
1.0457038879394531
0.7223067283630371
0.7445473670959473
0.7362308502197266
0.20576739311218262
0.5880076885223389
0.6033234596252441
0.6041512489318848
0.5328450202941895
0.22989678382873535
1.112074851989746
0.35249972343444824
1.2321245670318604
1.2187750339508057
1.1736946105957031
1.2511134147644043
0.19466066360473633
0.5233602523803711
0.6079525947570801
0.6195895671844482
0.4925119876861572
0.45271873474121094
0.2242121696472168
0.8885509967803955
0.19718074798583984
0.8342130184173584
1.5410139560699463
1.539595365524292
0.8639519214630127
1.551095962524414
0.8329939842224121
0.5415740013122559
0.7142870426177979
0.7881951332092285
1.5694355964660645
0.4253087043762207
0.731482982635498
1.348745346069336
1.5246663093566895
0.23804116249084473
1.5834178924560547
0.25718164443969727
0.40227270126342773
0.27840399742126465
0.2563927173614502
1.2826340198516846
1.2066595554351807
1.2115371227264404
1.1862246990203857
0.17380976676940918
1.2104980945587158
1.167858600616455
1.0598669052124023
0.20705938339233398
0.26381754875183105
0.7734928131103516
0.7650351524353027
0.8281741142272949
0.29477405548095703
0.22138309478759766
0.8852941989898682
0.37227463722229004
0.40674662590026855
1.5467519760131836
0.5994851589202881
0.9494478702545166
0.6198136806488037
1.022575855255127
0.24997401237487793
1.1754615306854248
1.1763794422149658
0.8684635162353516
0.4432971477508545
0.3635714054107666
0.19925403594970703
1.3258001804351807
1.363574504852295
1.3617284297943115
1.2962212562561035
1.3518784046173096
0.47767043113708496
0.4937784671783447
1.4582324028015137
0.7060270309448242
0.981520414352417
0.719200611114502
1.578324556350708
0.7864751815795898
0.61250901222229
0.6844274997711182
0.4793968200683594
0.447357177734375
0.49783802032470703
1.703566551208496
0.225327730178833
1.6619417667388916
1.7335495948791504
1.8021361827850342
0.9335930347442627
0.6424214839935303
0.4993326663970947
0.7111642360687256
0.611220121383667
0.5230238437652588
0.18568086624145508
2.082056760787964
0.6284716129302979
0.48955631256103516
0.41538500785827637
0.4548954963684082
1.2564888000488281
1.2468934059143066
0.45612215995788574
0.3234832286834717
0.9885203838348389
0.3224375247955322
0.19495749473571777
1.0300219058990479
1.0259931087493896
2.3777308464050293
0.7956173419952393
0.775266170501709
0.7800123691558838
0.21761775016784668
0.2688126564025879
1.2837200164794922
1.1705117225646973
1.2738065719604492
1.3066980838775635
0.2458951473236084
0.7107894420623779
0.5396177768707275
0.4806852340698242
0.5452842712402344
0.6428325176239014
0.6228461265563965
0.3575448989868164
0.5638959407806396
0.3666718006134033
0.6300113201141357
0.5962522029876709
0.5353729724884033
0.3245394229888916
1.410553216934204
0.4280550479888916
0.42534375190734863
1.607126235961914
1.6001803874969482
0.24481987953186035
0.5593700408935547
0.9174447059631348
0.8897125720977783
0.7430474758148193
0.8468227386474609
0.655461311340332
0.2033689022064209
1.5233781337738037
1.7716689109802246
1.6483798027038574
1.4289672374725342
1.6555655002593994
1.4169700145721436
0.5448532104492188
0.5658676624298096
0.2504756450653076
0.15706992149353027
1.074437141418457
0.47092747688293457
0.5045688152313232
0.7590677738189697
0.7122964859008789
0.6314976215362549
1.2012040615081787
0.7153012752532959
0.9026358127593994
0.8324816226959229
0.7250492572784424
0.22111964225769043
1.4008214473724365
0.4363265037536621
0.6190428733825684
0.604651927947998
0.6354596614837646
0.39131808280944824
1.6086537837982178
1.516911506652832
0.6004414558410645
0.28389501571655273
1.0289885997772217
1.727102518081665
1.7201817035675049
0.6128215789794922
1.724231481552124
1.7186777591705322
0.3387320041656494
0.6377072334289551
0.7239117622375488
1.7194976806640625
0.49150633811950684
0.44676947593688965
0.35892486572265625
0.5669872760772705
0.7868382930755615
1.1825056076049805
1.162370204925537
1.1518735885620117
1.188617467880249
1.1678369045257568
0.26372337341308594
0.1717665195465088
0.7292675971984863
0.752065896987915
0.7562799453735352
0.6766283512115479
0.5362575054168701
0.272716760635376
0.308696985244751
0.6556239128112793
0.6829876899719238
1.8434035778045654
1.0752475261688232
0.9338316917419434
0.7966673374176025
0.8085246086120605
0.24302458763122559
0.6267516613006592
0.8071954250335693
0.6396896839141846
0.7585349082946777
0.25591588020324707
0.6513609886169434
0.27742934226989746
1.140165090560913
1.2557353973388672
0.8613259792327881
0.9089348316192627
0.846102237701416
0.7885355949401855
0.5869131088256836
0.7825891971588135
0.8086421489715576
1.178295373916626
1.2026073932647705
1.1759073734283447
1.2017028331756592
1.0914413928985596
0.40894079208374023
0.5781269073486328
0.1845109462738037
0.6939125061035156
0.6627225875854492
0.655604362487793
0.6988708972930908
0.6298043727874756
0.585038423538208
0.5948278903961182
0.5553996562957764
0.5369541645050049
0.3645148277282715
0.4787871837615967
0.4525730609893799
1.7735302448272705
0.6904785633087158
0.1274409294128418
0.2613656520843506
0.6290268898010254
0.610814094543457
0.6107287406921387
0.7383384704589844
0.9896872043609619
0.9282951354980469
1.0518772602081299
1.8865432739257812
1.2470424175262451
0.9237315654754639
1.2734649181365967
0.2288503646850586
1.432056188583374
0.929110050201416
0.902266263961792
1.5439774990081787
1.503692626953125
1.5525774955749512
1.342055082321167
1.3334290981292725
1.3421716690063477
1.062891960144043
0.8304104804992676
0.8221135139465332
0.4985165596008301
0.8734378814697266
0.8684029579162598
0.8696293830871582
1.0869276523590088
0.7183380126953125
0.5845432281494141
0.5318479537963867
0.41347694396972656
0.40471887588500977
0.6959733963012695
1.0058436393737793
0.933067798614502
0.8230290412902832
0.8504171371459961
0.5151140689849854
0.9279921054840088
0.9185092449188232
0.9139909744262695
1.1231825351715088
0.8098907470703125
0.6088533401489258
0.39567112922668457
0.6284224987030029
0.27133679389953613
0.7268545627593994
0.5931379795074463
0.5954484939575195
0.499875545501709
0.18528032302856445
0.8617360591888428
0.8219807147979736
0.8176226615905762
0.735492467880249
0.7122831344604492
0.6309366226196289
1.0103096961975098
1.0075206756591797
0.9717133045196533
1.0184590816497803
0.9845585823059082
1.0088739395141602
0.4543893337249756
0.8888182640075684
0.28724241256713867
0.6273148059844971
0.5884189605712891
0.7222154140472412
0.7187228202819824
0.45505619049072266
0.44858884811401367
0.45239734649658203
0.4633810520172119
0.8628726005554199
0.8486313819885254
0.6170315742492676
0.7436587810516357
0.6515250205993652
0.567986249923706
1.079361915588379
0.699108362197876
1.1837983131408691
1.1882529258728027
0.43319082260131836
0.39583730697631836
0.21418285369873047
0.6957511901855469
0.692042350769043
0.7131476402282715
1.1452484130859375
1.1497139930725098
1.135481834411621
1.1592490673065186
1.2454147338867188
1.1416661739349365
0.8522505760192871
0.4473552703857422
0.43929290771484375
0.4512660503387451
0.6008472442626953
0.621145486831665
0.6139435768127441
0.2676279544830322
0.9387876987457275
0.9625656604766846
0.8756930828094482
0.4983389377593994
0.5565505027770996
0.5687482357025146
0.45022106170654297
0.3076212406158447
1.2142446041107178
1.0763990879058838
1.0834474563598633
1.0710854530334473
1.0239264965057373
0.6467704772949219
0.9520368576049805
1.2106916904449463
0.7364051342010498
1.1462702751159668
0.7043013572692871
0.7341585159301758
0.24561452865600586
0.21204042434692383
0.4483003616333008
1.2131922245025635
1.2681665420532227
1.3327538967132568
1.3308289051055908
1.3315844535827637
1.2851502895355225
1.2705543041229248
1.2935783863067627
1.3757140636444092
1.088212013244629
1.0032103061676025
1.010206937789917
0.3978898525238037
0.5449295043945312
0.5549662113189697
0.1808457374572754
1.0619521141052246
1.0761559009552002
0.8947105407714844
0.799675464630127
0.7641210556030273
0.6550097465515137
0.2156989574432373
1.0211937427520752
0.4987366199493408
0.18822026252746582
0.5620436668395996
0.45114755630493164
0.25541090965270996
0.5815637111663818
0.7921056747436523
0.7762365341186523
0.5647914409637451
0.5898199081420898
0.5853943824768066
0.4630568027496338
0.73476243019104
0.8486423492431641
0.7518138885498047
0.7829577922821045
0.3451247215270996
0.5295577049255371
0.7082786560058594
0.9369072914123535
0.7632124423980713
0.6716268062591553
1.1178429126739502
1.1138231754302979
0.37554073333740234
0.5674729347229004
0.5772128105163574
1.0154368877410889
0.9718163013458252
0.9681737422943115
0.6377289295196533
0.7491471767425537
0.8589625358581543
0.8794810771942139
0.8180685043334961
0.8158009052276611
0.9545907974243164
0.782907247543335
0.30309081077575684
0.1857314109802246
0.8029277324676514
0.5109741687774658
0.5056843757629395
0.41548895835876465
0.5226130485534668
0.5218164920806885
0.5356671810150146
0.6596307754516602
0.6594667434692383
0.6699841022491455
0.4323699474334717
1.0674824714660645
1.053037166595459
0.8701238632202148
0.5667366981506348
0.4471461772918701
0.6872274875640869
0.6932263374328613
0.6865444183349609
0.3513979911804199
0.2773733139038086
0.834907054901123
0.7136332988739014
0.518150806427002
0.5194323062896729
0.5222358703613281
0.5032589435577393
1.1054716110229492
1.0925612449645996
0.15214276313781738
1.205474853515625
1.1888933181762695
0.5187597274780273
1.3194148540496826
1.306678295135498
1.335923194885254
2.2198545932769775
1.309065341949463
0.362931489944458
0.19294047355651855
0.8214669227600098
1.1528651714324951
1.0421717166900635
1.080047369003296
0.9552948474884033
0.9775233268737793
0.9779233932495117
0.6068246364593506
0.6145617961883545
0.4162311553955078
1.0126991271972656
0.8649814128875732
0.9753446578979492
0.8438127040863037
0.991868257522583
0.875234842300415
0.5228891372680664
0.5394976139068604
1.1616721153259277
1.0143821239471436
0.8559503555297852
0.8372814655303955
0.7262678146362305
0.7241559028625488
0.8387939929962158
0.6987054347991943
0.5088214874267578
0.7943642139434814
0.42552900314331055
0.35289621353149414
0.35836005210876465
0.3508739471435547
0.32051587104797363
0.27950096130371094
0.5483396053314209
0.4674646854400635
0.34718871116638184
0.331251859664917
0.9994957447052002
0.7492563724517822
0.7695863246917725
0.7679133415222168
0.655104398727417
0.6539344787597656
0.6208043098449707
0.6545603275299072
0.8618307113647461
0.7822816371917725
0.828465461730957
0.8323884010314941
0.8271529674530029
0.8639037609100342
0.8379478454589844
0.6315715312957764
0.4871981143951416
0.49301719665527344
1.0414867401123047
0.9807777404785156
0.6906814575195312
0.383685827255249
1.1455974578857422
1.0969014167785645
0.7530772686004639
0.7239573001861572
0.7246239185333252
0.3678004741668701
0.6212952136993408
1.32208251953125
1.2510647773742676
1.3126568794250488
1.2579338550567627
1.240354299545288
1.2378556728363037
0.3790552616119385
0.5292613506317139
0.5595924854278564
1.3076741695404053
0.42066526412963867
0.3417038917541504
0.34162306785583496
0.6483097076416016
0.937891960144043
1.3816752433776855
0.9461593627929688
0.9475269317626953
0.9457316398620605
0.5124022960662842
0.3969542980194092
0.2673063278198242
0.2678043842315674
0.1836075782775879
0.9597654342651367
0.9056036472320557
0.720024585723877
0.8400223255157471
0.2055649757385254
0.6777424812316895
0.6486594676971436
0.6169703006744385
0.6507003307342529
1.023191213607788
0.8086001873016357
0.8060994148254395
0.5617101192474365
0.8320729732513428
0.7761189937591553
0.6654541492462158
0.7566676139831543
1.0768723487854004
1.0578653812408447
1.0268943309783936
0.9395017623901367
0.6594467163085938
0.883659839630127
0.8354904651641846
0.5584506988525391
0.9331169128417969
0.939324140548706
0.7895426750183105
0.6573686599731445
0.30919885635375977
0.3062312602996826
0.8661434650421143
1.019256353378296
1.2174313068389893
0.4633646011352539
0.45122504234313965
0.44750237464904785
0.4308452606201172
0.954897403717041
1.0513989925384521
0.9321935176849365
0.9468488693237305
0.9575600624084473
0.949420690536499
0.7385578155517578
0.5697102546691895
0.5688560009002686
1.1661136150360107
1.41310453414917
0.7814557552337646
0.2728593349456787
0.7705578804016113
0.7316844463348389
1.3537871837615967
1.2972502708435059
1.2860510349273682
1.3021855354309082
1.2480411529541016
0.24124789237976074
0.5333232879638672
0.7112996578216553
0.7120108604431152
0.5887875556945801
1.0866508483886719
0.3713521957397461
0.20357227325439453
0.735461950302124
0.8360152244567871
0.3193838596343994
1.0986976623535156
0.17747092247009277
0.8908839225769043
0.6330785751342773
0.3891890048980713
0.20318603515625
1.2194507122039795
1.1616487503051758
1.0833587646484375
1.2300729751586914
1.0913712978363037
0.4924328327178955
1.063133955001831
0.43950653076171875
0.36626338958740234
1.0568134784698486
1.0464210510253906
1.0522148609161377
1.1712491512298584
0.9856762886047363
0.9727606773376465
0.48470091819763184
0.9545671939849854
0.9755074977874756
1.2010996341705322
1.1942179203033447
0.5587971210479736
0.498593807220459
0.5109457969665527
1.2830748558044434
1.2020502090454102
1.0951297283172607
1.060103178024292
0.5675797462463379
0.5805814266204834
0.4975399971008301
0.597536563873291
0.6124868392944336
0.6843340396881104
0.6138925552368164
0.810246467590332
0.49672961235046387
0.5254387855529785
0.5320589542388916
0.6489007472991943
0.32673096656799316
0.28710436820983887
0.5535800457000732
0.4601173400878906
0.4611232280731201
0.4615509510040283
1.1358342170715332
0.9694533348083496
1.0905086994171143
0.9928774833679199
0.22607636451721191
0.13373780250549316
0.7769472599029541
0.7667403221130371
0.6590311527252197
0.6489846706390381
0.38274097442626953
1.2111222743988037
0.3478260040283203
0.3671844005584717
1.293565273284912
1.2802562713623047
0.20098304748535156
1.2005505561828613
0.767430305480957
0.7955963611602783
1.204399585723877
0.8064172267913818
0.7702357769012451
1.2279393672943115
0.5858676433563232
0.5847606658935547
0.2178487777709961
0.23221254348754883
0.6199624538421631
0.7169983386993408
0.4947664737701416
1.6435537338256836
1.4939720630645752
0.8512771129608154
0.8530130386352539
0.9093132019042969
0.15927338600158691
0.7806384563446045
0.8380334377288818
0.7656323909759521
0.7217926979064941
0.6652917861938477
0.6611058712005615
0.7698347568511963
0.7672479152679443
0.8063349723815918
0.7616198062896729
0.7474849224090576
0.5001943111419678
0.9048616886138916
0.444169282913208
0.1934199333190918
0.6676833629608154
0.7480883598327637
0.6946842670440674
0.6324775218963623
0.8134853839874268
0.7036206722259521
0.8623354434967041
1.106130838394165
1.1890053749084473
0.39058971405029297
0.35498785972595215
0.53751540184021
0.5566303730010986
1.2607684135437012
1.3507201671600342
1.1894104480743408
1.2894611358642578
1.1882624626159668
1.1894996166229248
0.2859811782836914
0.2471616268157959
0.21172451972961426
0.6974873542785645
0.8064937591552734
0.684978723526001
0.6433842182159424
0.7058701515197754
0.541579008102417
0.6549952030181885
0.6536121368408203
0.6060047149658203
0.4432802200317383
0.44266247749328613
0.47101926803588867
1.3696446418762207
1.2012228965759277
1.1904981136322021
1.192875862121582
1.1839728355407715
1.2752583026885986
0.16665148735046387
0.6023826599121094
0.4340534210205078
0.5305991172790527
0.8817431926727295
0.7774882316589355
0.2067427635192871
0.8887720108032227
0.2651691436767578
0.544562578201294
0.19844746589660645
0.4819190502166748
1.070084810256958
1.183720350265503
0.42545628547668457
0.35057592391967773
0.4074993133544922
0.9136645793914795
0.1931619644165039
0.737299919128418
0.7322285175323486
1.2370176315307617
1.1642136573791504
1.171055793762207
1.1307289600372314
0.9806292057037354
0.985419750213623
0.9997575283050537
0.9128332138061523
0.6686544418334961
0.6761765480041504
0.659156322479248
0.676459550857544
0.6433439254760742
0.7460181713104248
0.707207202911377
0.6387994289398193
0.7736165523529053
0.5678236484527588
0.5118908882141113
0.5241730213165283
0.5452301502227783
0.366971492767334
0.2954130172729492
0.30989813804626465
0.9645578861236572
0.8597276210784912
0.9666860103607178
0.24896025657653809
0.4548163414001465
0.34765195846557617
0.37938714027404785
0.17296147346496582
0.4380056858062744
0.3661994934082031
1.0923480987548828
0.5748031139373779
0.3530271053314209
1.3496878147125244
1.128612756729126
1.1080899238586426
1.0914690494537354
1.1204159259796143
1.0893967151641846
1.113621473312378
0.34423136711120605
0.18578004837036133
0.3129763603210449
1.295423984527588
0.46985554695129395
0.432361364364624
0.9216222763061523
0.16251873970031738
1.0172836780548096
1.0270369052886963
1.4910852909088135
1.4439365863800049
1.4508395195007324
0.30594778060913086
1.0703566074371338
1.071486473083496
0.7789204120635986
0.8277654647827148
0.19410109519958496
0.22338533401489258
0.37962841987609863
0.39505791664123535
1.5939860343933105
0.31970858573913574
0.20431089401245117
1.693706750869751
1.706239938735962
1.688688039779663
1.6330797672271729
0.6488025188446045
0.6461496353149414
0.6611461639404297
1.7822253704071045
0.7599847316741943
0.689037561416626
0.5530755519866943
0.4869418144226074
0.4092888832092285
0.3946268558502197
0.40051746368408203
0.43503332138061523
0.8064734935760498
0.7564423084259033
0.694495677947998
0.1712346076965332
1.359729528427124
1.199500560760498
1.1734554767608643
1.3884880542755127
1.1689891815185547
1.2082417011260986
0.31850147247314453
0.17504000663757324
0.8209731578826904
1.126535177230835
1.1906170845031738
1.196983814239502
1.1246740818023682
0.569122314453125
0.4131605625152588
1.1569058895111084
0.4261915683746338
1.1462440490722656
0.44095563888549805
1.158031940460205
1.0522651672363281
1.0684912204742432
1.0323712825775146
1.0435712337493896
0.9246137142181396
0.5388338565826416
0.7309615612030029
0.8045973777770996
0.3803720474243164
0.4917736053466797
0.8849470615386963
1.272451639175415
0.4752044677734375
0.4603271484375
0.44945669174194336
0.9845950603485107
1.1383326053619385
1.0709667205810547
1.248638391494751
1.4392108917236328
1.0867259502410889
0.6637613773345947
0.6724097728729248
0.6701428890228271
0.6777167320251465
0.6725125312805176
0.956411600112915
1.193864107131958
1.207409143447876
0.8891036510467529
0.6930944919586182
0.9058248996734619
0.9076001644134521
0.7989680767059326
0.5214724540710449
0.42005276679992676
0.8796465396881104
0.4520859718322754
0.8960137367248535
0.16634702682495117
0.5903575420379639
0.5479357242584229
0.6216981410980225
0.7721896171569824
0.6502163410186768
0.16652894020080566
0.6103756427764893
0.7447545528411865
0.760526180267334
0.6675868034362793
0.27108144760131836
0.9060745239257812
0.7393696308135986
0.987755537033081
0.9558229446411133
0.9521021842956543
0.8638601303100586
0.7897577285766602
0.2612423896789551
0.7432236671447754
0.8969006538391113
0.46604156494140625
1.0478782653808594
0.9164137840270996
1.2781331539154053
1.088362455368042
1.107191562652588
1.0853314399719238
1.0931293964385986
1.0261366367340088
1.0566065311431885
0.6386537551879883
0.2606053352355957
1.0949411392211914
1.4217965602874756
1.3279383182525635
1.3141047954559326
1.3040997982025146
1.3299100399017334
1.3443105220794678
0.20733332633972168
0.6470296382904053
0.9107015132904053
0.7956304550170898
0.7963576316833496
0.2888212203979492
0.30241966247558594
1.1561307907104492
1.1243219375610352
0.9620134830474854
0.918149471282959
1.3962478637695312
0.5637798309326172
1.1607952117919922
0.9061393737792969
0.7760586738586426
0.9087457656860352
1.2872591018676758
0.7483890056610107
0.9304778575897217
0.21837162971496582
0.5184144973754883
0.6035678386688232
0.33962106704711914
0.8074188232421875
0.5266575813293457
0.7609233856201172
0.8429749011993408
0.938957691192627
0.9585294723510742
0.3508617877960205
0.36904191970825195
0.6916868686676025
0.4056534767150879
1.0962505340576172
1.081956386566162
1.0542349815368652
1.0465595722198486
0.7741615772247314
1.2734136581420898
1.0593538284301758
0.8888390064239502
1.0714991092681885
0.9103066921234131
0.891200065612793
0.9068388938903809
0.6953308582305908
0.6380734443664551
0.15627789497375488
0.7356626987457275
0.8309919834136963
0.8647396564483643
0.9555249214172363
1.0434761047363281
1.02803373336792
0.3424818515777588
0.2206881046295166
1.1097874641418457
1.088169813156128
0.9210515022277832
0.7062394618988037
0.6109411716461182
0.6947872638702393
0.7016050815582275
0.44658327102661133
0.3539888858795166
0.1726524829864502
0.9816381931304932
0.33753395080566406
1.204233169555664
1.23829984664917
1.3023662567138672
1.6606788635253906
1.3444058895111084
1.309704303741455
1.6141302585601807
1.3307397365570068
1.3136670589447021
1.3427796363830566
0.5256459712982178
0.548884391784668
1.1391143798828125
1.131535530090332
0.43402695655822754
1.5241913795471191
1.1573402881622314
0.7995285987854004
1.070307970046997
1.00663161277771
0.46778130531311035
0.5702648162841797
0.617462158203125
0.6904852390289307
0.47219395637512207
0.5719983577728271
0.5676445960998535
0.4152507781982422
0.5284931659698486
0.5530180931091309
0.4966747760772705
0.5894811153411865
0.6189515590667725
0.7381455898284912
0.6578819751739502
0.7302205562591553
1.2216620445251465
1.211836576461792
1.091153860092163
1.0978407859802246
1.1139726638793945
0.7314414978027344
0.8466753959655762
0.6328043937683105
0.9024271965026855
0.8909194469451904
0.9008045196533203
0.7207527160644531
0.46821141242980957
0.30901193618774414
0.43871283531188965
0.49899911880493164
0.31836771965026855
1.0184011459350586
1.1611504554748535
1.3073453903198242
0.4349827766418457
0.8461997509002686
0.16623878479003906
0.8901901245117188
1.1213939189910889
1.1633026599884033
0.8218629360198975
0.7387323379516602
0.9505321979522705
0.9033694267272949
0.3854243755340576
0.35829901695251465
0.6613812446594238
0.4517946243286133
0.6208536624908447
0.6525139808654785
0.702507734298706
0.4059326648712158
0.43036437034606934
0.6852719783782959
0.5262858867645264
0.9991734027862549
0.560558557510376
0.544684648513794
0.36179304122924805
1.124739170074463
1.1250813007354736
0.6876542568206787
1.1281185150146484
0.8435885906219482
1.0401287078857422
0.5191519260406494
0.1995830535888672
0.3012852668762207
0.23763251304626465
1.0664637088775635
0.9748613834381104
0.9790003299713135
0.9376647472381592
0.8484852313995361
0.9091031551361084
0.5809552669525146
1.4923603534698486
1.5174150466918945
1.425419569015503
1.4124126434326172
0.4447636604309082
0.45643019676208496
0.44933342933654785
0.38022351264953613
0.7819991111755371
0.34418654441833496
0.8047912120819092
0.35728931427001953
0.7797582149505615
0.7372522354125977
0.7419629096984863
0.9292879104614258
0.9265971183776855
0.9526581764221191
0.34043264389038086
0.9385738372802734
0.8363087177276611
0.25261950492858887
0.5685029029846191
0.5729639530181885
0.9306893348693848
1.115103006362915
0.2170720100402832
0.8877999782562256
0.7895205020904541
0.22578907012939453
1.336273193359375
0.7946746349334717
0.8158619403839111
1.197737693786621
1.0029222965240479
0.9737863540649414
0.9670326709747314
0.9778091907501221
0.8971023559570312
0.7087783813476562
0.2905852794647217
0.1708085536956787
0.5371346473693848
0.17741131782531738
0.6479458808898926
0.572810173034668
1.1817200183868408
0.9938850402832031
0.8833696842193604
0.44083070755004883
0.4540078639984131
0.5291905403137207
0.997692346572876
0.2630321979522705
0.666346549987793
0.18153643608093262
1.2522108554840088
0.3683936595916748
1.1215767860412598
1.2610888481140137
1.1161417961120605
0.4215128421783447
1.115725040435791
0.268831729888916
0.31859278678894043
1.197397232055664
1.2224373817443848
0.8173999786376953
0.7252459526062012
0.750638484954834
0.7466235160827637
0.5308613777160645
1.45694899559021
0.9225971698760986
1.0351457595825195
1.052948236465454
0.9239001274108887
0.6746325492858887
0.3081676959991455
0.6612241268157959
0.49272847175598145
0.20155024528503418
0.6272547245025635
0.566678524017334
0.5086395740509033
0.3771188259124756
0.4346644878387451
0.415973424911499
0.4384608268737793
0.20115208625793457
0.7761545181274414
0.6429665088653564
0.6406326293945312
0.643007755279541
0.7157912254333496
0.5389559268951416
0.5398480892181396
0.5290219783782959
0.7660937309265137
1.0478894710540771
1.0480780601501465
0.7087175846099854
0.691554069519043
0.7004885673522949
0.3703618049621582
0.22808408737182617
0.939486026763916
1.0314960479736328
0.22731304168701172
1.373495101928711
1.3899447917938232
0.8156695365905762
0.9421508312225342
1.1000471115112305
1.458909034729004
1.3008370399475098
0.5121634006500244
0.5405855178833008
0.7747559547424316
0.8562877178192139
0.7726712226867676
0.5394973754882812
0.40045952796936035
1.268345832824707
1.2260141372680664
0.9201958179473877
1.0332462787628174
0.9312255382537842
0.4627418518066406
0.3549923896789551
1.559441089630127
1.5608172416687012
1.7847826480865479
0.5171563625335693
0.35012316703796387
0.2256326675415039
0.5033726692199707
0.43218135833740234
0.5510509014129639
0.5642211437225342
0.5541555881500244
2.001803159713745
2.1118381023406982
0.8945441246032715
0.8925528526306152
0.95062255859375
0.42136192321777344
1.1027820110321045
0.19218134880065918
0.771122932434082
0.49811601638793945
1.5517523288726807
0.6506698131561279
0.7505922317504883
0.36940741539001465
0.5102872848510742
0.6325995922088623
0.20893621444702148
0.4103515148162842
0.40457940101623535
0.8850314617156982
0.3999171257019043
0.2924690246582031
0.1806347370147705
0.5701677799224854
0.31049561500549316
0.5722935199737549
0.4423551559448242
0.5039753913879395
0.517399787902832
0.19207763671875
0.6687846183776855
0.4024536609649658
1.23142671585083
1.2415690422058105
1.2443792819976807
1.2512059211730957
1.1983866691589355
1.2030491828918457
1.2968089580535889
1.2205445766448975
0.3372828960418701
0.3337571620941162
0.9212148189544678
0.893622636795044
0.749910831451416
0.7420449256896973
0.7397713661193848
0.7235455513000488
0.5481934547424316
0.5545127391815186
0.5950531959533691
0.773859977722168
0.7829458713531494
0.7088665962219238
0.6665990352630615
0.9238040447235107
0.5439395904541016
0.5518171787261963
0.5280671119689941
0.49411892890930176
0.5247201919555664
0.7819397449493408
0.5478334426879883
0.5661895275115967
0.5939323902130127
0.20640921592712402
1.001903772354126
0.404979944229126
0.41286396980285645
0.7711524963378906
0.7486040592193604
0.7331204414367676
0.692894458770752
0.5687425136566162
1.6553544998168945
0.5586249828338623
0.5858199596405029
0.19504833221435547
0.2819700241088867
0.2939732074737549
0.5998492240905762
0.5946800708770752
0.5678670406341553
0.5656530857086182
0.41158199310302734
0.28244805335998535
0.3485991954803467
1.0386638641357422
0.20832610130310059
0.8695018291473389
0.8603696823120117
0.8034281730651855
0.7616183757781982
0.8118646144866943
1.1156642436981201
1.339266300201416
1.2699718475341797
0.33666038513183594
0.19525909423828125
1.3471941947937012
1.3636670112609863
1.4025819301605225
0.3479123115539551
0.30141782760620117
1.3809435367584229
0.6569006443023682
0.7009248733520508
0.7149088382720947
0.4623103141784668
0.7233827114105225
0.6015706062316895
0.3749828338623047
0.6104991436004639
0.5516495704650879
0.41666579246520996
0.441164493560791
0.4525148868560791
0.44889211654663086
0.627830982208252
0.4813225269317627
0.5268056392669678
1.609722375869751
1.3579251766204834
0.5805325508117676
1.730945110321045
1.7581980228424072
0.2890167236328125
1.727224349975586
1.6840360164642334
1.6697807312011719
1.5523953437805176
1.6368732452392578
0.25327110290527344
0.6357934474945068
0.6366329193115234
0.4971306324005127
1.3810415267944336
1.2822515964508057
1.3401892185211182
1.282390832901001
0.18622374534606934
0.7973363399505615
0.8160862922668457
0.6517446041107178
0.23727202415466309
0.6776072978973389
1.4184856414794922
0.37999629974365234
0.354245662689209
0.8307003974914551
0.8253912925720215
0.7402193546295166
0.7141814231872559
0.8883075714111328
0.5942366123199463
0.6140568256378174
0.6190845966339111
0.6321656703948975
0.6190710067749023
0.5565812587738037
0.4501609802246094
0.6650404930114746
0.9665889739990234
0.9372498989105225
0.7088968753814697
0.16967487335205078
0.5621130466461182
0.5777039527893066
0.2512686252593994
0.1769392490386963
0.22158527374267578
0.926185131072998
0.8789455890655518
0.7637684345245361
0.8329446315765381
1.0214836597442627
1.0983595848083496
0.7312602996826172
1.0676217079162598
1.025514841079712
0.5627913475036621
0.5805518627166748
0.6032884120941162
0.5612940788269043
0.35282278060913086
0.650397539138794
0.7665209770202637
0.7442202568054199
0.7999505996704102
0.616037130355835
0.624154806137085
0.6882264614105225
0.5342786312103271
0.41615962982177734
0.39754772186279297
1.4256160259246826
0.3262465000152588
0.27807092666625977
0.26175475120544434
0.8900694847106934
1.3579983711242676
0.9849135875701904
0.12989544868469238
0.8507363796234131
0.8474569320678711
1.529801845550537
1.3510081768035889
1.3550083637237549
1.2897875308990479
1.2810907363891602
0.5962190628051758
0.6862890720367432
1.2120733261108398
0.42546558380126953
0.44089627265930176
0.5685746669769287
0.4075605869293213
0.9632143974304199
0.4213876724243164
0.3241889476776123
0.32846736907958984
0.4864687919616699
0.40120673179626465
0.37191128730773926
0.26455163955688477
0.2705667018890381
1.4313538074493408
1.4252760410308838
0.8425791263580322
0.7835350036621094
0.7512202262878418
0.5919384956359863
0.5971698760986328
0.5867114067077637
0.5945301055908203
0.9291806221008301
1.5993578433990479
1.6075348854064941
1.0805587768554688
0.4679715633392334
1.1253275871276855
1.7677483558654785
0.9649472236633301
0.9596047401428223
0.5641994476318359
0.7562465667724609
0.5643417835235596
0.5278732776641846
0.4678840637207031
0.4679858684539795
1.7547767162322998
1.0784354209899902
1.0971474647521973
1.7589569091796875
1.7792863845825195
1.6527154445648193
0.16501164436340332
1.7944142818450928
0.46297740936279297
1.080808401107788
1.2024664878845215
0.44969654083251953
0.43744421005249023
0.5993671417236328
0.7185413837432861
2.378790855407715
0.9110655784606934
0.6774172782897949
0.44974756240844727
1.2075951099395752
1.1379845142364502
1.1548597812652588
0.8162128925323486
0.7888333797454834
1.2860469818115234
1.194092035293579
0.26540327072143555
0.2408311367034912
0.8573246002197266
0.17537164688110352
1.1717948913574219
1.0726385116577148
1.0806386470794678
1.0162353515625
0.9847104549407959
0.9845433235168457
0.8832805156707764
0.5025107860565186
1.213815689086914
1.1111321449279785
1.1481359004974365
1.118086814880371
0.9591782093048096
0.919116735458374
0.20804882049560547
0.2485945224761963
0.7935271263122559
0.8161640167236328
0.819998025894165
0.20890569686889648
0.6207573413848877
0.6207594871520996
0.7861237525939941
0.7634508609771729
0.189849853515625
0.9635348320007324
0.4561488628387451
0.5538315773010254
1.3273744583129883
0.9367151260375977
0.8929214477539062
1.0794389247894287
1.0554404258728027
1.118257761001587
1.1349430084228516
1.1260812282562256
1.1274847984313965
0.6031105518341064
0.6879103183746338
0.7138671875
0.7455410957336426
0.6230089664459229
0.5070948600769043
0.574664831161499
0.17126893997192383
0.7987716197967529
0.7253971099853516
0.7132360935211182
0.6760256290435791
0.6609065532684326
1.1119089126586914
1.1220622062683105
1.1081547737121582
1.0406670570373535
0.32483720779418945
1.076460361480713
0.3322174549102783
0.49920153617858887
0.6220638751983643
0.8410599231719971
0.6160461902618408
0.7397184371948242
1.0518927574157715
0.546837329864502
0.5625665187835693
0.6313588619232178
0.3473353385925293
0.39246630668640137
0.21079421043395996
0.7923963069915771
0.20058035850524902
0.7814130783081055
0.5594756603240967
0.5659303665161133
0.3507044315338135
0.3483121395111084
0.8179230690002441
0.889101505279541
0.8971743583679199
0.9198439121246338
0.9063606262207031
0.3864023685455322
0.4158763885498047
0.2874791622161865
0.4974842071533203
1.1823041439056396
0.996262788772583
1.0555744171142578
1.0852453708648682
0.5296576023101807
0.5172183513641357
0.5252547264099121
1.1384978294372559
1.164623498916626
1.13382887840271
1.1585519313812256
1.1755642890930176
1.1277060508728027
1.1164953708648682
1.2240920066833496
1.213956356048584
1.2145154476165771
1.0913889408111572
1.4472975730895996
