0.39807796478271484
0.46576809883117676
0.519026517868042
0.6073799133300781
0.6050591468811035
0.708458423614502
0.699451208114624
0.43164682388305664
0.800163984298706
0.7831134796142578
0.6539440155029297
0.5803968906402588
0.8881876468658447
0.6680700778961182
0.86826491355896
1.018071174621582
0.9220030307769775
0.9612512588500977
0.6692397594451904
0.7643628120422363
1.2121214866638184
1.0779664516448975
1.0577421188354492
1.0902137756347656
1.377244234085083
0.8569724559783936
0.3800504207611084
0.39675045013427734
1.4149634838104248
0.977543830871582
0.15355825424194336
0.22938323020935059
0.9593043327331543
0.9916515350341797
1.582855224609375
0.2670884132385254
0.3448953628540039
0.3301992416381836
1.2115468978881836
0.7404646873474121
1.1760170459747314
1.199857473373413
1.8682081699371338
0.9526412487030029
1.413710355758667
1.4971213340759277
1.364598035812378
0.9970135688781738
1.3427724838256836
1.6578586101531982
1.7401390075683594
1.384739875793457
0.39909863471984863
1.1839103698730469
0.202653169631958
1.854313611984253
2.200913667678833
2.2271790504455566
0.9997336864471436
0.2206268310546875
0.5948424339294434
0.4658212661743164
1.4693412780761719
1.898690938949585
0.41966748237609863
0.482769250869751
2.113215208053589
0.20260953903198242
1.7992401123046875
2.2542195320129395
1.939925193786621
0.6784706115722656
0.6599714756011963
0.5796902179718018
0.8387508392333984
0.7130157947540283
0.38031601905822754
2.137519121170044
0.3371920585632324
2.1623950004577637
0.8372430801391602
0.861971378326416
0.9193899631500244
0.4683399200439453
0.4505295753479004
1.04215669631958
0.9823343753814697
1.8180129528045654
1.796410083770752
0.5758938789367676
0.44483375549316406
0.42489099502563477
0.43091893196105957
0.946765661239624
2.5086512565612793
2.1116552352905273
1.8934822082519531
0.5043301582336426
0.5761928558349609
2.138230800628662
0.3910033702850342
0.3423776626586914
0.4048309326171875
1.0429468154907227
2.7358665466308594
0.9821579456329346
0.14519500732421875
2.8071208000183105
2.082390308380127
2.315498113632202
0.5423853397369385
2.667344570159912
2.9824154376983643
1.0473437309265137
1.083892583847046
1.0445313453674316
2.3745412826538086
0.9810211658477783
0.9445970058441162
0.6630427837371826
0.7638528347015381
0.7291772365570068
1.5195448398590088
0.3740417957305908
0.28658175468444824
0.46935343742370605
3.2144415378570557
0.8041212558746338
0.6350634098052979
0.6421394348144531
2.2073090076446533
1.6877670288085938
1.7461063861846924
1.6693181991577148
0.21027350425720215
0.6816918849945068
0.5659992694854736
0.5945937633514404
0.6605639457702637
2.6182689666748047
0.6473274230957031
0.6954703330993652
0.4726853370666504
2.5729715824127197
0.319350004196167
2.0043201446533203
0.28719043731689453
0.8660800457000732
2.635551691055298
0.42532825469970703
0.4766409397125244
0.9888970851898193
2.6648733615875244
2.608903408050537
1.9495933055877686
3.1242287158966064
1.8588297367095947
2.8088717460632324
2.150203227996826
1.8559422492980957
0.18948698043823242
0.2756662368774414
1.1149604320526123
1.0221529006958008
0.9571743011474609
1.030097246170044
0.9944088459014893
0.9235446453094482
0.4578685760498047
0.4910922050476074
0.3372819423675537
1.2584643363952637
1.164198398590088
0.18480467796325684
2.4043843746185303
2.320981979370117
2.3853280544281006
1.8684628009796143
1.7673614025115967
1.8293864727020264
0.5729248523712158
0.5360221862792969
0.47917628288269043
0.46651411056518555
1.3808472156524658
0.22158360481262207
0.37418484687805176
0.3742024898529053
2.0489563941955566
0.6491997241973877
0.6463289260864258
0.5663237571716309
0.6531031131744385
2.457627058029175
2.417043685913086
2.150731325149536
2.146202802658081
2.411957025527954
1.5551159381866455
0.7926328182220459
0.7768700122833252
0.36846280097961426
0.7570152282714844
1.5240788459777832
0.6011528968811035
1.7546894550323486
1.6029322147369385
2.225977659225464
1.7844433784484863
1.6827325820922852
0.4641599655151367
0.5412876605987549
1.6085970401763916
1.5987627506256104
0.20749139785766602
0.7603902816772461
0.27080535888671875
0.7662613391876221
0.7544708251953125
1.9136908054351807
0.9359853267669678
1.0883734226226807
0.21557259559631348
1.1463656425476074
1.1400532722473145
1.1378419399261475
0.9640414714813232
1.9028186798095703
0.2270190715789795
0.33492374420166016
0.30336523056030273
0.6235089302062988
0.6343033313751221
1.2871129512786865
0.2507359981536865
0.204667329788208
0.7585771083831787
0.764392614364624
0.716646671295166
0.5672409534454346
1.3999121189117432
2.19307541847229
1.526125431060791
1.4127485752105713
1.4045534133911133
2.394216775894165
0.30138301849365234
0.3602561950683594
0.20438528060913086
0.5025403499603271
2.3261008262634277
2.2768585681915283
1.7015228271484375
1.731278896331787
1.4946062564849854
1.5089678764343262
1.5341980457305908
1.5313856601715088
1.2087690830230713
1.5369224548339844
2.4981532096862793
0.8375179767608643
0.7249674797058105
0.726860761642456
1.94181227684021
0.39273643493652344
0.3798544406890869
0.3251931667327881
0.7088983058929443
2.060182809829712
0.7930476665496826
2.074779510498047
2.050447940826416
2.146777391433716
2.8122894763946533
2.7614054679870605
1.946429967880249
2.7349038124084473
2.704813003540039
2.8055245876312256
2.729304075241089
2.758178949356079
0.6792056560516357
0.34298038482666016
0.8498265743255615
0.727564811706543
0.9010581970214844
0.8369903564453125
0.6125988960266113
0.4777557849884033
0.5597262382507324
0.5902795791625977
0.28786277770996094
0.3812716007232666
0.6293380260467529
1.3863096237182617
1.365535020828247
0.3637244701385498
0.28938794136047363
0.7143328189849854
0.6804063320159912
0.724329948425293
0.7023298740386963
0.7316985130310059
0.759199857711792
0.7768738269805908
0.7475965023040771
0.7450473308563232
1.6092255115509033
1.5489602088928223
0.5820374488830566
0.8000330924987793
1.328111171722412
1.2899580001831055
1.303757667541504
1.2896573543548584
1.3020532131195068
1.2861638069152832
1.5957393646240234
2.6026275157928467
0.3096272945404053
0.4976167678833008
0.1873171329498291
0.7845690250396729
0.7864506244659424
2.7297213077545166
2.6542859077453613
0.7059783935546875
0.8099219799041748
1.833324670791626
1.8550066947937012
2.647719383239746
2.8176727294921875
2.7534115314483643
0.549574613571167
0.629042387008667
0.5519976615905762
0.6355576515197754
1.2391231060028076
1.237112283706665
1.1732215881347656
1.2585816383361816
1.7400736808776855
0.6616947650909424
2.8924379348754883
0.7109143733978271
0.5632543563842773
1.725630283355713
1.7130272388458252
0.529076337814331
3.0150904655456543
0.6347167491912842
0.14856719970703125
0.7263526916503906
0.5531189441680908
0.32624340057373047
1.7803688049316406
1.920762300491333
0.7475230693817139
1.8597869873046875
1.8267066478729248
0.7139637470245361
0.43962717056274414
0.7636876106262207
1.4968466758728027
1.463101863861084
0.3374500274658203
0.312450647354126
1.2443244457244873
3.733961820602417
1.3520922660827637
0.9556710720062256
0.9555468559265137
0.9639730453491211
0.8505470752716064
0.851799726486206
1.476646900177002
0.496873140335083
0.3727717399597168
1.8441202640533447
1.7259984016418457
1.7423441410064697
0.7118573188781738
0.9364180564880371
0.7904250621795654
1.5467844009399414
1.448958158493042
1.591829538345337
1.8308405876159668
1.8345105648040771
1.791926383972168
1.8519394397735596
0.9481422901153564
1.9635894298553467
1.2081050872802734
0.7102768421173096
1.8968429565429688
1.0180957317352295
0.6747677326202393
0.5987226963043213
0.37827587127685547
1.0770912170410156
1.655989408493042
0.8870565891265869
1.0153512954711914
0.4432957172393799
0.40355753898620605
0.2768571376800537
0.26845526695251465
1.1706700325012207
1.2334587574005127
1.3879916667938232
0.8690941333770752
0.19562172889709473
1.147895097732544
0.8836042881011963
0.2790341377258301
0.838435173034668
0.8462748527526855
2.1919846534729004
1.8612492084503174
1.7127118110656738
1.846879005432129
1.685159683227539
0.433333158493042
0.42758631706237793
0.791740894317627
0.7803144454956055
0.8899843692779541
0.7710394859313965
1.003657579421997
0.5405101776123047
1.3998653888702393
2.261963129043579
1.2323355674743652
1.319920539855957
2.4156076908111572
2.3580968379974365
2.3046886920928955
0.34168028831481934
0.49145030975341797
0.28128647804260254
1.9642984867095947
1.4508039951324463
1.4493138790130615
1.3426332473754883
1.4008533954620361
1.3587751388549805
0.18318390846252441
0.8624687194824219
0.860764741897583
0.21748828887939453
0.14452552795410156
1.4125266075134277
1.4368200302124023
1.498295545578003
1.495457410812378
1.2384846210479736
1.2432243824005127
0.16701507568359375
1.2517321109771729
0.8682243824005127
1.21287202835083
0.4743340015411377
0.9672389030456543
0.43226170539855957
1.0817451477050781
0.4874117374420166
0.4046492576599121
1.31911301612854
1.1945948600769043
1.1780822277069092
0.6357340812683105
0.14698147773742676
1.6858515739440918
1.6889393329620361
1.2429392337799072
1.3480134010314941
1.2492237091064453
0.28279542922973633
0.6492393016815186
1.278808832168579
0.8127341270446777
1.3535935878753662
0.6789894104003906
0.606250524520874
0.6743438243865967
0.5854673385620117
1.448410987854004
1.4070360660552979
0.30405449867248535
0.2608635425567627
0.7467038631439209
1.349890947341919
0.9295563697814941
1.364750623703003
1.644956111907959
1.922677993774414
1.6090185642242432
0.21126198768615723
0.9244575500488281
0.9119298458099365
0.9030234813690186
1.6833586692810059
1.273993730545044
1.2966110706329346
1.2962393760681152
1.4108085632324219
0.7387533187866211
1.8433072566986084
1.133554220199585
1.1813013553619385
1.0183537006378174
1.0127739906311035
1.8881652355194092
0.9241430759429932
0.8234283924102783
0.8205792903900146
0.5309746265411377
0.5301835536956787
0.5713710784912109
0.5769743919372559
0.7289636135101318
0.6789135932922363
2.0136594772338867
1.959702491760254
1.0145554542541504
1.0317168235778809
1.3951234817504883
1.067349910736084
2.048232316970825
0.491304874420166
0.6016342639923096
0.6204953193664551
2.2006983757019043
1.244776964187622
0.7799038887023926
0.8219296932220459
0.4990274906158447
2.1908183097839355
2.1588525772094727
2.156106472015381
0.6649632453918457
0.6442275047302246
0.8980772495269775
0.813218355178833
1.459622859954834
1.4810764789581299
0.616570234298706
0.3446977138519287
0.6317107677459717
1.2079594135284424
1.1785557270050049
0.982642412185669
0.9598684310913086
0.7396078109741211
1.4620141983032227
1.1161479949951172
1.1239895820617676
0.42832064628601074
0.4598367214202881
0.9695985317230225
1.0827453136444092
1.643714189529419
0.6249661445617676
0.5756444931030273
0.576683521270752
0.4581177234649658
1.1267740726470947
0.45670390129089355
0.9569883346557617
0.9714431762695312
0.9695167541503906
1.8344295024871826
1.7712783813476562
1.7885706424713135
1.7382214069366455
1.8838346004486084
1.2071475982666016
1.814751386642456
1.1771507263183594
1.1672680377960205
1.3573927879333496
1.278247356414795
0.5889270305633545
1.241363763809204
1.3236782550811768
1.2528982162475586
1.162539005279541
0.9573264122009277
1.2368721961975098
1.3434343338012695
1.4458999633789062
1.356337070465088
0.8844039440155029
0.9408032894134521
0.6617000102996826
0.6196792125701904
0.614980936050415
0.8909645080566406
0.8869731426239014
0.578589677810669
0.6019177436828613
0.49513912200927734
0.4238924980163574
1.174971103668213
1.1606128215789795
0.69376540184021
0.6851990222930908
1.1406641006469727
0.4446244239807129
1.1252851486206055
0.45446085929870605
0.5013821125030518
0.4583566188812256
0.6308295726776123
0.8021788597106934
0.7651605606079102
0.7676186561584473
0.8359780311584473
0.7644307613372803
1.2913908958435059
0.407703161239624
1.3696625232696533
1.2268376350402832
1.3842649459838867
0.14743638038635254
0.807175874710083
0.6040449142456055
1.3637776374816895
0.5629127025604248
0.4576685428619385
0.37383317947387695
0.42755985260009766
0.91536545753479
0.9431302547454834
0.9352619647979736
0.9468462467193604
0.9363133907318115
1.1139981746673584
1.7756617069244385
0.9416472911834717
0.9645745754241943
1.4070405960083008
0.7589926719665527
0.7329866886138916
0.7655291557312012
0.5585505962371826
0.2771761417388916
1.0389549732208252
1.246978759765625
1.010850191116333
0.9654934406280518
1.3225736618041992
0.618281364440918
1.1662273406982422
1.4909453392028809
0.852935791015625
0.8941206932067871
0.8935284614562988
1.0074620246887207
0.8593025207519531
0.7638885974884033
0.7615342140197754
0.7757987976074219
0.35980796813964844
0.3639354705810547
1.6201450824737549
1.6449697017669678
1.4163954257965088
0.8307945728302002
0.18411993980407715
0.9258239269256592
0.5164949893951416
0.7366600036621094
2.0545549392700195
0.6945087909698486
0.8332233428955078
1.4559121131896973
1.4561865329742432
1.1367206573486328
1.041607141494751
0.3363025188446045
0.3545966148376465
0.9618635177612305
0.9870090484619141
0.9999606609344482
1.0201354026794434
0.5996909141540527
1.0117392539978027
1.1786963939666748
1.1771466732025146
1.3319082260131836
2.1369199752807617
0.7733597755432129
0.7601325511932373
0.7020890712738037
0.6847805976867676
0.6618146896362305
1.2089054584503174
1.140207290649414
1.1517047882080078
1.2255597114562988
0.4501383304595947
0.2272026538848877
0.7614271640777588
1.3201324939727783
1.4521980285644531
0.7807400226593018
0.1644117832183838
0.3988037109375
0.9855432510375977
0.9421811103820801
0.8010170459747314
1.452253818511963
1.4510612487792969
1.008120059967041
0.23911356925964355
1.5786821842193604
0.5411510467529297
1.0362036228179932
0.5346384048461914
0.5347983837127686
0.5418496131896973
0.809683084487915
1.1488533020019531
0.23881983757019043
0.8593349456787109
0.8796954154968262
0.8942115306854248
1.775742769241333
0.6425859928131104
0.43315792083740234
0.43727803230285645
0.4453392028808594
1.8376998901367188
1.633713960647583
1.1905782222747803
1.260019063949585
0.21745777130126953
1.0815930366516113
1.0400164127349854
0.7292613983154297
0.7225954532623291
1.161614179611206
0.6853747367858887
1.4798882007598877
1.1683228015899658
1.2103090286254883
0.696814775466919
0.7073123455047607
0.5979321002960205
0.7225229740142822
1.2911412715911865
1.5884335041046143
1.5890100002288818
0.8687911033630371
0.7857203483581543
1.3228952884674072
0.4999825954437256
0.5030169486999512
0.5033519268035889
1.3845036029815674
1.4398536682128906
1.6965289115905762
1.7049291133880615
2.464876651763916
1.5137441158294678
0.39095258712768555
1.645742416381836
1.6606268882751465
2.652330160140991
1.595977544784546
2.685061454772949
2.0260438919067383
2.0114288330078125
1.4342224597930908
0.5844860076904297
0.7775347232818604
0.654494047164917
1.9272546768188477
1.919267177581787
0.6179354190826416
0.695042610168457
0.5916755199432373
1.136009693145752
1.1104857921600342
1.065009593963623
1.1085848808288574
1.0570755004882812
1.1040983200073242
1.5170917510986328
0.8700716495513916
1.1400046348571777
1.7432098388671875
0.8801021575927734
0.7089781761169434
1.1407787799835205
1.7284550666809082
1.733461856842041
1.235938310623169
1.2154667377471924
1.1481437683105469
1.1995480060577393
1.8517398834228516
1.5465753078460693
0.26800060272216797
1.0199308395385742
1.9683938026428223
1.9658122062683105
1.9584848880767822
2.417971611022949
0.8639168739318848
1.2127492427825928
1.68906831741333
1.7091093063354492
1.944289207458496
1.6587328910827637
1.6605679988861084
1.639228105545044
1.2919199466705322
1.7406446933746338
0.908311128616333
0.9133994579315186
0.9952297210693359
0.9114916324615479
0.901716947555542
1.8359408378601074
2.3046059608459473
1.526787281036377
1.5465302467346191
1.197028398513794
0.6531293392181396
0.7563061714172363
0.7573716640472412
0.8203368186950684
1.4256880283355713
1.3110122680664062
1.2319138050079346
0.9983835220336914
1.0705156326293945
0.9300158023834229
0.9564900398254395
1.52000093460083
0.3115673065185547
0.31221938133239746
1.2516474723815918
1.425938367843628
1.4713146686553955
1.3737273216247559
1.429610252380371
1.3852899074554443
1.0284247398376465
1.0181114673614502
1.3046371936798096
0.9748015403747559
0.8301384449005127
0.9774532318115234
0.8122828006744385
1.073869228363037
0.8294274806976318
1.2430996894836426
1.1792168617248535
1.168891191482544
1.003819465637207
0.9848403930664062
0.9899842739105225
0.8976984024047852
0.17983698844909668
0.5019083023071289
1.4039852619171143
1.2318804264068604
1.3416695594787598
0.19895601272583008
1.320282220840454
1.2309718132019043
1.1197128295898438
1.222585916519165
1.2181727886199951
0.6099493503570557
0.5882720947265625
1.1583201885223389
1.1537253856658936
1.1670043468475342
0.9812400341033936
1.0274279117584229
1.0400962829589844
0.2555086612701416
0.7418322563171387
0.698296070098877
0.7338552474975586
0.7448863983154297
0.42583489418029785
1.1509811878204346
1.1323440074920654
1.149857759475708
1.2511534690856934
1.2523813247680664
1.2110850811004639
1.0255095958709717
1.0395705699920654
1.3533835411071777
0.4754166603088379
0.6643595695495605
0.550328254699707
0.5271205902099609
0.5784671306610107
1.4562008380889893
0.8730623722076416
0.22265076637268066
0.6808309555053711
0.785567045211792
0.8286147117614746
0.837782621383667
1.8096551895141602
0.32930874824523926
0.3343777656555176
1.3524763584136963
1.9337186813354492
0.9065208435058594
0.15779900550842285
1.4774420261383057
0.30269432067871094
1.0418758392333984
2.00180721282959
1.1680123805999756
1.056447982788086
1.4702231884002686
1.4741618633270264
1.1238975524902344
1.0393364429473877
1.0397958755493164
0.7866904735565186
0.47104692459106445
1.2237780094146729
1.2977452278137207
2.1496992111206055
2.086526870727539
2.153629779815674
2.105834484100342
1.9984941482543945
1.9528048038482666
1.7361927032470703
1.0268588066101074
0.9011590480804443
1.5827891826629639
0.47904133796691895
0.91231369972229
1.4654271602630615
1.1461308002471924
1.5591497421264648
1.4725518226623535
1.2637112140655518
1.3900909423828125
1.277261734008789
0.3071250915527344
1.2371139526367188
0.8805925846099854
0.6339342594146729
1.5612988471984863
0.5232880115509033
0.5298740863800049
0.20814871788024902
0.7306215763092041
0.2332901954650879
0.1862964630126953
0.5134458541870117
0.5913631916046143
0.3318145275115967
1.0543849468231201
0.5307307243347168
0.5285449028015137
0.5904045104980469
0.9783003330230713
0.9741909503936768
0.9135069847106934
1.7352354526519775
0.916656494140625
1.7710366249084473
1.1611647605895996
0.9275927543640137
0.9874176979064941
0.930105447769165
1.0280482769012451
0.8949751853942871
0.963794469833374
0.9504051208496094
0.9490315914154053
0.9382457733154297
0.3760499954223633
1.1268157958984375
1.2803404331207275
1.806187391281128
1.6876180171966553
1.5593523979187012
1.5292327404022217
1.52779221534729
1.930302619934082
1.116682529449463
0.7618463039398193
1.2712326049804688
0.5387482643127441
0.544600248336792
0.21186566352844238
0.25588250160217285
0.72812819480896
0.34933948516845703
0.5292916297912598
0.5234308242797852
1.5404653549194336
1.5497550964355469
0.7698419094085693
0.2964448928833008
1.5130479335784912
1.6833078861236572
1.8099093437194824
1.6438367366790771
1.6127445697784424
0.7580952644348145
0.8012783527374268
0.9357314109802246
0.9994893074035645
0.938929557800293
0.910576581954956
0.6109046936035156
0.6842694282531738
0.6464180946350098
0.48650455474853516
0.9709172248840332
0.9815514087677002
0.9695291519165039
0.8500688076019287
0.957252025604248
1.9429173469543457
2.0178046226501465
2.042644739151001
1.345585584640503
2.0527329444885254
1.3796064853668213
2.1566083431243896
2.050257682800293
0.2763690948486328
0.5565955638885498
0.5677928924560547
1.2731213569641113
1.428682804107666
1.428741455078125
2.2771453857421875
0.9602930545806885
2.3065359592437744
0.3373105525970459
0.3544797897338867
0.5397920608520508
1.3934922218322754
1.389965534210205
1.2717034816741943
1.2571632862091064
1.2783291339874268
1.0880498886108398
1.0047311782836914
0.37935662269592285
1.6526825428009033
1.6854667663574219
1.6978785991668701
0.4012932777404785
1.7181615829467773
1.7315032482147217
1.695556640625
0.7157657146453857
0.6703054904937744
0.7361233234405518
1.2798261642456055
1.1227304935455322
0.3936340808868408
0.561744213104248
0.5742664337158203
0.5186231136322021
0.5130412578582764
0.6620569229125977
0.8600203990936279
0.4816782474517822
0.4901547431945801
0.48246002197265625
0.30966782569885254
0.7664680480957031
0.935248851776123
0.8077402114868164
0.2744007110595703
0.6981890201568604
0.3397066593170166
0.3356168270111084
0.2520465850830078
1.0083930492401123
1.7618074417114258
1.6750800609588623
0.4955146312713623
0.3243846893310547
0.3408520221710205
0.30001211166381836
1.8122031688690186
1.7402701377868652
1.1818583011627197
0.31072545051574707
1.0498535633087158
1.0496997833251953
1.0753965377807617
1.8684322834014893
0.13808417320251465
0.8385190963745117
0.8539636135101318
0.7961924076080322
0.8321492671966553
0.8058462142944336
2.102602481842041
0.5683610439300537
0.5084190368652344
0.517310619354248
1.462369441986084
0.6023807525634766
1.470090389251709
2.0869343280792236
0.5230309963226318
0.5389559268951416
0.5530321598052979
0.5492010116577148
0.7159807682037354
0.7387573719024658
0.6256551742553711
0.620408296585083
1.662895917892456
1.5828065872192383
2.1792125701904297
2.2188358306884766
2.2255971431732178
2.1134164333343506
2.227381706237793
0.6872708797454834
0.3441505432128906
0.42389392852783203
0.4431421756744385
0.8756983280181885
0.6436750888824463
0.6364846229553223
0.3958907127380371
1.570122241973877
1.5830557346343994
1.529733657836914
1.4214646816253662
1.5916714668273926
1.6432652473449707
0.17846226692199707
1.7661163806915283
1.753702163696289
0.4189331531524658
1.861295461654663
1.8123230934143066
0.30858421325683594
0.18048548698425293
0.32585978507995605
0.7901079654693604
0.43872952461242676
0.43813395500183105
0.44568848609924316
0.17563605308532715
0.9972414970397949
1.9415864944458008
1.0122122764587402
1.0217993259429932
0.6145272254943848
0.6417169570922852
0.7400169372558594
0.617544412612915
0.5397107601165771
0.6565759181976318
1.98891019821167
1.8708877563476562
0.7506189346313477
0.9269094467163086
1.0413649082183838
0.9107205867767334
1.2015013694763184
1.1931474208831787
0.8213064670562744
1.998192310333252
1.9494152069091797
1.990065097808838
1.0581450462341309
2.0004489421844482
1.996466875076294
1.0568923950195312
0.51106858253479
1.037890911102295
0.9068832397460938
0.285489559173584
0.3697352409362793
1.5126738548278809
1.5079553127288818
0.5055763721466064
0.4515969753265381
1.0171267986297607
1.0329229831695557
0.9291293621063232
1.2116060256958008
1.0941143035888672
1.6295149326324463
0.5476596355438232
0.3873322010040283
0.9117932319641113
0.9224097728729248
0.9310815334320068
1.0954501628875732
1.7368578910827637
1.664628267288208
1.003683090209961
1.0070395469665527
0.9801409244537354
1.151726245880127
0.22727346420288086
1.80118989944458
0.9883840084075928
1.0290508270263672
1.0749666690826416
0.9913804531097412
1.3090953826904297
1.8965308666229248
1.1079447269439697
0.9919719696044922
1.0244176387786865
1.005802869796753
0.16351580619812012
1.429112195968628
0.585578441619873
0.24577784538269043
2.0187313556671143
2.054368257522583
0.39824676513671875
0.3802962303161621
1.1477775573730469
1.5290470123291016
1.374636173248291
1.3823652267456055
1.357239007949829
1.309434175491333
0.39090847969055176
2.1549391746520996
2.1047568321228027
0.20101404190063477
0.8409988880157471
0.44062209129333496
0.35356879234313965
1.1516823768615723
1.1236169338226318
0.9563620090484619
0.9751296043395996
1.3838591575622559
0.9791650772094727
0.8975696563720703
0.9102039337158203
0.19099044799804688
2.4578347206115723
1.30446195602417
0.29223036766052246
0.21135783195495605
0.5846400260925293
0.40399622917175293
0.990187406539917
0.6343426704406738
0.2059159278869629
0.9151914119720459
0.8290519714355469
0.843358039855957
0.33835673332214355
0.7857756614685059
0.4422948360443115
1.2256426811218262
0.7786500453948975
1.2377028465270996
1.238473653793335
0.7122063636779785
0.6024653911590576
0.9206445217132568
0.6396687030792236
0.7203574180603027
0.9518778324127197
0.9077060222625732
0.904780387878418
0.9125804901123047
0.8418107032775879
1.5705010890960693
1.5925791263580322
1.3912487030029297
1.1338419914245605
0.4398176670074463
1.72269606590271
0.2896537780761719
0.8280575275421143
0.8466982841491699
0.6820924282073975
0.6924593448638916
0.6664741039276123
0.45737767219543457
0.46883058547973633
0.476642370223999
1.5598511695861816
1.825568675994873
1.8232202529907227
1.9777657985687256
1.9737701416015625
1.746619462966919
2.033684253692627
1.5512349605560303
0.8204267024993896
0.6106777191162109
0.8525450229644775
0.6034817695617676
0.8454239368438721
0.16992545127868652
1.6524384021759033
1.5905671119689941
1.5170555114746094
0.7273638248443604
0.7205684185028076
0.7215421199798584
0.20404481887817383
1.6383063793182373
1.6274445056915283
1.5874459743499756
1.2345964908599854
1.048673152923584
0.7284531593322754
0.7247731685638428
0.7354679107666016
0.9859886169433594
1.3534154891967773
0.6259431838989258
1.0394573211669922
0.19674038887023926
0.6921675205230713
0.6914267539978027
0.7374887466430664
0.7391946315765381
0.7024013996124268
1.0400512218475342
0.20279335975646973
0.34130430221557617
0.13109922409057617
2.098388671875
1.5902559757232666
0.7525284290313721
1.5958855152130127
0.752997875213623
2.039109945297241
1.3817920684814453
0.6604225635528564
2.1391091346740723
2.045830488204956
1.0993289947509766
2.134810447692871
0.32265400886535645
0.27936434745788574
0.3399512767791748
1.5786521434783936
1.200817584991455
1.7386877536773682
1.1554927825927734
1.1657781600952148
1.6369900703430176
1.131610631942749
2.187927484512329
2.2142515182495117
0.4309053421020508
1.0125141143798828
0.19341540336608887
0.8203763961791992
0.4305093288421631
0.33805274963378906
1.3631200790405273
1.3641963005065918
1.0152027606964111
1.1132714748382568
0.9612429141998291
1.0334584712982178
0.9634265899658203
1.476599931716919
0.983123779296875
0.9200332164764404
1.0431437492370605
0.23660516738891602
1.6079072952270508
1.0294647216796875
0.8719098567962646
0.7616479396820068
0.882504940032959
1.8230211734771729
0.5636935234069824
1.7901055812835693
0.6340889930725098
1.0452091693878174
0.9626765251159668
0.963275671005249
0.4933784008026123
0.4362931251525879
0.4219517707824707
0.44405102729797363
0.4930434226989746
1.8069367408752441
0.42816781997680664
1.9126801490783691
1.6293723583221436
1.2982549667358398
0.9877886772155762
1.0102887153625488
0.959906816482544
1.0012681484222412
0.9578273296356201
0.6343502998352051
0.3463871479034424
0.6465296745300293
0.35993218421936035
1.7536430358886719
1.722362756729126
1.791053056716919
1.628098964691162
1.6211950778961182
0.8871474266052246
0.1789093017578125
0.80259108543396
0.3755161762237549
0.35523009300231934
1.0249717235565186
1.4858782291412354
1.4998645782470703
0.5112459659576416
1.5419154167175293
0.47066259384155273
1.4091472625732422
1.7844514846801758
0.5091226100921631
1.3350934982299805
1.787998914718628
1.1997036933898926
1.267862319946289
1.1483466625213623
0.22940850257873535
1.153878927230835
1.410097599029541
1.1618154048919678
1.1703956127166748
0.6261231899261475
0.711578369140625
0.4739565849304199
0.625089168548584
1.2499957084655762
0.21500658988952637
1.362138032913208
1.3330512046813965
1.356536626815796
1.34910249710083
0.8359415531158447
0.8153700828552246
1.342928409576416
0.871924877166748
1.3318121433258057
1.3388886451721191
0.5095593929290771
0.2654402256011963
0.6441729068756104
0.6242029666900635
0.6059272289276123
0.6233131885528564
0.6081461906433105
0.2554144859313965
0.22839879989624023
1.2167367935180664
0.9187307357788086
0.8582115173339844
0.7697513103485107
0.8916816711425781
0.5806715488433838
0.5021789073944092
0.7801303863525391
0.881166934967041
0.26334524154663086
1.6634366512298584
1.6543354988098145
0.9367978572845459
1.5636775493621826
1.0573792457580566
0.950493574142456
0.9382014274597168
2.620011329650879
1.612109899520874
0.5659866333007812
0.19429230690002441
0.7538480758666992
0.8196172714233398
0.6309995651245117
0.7653408050537109
0.7281413078308105
2.65614652633667
1.6385908126831055
1.7217235565185547
2.6498606204986572
1.7210273742675781
1.6707887649536133
0.5232224464416504
0.8095657825469971
0.830230712890625
0.813880205154419
0.801300048828125
0.6977710723876953
0.4663217067718506
0.44062137603759766
0.517296314239502
0.5284295082092285
0.5212280750274658
1.8603839874267578
0.6674256324768066
1.3621537685394287
2.118152379989624
0.888340950012207
0.8978383541107178
0.8183977603912354
0.19860553741455078
0.6489171981811523
0.6951489448547363
0.6515824794769287
1.3278224468231201
0.736943244934082
1.340895175933838
0.38302159309387207
0.21438360214233398
1.6638391017913818
0.683356761932373
0.6811063289642334
0.6126418113708496
0.6291685104370117
0.8531768321990967
0.8620786666870117
0.6902382373809814
0.8049502372741699
1.5990192890167236
1.6116602420806885
0.8059406280517578
0.8603942394256592
0.8188605308532715
0.9213216304779053
0.7034280300140381
0.6306111812591553
0.5677154064178467
0.642387866973877
0.5833351612091064
0.8149204254150391
0.9717187881469727
1.7124888896942139
1.724649429321289
1.607222557067871
1.6149773597717285
0.9895503520965576
1.5079731941223145
0.5594067573547363
1.411628007888794
0.6450867652893066
0.6424176692962646
0.7037403583526611
0.6641151905059814
1.7367966175079346
1.1562039852142334
1.2271108627319336
1.7375032901763916
0.5087740421295166
0.7754151821136475
1.1128764152526855
1.869131088256836
1.8698301315307617
0.28003787994384766
1.2577452659606934
1.1414992809295654
1.1561744213104248
1.1644935607910156
1.9742698669433594
2.044621706008911
1.9600355625152588
2.035320997238159
2.0391793251037598
1.0474283695220947
0.8997499942779541
0.870171308517456
0.7795193195343018
0.5315654277801514
0.8675425052642822
0.8737170696258545
1.0572099685668945
0.6939921379089355
1.0227453708648682
1.0299310684204102
0.9243531227111816
1.1053786277770996
1.106008768081665
0.5819096565246582
1.1074209213256836
0.6166303157806396
0.5765795707702637
0.7428996562957764
0.6061961650848389
0.8125913143157959
0.841571569442749
0.4492359161376953
0.6810898780822754
0.6030526161193848
0.5629620552062988
1.730642318725586
1.4482312202453613
0.7364757061004639
0.741732120513916
1.519324779510498
1.4817886352539062
1.482762098312378
1.42630934715271
0.6187703609466553
0.8718171119689941
0.6712002754211426
0.6724824905395508
2.0048022270202637
2.011347532272339
1.8766493797302246
1.2594938278198242
1.89949631690979
1.735482931137085
1.8884918689727783
1.242232322692871
0.24202847480773926
1.3317313194274902
1.850358009338379
1.0756218433380127
0.7335140705108643
0.37468695640563965
0.9121687412261963
0.6787266731262207
0.21055197715759277
1.6084368228912354
1.5824341773986816
1.3260629177093506
0.9439589977264404
0.9438302516937256
0.8057701587677002
0.82816481590271
0.8510921001434326
0.8356029987335205
1.317195177078247
0.8426871299743652
0.7508280277252197
0.631951093673706
0.5996382236480713
1.0602128505706787
1.047102689743042
1.014127492904663
1.0201902389526367
1.0785210132598877
0.9385800361633301
0.676835298538208
1.5687716007232666
1.583174228668213
0.3581054210662842
0.705909252166748
0.6951112747192383
0.6882443428039551
0.7042980194091797
0.7988200187683105
0.7520339488983154
0.8487293720245361
0.4360024929046631
1.7484612464904785
1.6371769905090332
1.5257928371429443
1.4480621814727783
1.675110101699829
0.4706861972808838
0.4187648296356201
0.47830724716186523
0.4678356647491455
0.4666886329650879
0.7275302410125732
0.4545004367828369
1.1256954669952393
1.2537531852722168
0.3958618640899658
0.4302666187286377
0.7043337821960449
0.6477625370025635
0.2339019775390625
0.2099297046661377
0.18810534477233887
1.355478286743164
1.2594645023345947
0.72153639793396
0.7778191566467285
0.29218411445617676
0.20203089714050293
0.4342794418334961
1.5737709999084473
0.426774263381958
1.4723010063171387
0.912867546081543
0.9207949638366699
0.9163036346435547
0.9066512584686279
0.9074773788452148
0.9063622951507568
0.9129335880279541
0.9128208160400391
0.2096858024597168
0.3740243911743164
1.6458606719970703
0.5686237812042236
0.5212059020996094
1.6784472465515137
0.15571951866149902
1.5969994068145752
1.8740344047546387
0.20688199996948242
1.0806307792663574
1.7730481624603271
1.2021903991699219
1.1106176376342773
1.1064927577972412
1.0866494178771973
1.0967707633972168
1.0904829502105713
1.10795259475708
0.49175333976745605
0.5065691471099854
0.673088550567627
0.5014662742614746
1.7357776165008545
1.2146244049072266
1.2127573490142822
1.2159404754638672
1.3068056106567383
1.3179917335510254
1.1723289489746094
0.5808639526367188
0.7234351634979248
0.7471694946289062
0.3766438961029053
0.6285285949707031
0.24352502822875977
0.43262362480163574
0.432025671005249
0.43652892112731934
0.4225494861602783
2.136570930480957
0.4182133674621582
2.25508451461792
0.5237312316894531
0.4418795108795166
0.6479477882385254
0.6482954025268555
0.5858311653137207
0.5817489624023438
2.364840269088745
0.2175121307373047
2.3566977977752686
1.8516623973846436
1.6038498878479004
2.5794522762298584
0.6782388687133789
0.15303254127502441
0.9620034694671631
0.9784083366394043
2.436530590057373
2.44154691696167
2.5241549015045166
2.3132004737854004
2.2494163513183594
2.260651111602783
1.063838243484497
1.9054014682769775
0.308488130569458
1.8035969734191895
1.7687597274780273
1.7020418643951416
1.6729393005371094
1.598496437072754
0.3164496421813965
1.3166720867156982
1.3117034435272217
0.45983409881591797
1.4204308986663818
1.4090962409973145
1.5007100105285645
1.5011775493621826
1.489238977432251
1.4765472412109375
0.4654219150543213
0.9343400001525879
0.9327046871185303
1.005814790725708
1.013270616531372
2.1229066848754883
0.9904139041900635
0.9227993488311768
0.6934835910797119
0.7052822113037109
0.7233014106750488
0.4180009365081787
0.5461623668670654
0.9136877059936523
0.7261309623718262
0.748769998550415
2.161289930343628
1.019474983215332
1.0424773693084717
1.7637932300567627
2.0599138736724854
2.3115060329437256
0.4493842124938965
1.570789098739624
0.3631441593170166
2.1343541145324707
0.37958598136901855
1.5544400215148926
0.5307540893554688
0.5284388065338135
0.23384428024291992
2.2915751934051514
0.9634108543395996
1.0695815086364746
2.269941568374634
1.0663166046142578
2.2888758182525635
2.2346339225769043
1.6907758712768555
1.6817684173583984
1.636760950088501
2.154632329940796
2.1540279388427734
0.9387283325195312
0.5643362998962402
1.0772852897644043
1.0708987712860107
0.406726598739624
0.5201716423034668
1.863668441772461
1.858095407485962
1.8581814765930176
1.8363144397735596
1.7676851749420166
0.7655041217803955
0.6286871433258057
0.4668152332305908
0.8639259338378906
0.8798396587371826
0.9177689552307129
0.9209280014038086
0.22946810722351074
0.6432039737701416
0.5541958808898926
0.5348086357116699
0.9652915000915527
0.19001269340515137
1.0183234214782715
0.8067781925201416
1.2081873416900635
0.9390261173248291
0.8093647956848145
0.7125453948974609
0.829150915145874
0.8146209716796875
2.2604331970214844
0.8140530586242676
0.4856443405151367
1.0455117225646973
1.0821545124053955
0.4674515724182129
0.3861064910888672
0.41302919387817383
2.240849018096924
0.43632078170776367
2.223942995071411
0.6723437309265137
0.7194557189941406
0.6382350921630859
0.6477718353271484
0.6373238563537598
2.486412763595581
1.1444861888885498
1.1227459907531738
1.1611592769622803
0.3966794013977051
1.348973035812378
1.2970478534698486
0.21910738945007324
1.3136012554168701
1.1510868072509766
0.7749459743499756
1.1243996620178223
0.6264104843139648
2.1240670680999756
2.4481866359710693
2.123894214630127
0.6792900562286377
1.2593908309936523
0.7593283653259277
0.6260018348693848
0.6378154754638672
0.6370108127593994
2.195566415786743
0.46111464500427246
0.40067529678344727
0.8779177665710449
0.9038398265838623
0.8057036399841309
0.7629055976867676
0.7728972434997559
1.4520280361175537
0.6911840438842773
0.6963217258453369
0.5361101627349854
0.435962438583374
1.4304001331329346
0.20938968658447266
1.504688024520874
1.366194248199463
1.3884632587432861
2.3850252628326416
2.4117026329040527
0.5946226119995117
0.47623729705810547
0.5817155838012695
2.4754655361175537
0.4859180450439453
0.38158440589904785
0.5670411586761475
1.626833200454712
2.701512336730957
2.1107189655303955
1.1236929893493652
1.0603291988372803
1.0572922229766846
1.0738790035247803
0.5305752754211426
0.5505971908569336
0.6173129081726074
0.23179841041564941
0.22210335731506348
1.7932403087615967
0.8250372409820557
0.8224020004272461
0.7715334892272949
0.7872464656829834
1.9284961223602295
0.8086268901824951
0.8029670715332031
0.876584529876709
0.48813748359680176
0.409085750579834
0.2892794609069824
1.0301930904388428
0.3705880641937256
2.2045810222625732
1.5678722858428955
0.4186897277832031
0.4345536231994629
2.183454751968384
1.681593656539917
0.32970499992370605
1.2242560386657715
0.846651554107666
0.9283468723297119
0.8462646007537842
0.8612234592437744
0.8453342914581299
1.240511178970337
2.427949905395508
2.4298174381256104
0.38604140281677246
0.6422755718231201
1.3480217456817627
1.849289894104004
1.3296594619750977
0.8747754096984863
0.6997940540313721
0.7002463340759277
1.9684655666351318
0.8609468936920166
0.7876579761505127
1.5196573734283447
0.42038631439208984
0.42827653884887695
1.1847286224365234
1.183873176574707
2.052741289138794
2.8097167015075684
2.9364147186279297
2.8037359714508057
2.800476551055908
2.6653809547424316
0.7047734260559082
2.8734357357025146
0.725731372833252
2.198491096496582
0.3341493606567383
0.3443160057067871
0.7163693904876709
2.1971399784088135
1.307507038116455
0.5644321441650391
0.564152717590332
0.5881364345550537
0.45479369163513184
2.368691921234131
2.5817904472351074
2.343170642852783
2.2322452068328857
2.329881429672241
2.3526182174682617
1.5276594161987305
0.356799840927124
0.997838020324707
0.9976165294647217
1.0357725620269775
0.8902907371520996
0.8503878116607666
3.271036386489868
0.27791857719421387
0.6633234024047852
0.6692123413085938
0.3296232223510742
0.2819826602935791
1.4636542797088623
0.4143233299255371
0.4309875965118408
0.42707157135009766
1.6615121364593506
1.4657001495361328
0.2081608772277832
1.2281017303466797
0.5788729190826416
0.5900864601135254
0.8996765613555908
1.5445513725280762
1.6406121253967285
1.5729022026062012
1.8462939262390137
1.3432576656341553
1.4155020713806152
1.0356040000915527
1.034757137298584
0.22510385513305664
0.7866199016571045
1.3414011001586914
1.368535041809082
0.7226917743682861
1.1342320442199707
1.1311583518981934
1.161609411239624
1.2730276584625244
1.0631136894226074
1.0462064743041992
0.5010533332824707
0.32345151901245117
0.34806346893310547
1.4305171966552734
1.4461359977722168
1.4398093223571777
0.9386589527130127
0.9391133785247803
0.9567677974700928
1.0251781940460205
1.0103490352630615
0.1907331943511963
1.7234041690826416
1.0058298110961914
0.999697208404541
0.9402539730072021
1.0982692241668701
0.6638877391815186
0.6455843448638916
0.6602301597595215
0.24959516525268555
0.6574382781982422
0.7878463268280029
0.8187973499298096
1.3143668174743652
0.885751485824585
0.8857083320617676
0.8158283233642578
0.48241114616394043
0.48432254791259766
0.838411808013916
0.8387434482574463
0.8249931335449219
1.545682430267334
2.055631637573242
1.0717387199401855
1.038412094116211
1.0644476413726807
2.167801856994629
0.6881427764892578
0.7100861072540283
0.6811330318450928
0.7579312324523926
0.4552290439605713
0.37398719787597656
1.5933728218078613
1.5940608978271484
2.207935094833374
2.187485694885254
2.101823568344116
2.11055064201355
0.34148168563842773
2.1254498958587646
0.3877103328704834
0.3602466583251953
0.39658021926879883
1.6936571598052979
0.2524251937866211
1.4899520874023438
1.4719188213348389
0.2311863899230957
1.8762743473052979
0.6207146644592285
1.9674713611602783
1.421020746231079
0.4937407970428467
1.192929983139038
1.0757217407226562
1.0612256526947021
1.566417932510376
0.529186487197876
0.4758460521697998
0.45043468475341797
1.5537335872650146
0.7013802528381348
0.4675924777984619
0.44234371185302734
1.5002753734588623
0.4594113826751709
0.4403855800628662
1.2014124393463135
0.47043681144714355
0.26046085357666016
1.7839982509613037
1.7897863388061523
1.7764012813568115
0.46091413497924805
1.5141701698303223
1.7635996341705322
0.2048330307006836
0.2721984386444092
2.045562982559204
1.936061143875122
0.23715901374816895
0.8578493595123291
0.8149929046630859
0.8249170780181885
1.6556625366210938
1.4171648025512695
1.6930232048034668
1.8241572380065918
0.4018704891204834
1.660688877105713
0.2878842353820801
1.7639796733856201
1.0943410396575928
0.9931426048278809
0.9150807857513428
0.9512121677398682
0.7530601024627686
0.934833288192749
0.964341402053833
0.7469019889831543
0.9908692836761475
0.9421181678771973
0.95855712890625
0.8725168704986572
1.5357491970062256
0.5967397689819336
0.6720430850982666
0.5947206020355225
0.41450929641723633
1.0582728385925293
0.21322965621948242
0.30579614639282227
1.8028380870819092
2.0265462398529053
1.3344144821166992
1.3165221214294434
1.1336793899536133
0.8469953536987305
1.3319969177246094
0.49387145042419434
0.4956388473510742
0.5001671314239502
1.4743633270263672
1.476377010345459
2.1210217475891113
0.5013868808746338
0.4958667755126953
2.025944948196411
1.937349796295166
1.9173901081085205
0.5868096351623535
0.8679418563842773
0.8760566711425781
0.7961618900299072
0.891930341720581
0.7590939998626709
1.7209782600402832
1.7106189727783203
0.7589297294616699
2.158829689025879
0.7059826850891113
3.1296048164367676
3.1367452144622803
2.1268270015716553
2.125394582748413
2.1039888858795166
1.0843439102172852
0.46541666984558105
0.8115811347961426
0.761157751083374
0.5922763347625732
0.5352115631103516
0.2053525447845459
1.0285322666168213
0.5671765804290771
0.5035231113433838
0.5561316013336182
0.3878977298736572
0.37722206115722656
1.1492938995361328
1.1023259162902832
0.5499155521392822
0.21625232696533203
0.2083132266998291
0.5823850631713867
0.8735766410827637
0.8200147151947021
0.8464298248291016
0.9959156513214111
0.684730052947998
0.3574502468109131
0.4365544319152832
1.5035178661346436
1.513556957244873
0.252849817276001
1.2617721557617188
1.2461967468261719
1.175633430480957
1.112043857574463
1.1262500286102295
1.2043406963348389
1.0674068927764893
1.156771183013916
0.2920987606048584
1.749924898147583
0.2595503330230713
0.20075392723083496
1.8361485004425049
1.0673892498016357
1.8761818408966064
1.8673605918884277
1.354111671447754
0.6662735939025879
0.749866247177124
0.6719183921813965
0.7002947330474854
0.5905473232269287
0.4435391426086426
0.3971848487854004
1.1872069835662842
0.9814558029174805
0.9413363933563232
0.9057550430297852
0.9100472927093506
0.9453222751617432
0.9330215454101562
2.064858913421631
2.020646810531616
2.0681777000427246
0.22505569458007812
1.4736707210540771
1.258068323135376
1.5894808769226074
1.6033103466033936
1.4928152561187744
0.8150272369384766
1.3614757061004639
1.3193244934082031
1.2729783058166504
0.4872276782989502
1.77274751663208
0.5344207286834717
1.7696731090545654
1.7538039684295654
1.7697763442993164
0.5750064849853516
0.5129961967468262
1.73406982421875
1.790421724319458
0.625403642654419
0.7638797760009766
0.7304017543792725
0.6523337364196777
0.6927669048309326
1.591444969177246
0.48718690872192383
0.9385273456573486
1.3330342769622803
1.2670905590057373
0.9586906433105469
1.0790042877197266
0.9666726589202881
1.0761260986328125
0.5618817806243896
1.6073484420776367
0.4989354610443115
0.9605460166931152
1.5072336196899414
1.5206332206726074
0.2625443935394287
0.5020999908447266
0.5090868473052979
1.5272488594055176
1.6421399116516113
0.4411187171936035
1.1586098670959473
1.4986746311187744
0.3863708972930908
0.9455769062042236
1.1192741394042969
1.566904067993164
0.3898317813873291
0.9387590885162354
1.3879461288452148
1.3923442363739014
1.3622033596038818
1.3874821662902832
1.3774454593658447
1.3638997077941895
1.373455286026001
1.3800432682037354
0.9775280952453613
0.8473606109619141
0.9671428203582764
0.8573751449584961
0.8571968078613281
0.7942938804626465
0.663806676864624
0.8011102676391602
0.3722045421600342
0.9811499118804932
0.3999779224395752
1.0772323608398438
0.32472777366638184
0.5662522315979004
1.2250890731811523
1.2169435024261475
0.644550085067749
0.6755895614624023
1.5160119533538818
1.5373079776763916
1.3476812839508057
0.7112839221954346
0.7348768711090088
0.5931754112243652
0.6963770389556885
0.7043278217315674
0.7002699375152588
1.674121379852295
0.7297565937042236
0.46648478507995605
0.38637542724609375
0.6976161003112793
0.3344414234161377
1.559046983718872
1.557647943496704
1.5054044723510742
1.5026912689208984
0.9385581016540527
0.9521834850311279
0.4289679527282715
0.31668996810913086
0.8716692924499512
0.8812432289123535
0.8635983467102051
0.9053723812103271
1.130798101425171
0.9220325946807861
0.27078914642333984
0.6020069122314453
1.3624658584594727
1.359191656112671
1.7517015933990479
1.7270705699920654
0.5529887676239014
0.273425817489624
0.18577051162719727
0.23656749725341797
0.7537057399749756
0.6731877326965332
0.8850376605987549
0.8945517539978027
0.9014172554016113
0.9459311962127686
0.9521210193634033
0.7725160121917725
0.7562403678894043
0.4275214672088623
0.5531156063079834
0.7677464485168457
2.0179531574249268
1.9358599185943604
1.7909729480743408
1.9649436473846436
1.8059289455413818
0.7514932155609131
0.7514259815216064
0.7723174095153809
0.7258563041687012
0.7756474018096924
1.7837071418762207
1.65574049949646
1.791083574295044
0.29648423194885254
0.3189377784729004
1.7470993995666504
0.2832653522491455
0.2870767116546631
0.6471755504608154
0.4494168758392334
0.34825825691223145
1.9309263229370117
1.877284288406372
0.35358548164367676
0.22762274742126465
0.31957316398620605
0.22193050384521484
2.0907204151153564
2.0725343227386475
0.8352451324462891
0.2208254337310791
0.9148440361022949
1.6774721145629883
1.007613182067871
0.18338966369628906
0.21494364738464355
0.3442056179046631
1.7842693328857422
1.7243976593017578
1.6231427192687988
2.416400194168091
1.618499755859375
2.2672784328460693
1.6212856769561768
1.6433818340301514
2.07086181640625
1.6346533298492432
1.1333143711090088
0.338320255279541
1.2410037517547607
1.2507643699645996
0.17597079277038574
1.2377421855926514
1.2418599128723145
0.27275538444519043
1.306694507598877
1.2594280242919922
0.3712775707244873
0.3151400089263916
2.249554395675659
2.2457973957061768
0.20791292190551758
0.6156833171844482
0.554236650466919
2.358903408050537
1.625812292098999
0.7095098495483398
0.7088966369628906
0.6192553043365479
0.5530111789703369
0.731635332107544
0.504370927810669
0.569443941116333
0.7378246784210205
0.7294108867645264
2.0764479637145996
2.1005859375
0.3803575038909912
0.3615753650665283
2.008370876312256
0.21817278861999512
1.9641125202178955
0.9087991714477539
0.7280359268188477
0.6779124736785889
2.0183160305023193
2.2317092418670654
2.1833620071411133
1.2632286548614502
1.1776540279388428
1.1737065315246582
2.2674622535705566
2.1971404552459717
2.249764919281006
2.1122756004333496
2.1165826320648193
2.289538860321045
2.321798324584961
0.5257999897003174
0.5240356922149658
0.3877549171447754
0.5237085819244385
0.3438417911529541
0.5336885452270508
0.20852971076965332
1.8684322834014893
1.3201968669891357
0.2407670021057129
2.2160120010375977
2.233339548110962
1.596400499343872
1.4647376537322998
1.4269356727600098
1.4418294429779053
1.404393196105957
2.375303030014038
2.51041841506958
0.3862571716308594
2.3608925342559814
2.380145788192749
2.3360300064086914
2.601125717163086
0.894357442855835
0.7268176078796387
0.7195556163787842
0.7094688415527344
0.7079260349273682
0.8564667701721191
0.4258244037628174
0.8965826034545898
0.8925399780273438
0.897801399230957
0.8927414417266846
0.8277082443237305
0.6768739223480225
1.7735815048217773
0.5291194915771484
0.5552289485931396
0.4157400131225586
0.6765992641448975
0.8092529773712158
0.6035785675048828
0.3306303024291992
0.33701157569885254
1.028404951095581
0.8209002017974854
0.9822211265563965
2.1941335201263428
1.8698081970214844
0.4960925579071045
1.0517590045928955
0.8079166412353516
2.6796722412109375
0.5867006778717041
2.0973966121673584
1.7431011199951172
1.818110466003418
0.5958263874053955
0.9890396595001221
1.0135984420776367
0.32986879348754883
0.16083788871765137
2.2291340827941895
2.2319347858428955
2.2375071048736572
2.10675048828125
2.4708590507507324
2.20388126373291
1.7896156311035156
1.8253512382507324
0.35172295570373535
0.5227856636047363
0.26640939712524414
0.5202076435089111
0.5178685188293457
0.18554306030273438
1.1923155784606934
1.2618401050567627
1.3051846027374268
1.1957948207855225
2.0082345008850098
2.0214033126831055
0.24900174140930176
1.2910094261169434
1.2117786407470703
1.226597785949707
1.2161414623260498
1.4020724296569824
1.4038879871368408
0.8556351661682129
1.5694279670715332
0.5631160736083984
0.44680190086364746
2.1823794841766357
2.235002279281616
2.3022921085357666
0.21483516693115234
1.0109834671020508
1.5244483947753906
1.5244576930999756
2.3461666107177734
0.18773984909057617
0.50954270362854
0.5145752429962158
0.4964561462402344
0.77408766746521
0.6899464130401611
0.715754508972168
2.6032767295837402
2.595461845397949
0.3721776008605957
0.37883806228637695
1.0177018642425537
1.0651004314422607
0.8785104751586914
0.8883073329925537
0.3294515609741211
1.0031986236572266
1.0388970375061035
0.21238350868225098
1.771714448928833
1.5378124713897705
0.4943702220916748
1.662320613861084
0.35579848289489746
0.48712706565856934
0.945894718170166
0.827953577041626
0.8309924602508545
0.8315987586975098
0.6945865154266357
0.6800427436828613
0.5564508438110352
0.1652517318725586
1.7887234687805176
0.3355545997619629
0.34380221366882324
1.1113390922546387
1.7875428199768066
1.8069181442260742
1.239086627960205
0.2798044681549072
0.2422773838043213
0.3112614154815674
0.49539804458618164
0.9143435955047607
0.9353249073028564
0.5480964183807373
1.2068243026733398
0.9647886753082275
1.0436444282531738
1.3491644859313965
2.023111581802368
1.0135788917541504
0.850670337677002
0.8449931144714355
0.8405065536499023
0.8703782558441162
0.5680744647979736
0.6740458011627197
0.5842733383178711
1.46870756149292
0.5729591846466064
1.550337553024292
0.8934404850006104
0.9251773357391357
0.4414184093475342
0.44385480880737305
0.3459908962249756
1.1873283386230469
1.172339916229248
2.258791208267212
0.20880675315856934
0.7302911281585693
0.7300035953521729
1.1620354652404785
2.386014461517334
1.2367844581604004
0.8035941123962402
0.7673981189727783
0.7682137489318848
0.7918190956115723
1.3675053119659424
1.4311201572418213
1.3971152305603027
1.8984582424163818
1.4028830528259277
1.4026732444763184
1.4312715530395508
0.6820418834686279
0.9169003963470459
0.6981081962585449
0.6366245746612549
0.6660888195037842
0.6989758014678955
0.653193473815918
2.7637243270874023
2.757784605026245
2.740968942642212
2.8475582599639893
2.9169020652770996
2.860072374343872
2.760057210922241
2.7772369384765625
2.7252018451690674
1.1390855312347412
1.1832551956176758
0.9430549144744873
0.2414250373840332
0.7989776134490967
0.7477834224700928
0.9285225868225098
0.8620035648345947
0.7324247360229492
0.8140735626220703
0.1439812183380127
1.6092510223388672
1.2478854656219482
1.2642731666564941
0.24950599670410156
1.3615539073944092
0.4423255920410156
0.5028557777404785
0.3761930465698242
0.36577320098876953
0.35262537002563477
0.6466939449310303
0.5702235698699951
0.651498556137085
1.5548443794250488
1.5416254997253418
1.0175964832305908
0.9948348999023438
1.079547643661499
1.096637487411499
0.9719982147216797
0.4709444046020508
0.3229207992553711
1.0889708995819092
1.1089143753051758
1.67104172706604
1.6772339344024658
1.6859350204467773
1.0997421741485596
0.2542545795440674
1.1108126640319824
0.598773717880249
0.6145625114440918
0.8032116889953613
0.450319766998291
1.3042621612548828
0.6709015369415283
0.7240250110626221
1.9096581935882568
1.8900842666625977
1.9546411037445068
1.7681427001953125
1.5201568603515625
0.9639828205108643
1.513845443725586
1.4994723796844482
1.4940483570098877
0.8052749633789062
0.9555635452270508
0.5629520416259766
0.8010752201080322
0.27271151542663574
0.2658803462982178
0.5288591384887695
1.594689130783081
0.9397096633911133
0.8800415992736816
0.866574764251709
1.1119277477264404
0.5620169639587402
0.5117864608764648
0.17094779014587402
0.8275868892669678
0.4814324378967285
0.4365217685699463
0.7488596439361572
0.7392861843109131
1.095052719116211
1.1364123821258545
2.005664110183716
1.828547477722168
1.9093153476715088
0.5521295070648193
0.5874435901641846
1.135209560394287
1.2735469341278076
0.4173011779785156
1.1533493995666504
0.6521158218383789
0.567913293838501
0.6650972366333008
1.8909564018249512
1.8826210498809814
1.8977267742156982
1.8905692100524902
1.9612374305725098
1.9299328327178955
1.2127246856689453
1.0565967559814453
1.0469248294830322
1.3584840297698975
0.3208630084991455
1.3424015045166016
1.3924305438995361
0.22104215621948242
0.7629096508026123
1.1138536930084229
1.0024316310882568
1.0309832096099854
1.0064377784729004
0.9794068336486816
0.8674361705780029
0.533668041229248
0.4620547294616699
0.4118640422821045
0.800285816192627
0.9987943172454834
0.908238410949707
0.894766092300415
0.8155229091644287
0.8449122905731201
0.6648013591766357
0.652799129486084
0.6759002208709717
1.1155743598937988
1.2258012294769287
1.0554559230804443
1.0498011112213135
1.0589241981506348
1.0388946533203125
0.5149519443511963
0.3566248416900635
0.5157933235168457
0.7036621570587158
0.7204012870788574
0.5395631790161133
0.28199172019958496
0.3473341464996338
1.9118444919586182
0.35116124153137207
1.2067031860351562
0.7856748104095459
0.7997012138366699
0.3744223117828369
1.1130993366241455
1.1248295307159424
1.175450086593628
0.886293888092041
2.0357213020324707
0.20874929428100586
0.9303998947143555
0.17482614517211914
0.3431673049926758
1.0429749488830566
1.3881268501281738
0.5615451335906982
0.39244818687438965
0.4188690185546875
1.5607728958129883
0.2114417552947998
1.38639235496521
1.3927257061004639
1.226844310760498
1.367300033569336
0.5742318630218506
0.6806769371032715
0.6940135955810547
1.167252779006958
1.7135088443756104
0.19059443473815918
0.31476759910583496
0.4924182891845703
0.2461709976196289
1.4315710067749023
1.8656861782073975
1.7008402347564697
1.3144936561584473
0.5185480117797852
1.038666009902954
0.7734403610229492
0.6735067367553711
0.7945766448974609
0.7973666191101074
1.8652117252349854
1.8712093830108643
1.860534429550171
1.8597090244293213
1.5588839054107666
0.482086181640625
0.4685056209564209
1.494943380355835
0.2055959701538086
0.39870381355285645
0.4630258083343506
0.2883021831512451
0.39764833450317383
1.1560935974121094
0.6809215545654297
0.7039377689361572
0.7075648307800293
0.624361515045166
0.6167221069335938
0.3403136730194092
1.545353651046753
1.738846778869629
0.12166476249694824
1.427184820175171
0.5960574150085449
0.5312376022338867
0.5491199493408203
1.783764123916626
1.7808825969696045
1.7084450721740723
1.790921926498413
1.707350254058838
1.6647639274597168
0.5696537494659424
0.44292712211608887
0.44289350509643555
0.8187153339385986
1.6353182792663574
1.6403756141662598
1.521456241607666
1.6221113204956055
1.6233022212982178
0.1986408233642578
0.4992060661315918
0.38092517852783203
0.6424622535705566
0.6420254707336426
1.0348472595214844
0.9454221725463867
1.0292630195617676
0.9389281272888184
0.9673807621002197
1.6457901000976562
1.4359605312347412
0.9699130058288574
0.47934436798095703
0.4642176628112793
0.46337032318115234
0.5670773983001709
0.41808271408081055
0.5175611972808838
1.5443339347839355
1.56205153465271
0.26030778884887695
1.6718459129333496
0.2317354679107666
0.5348477363586426
0.5299057960510254
0.6328704357147217
0.24808478355407715
0.6259527206420898
0.4656367301940918
0.469531774520874
0.33733463287353516
1.7535107135772705
1.7056446075439453
1.48736572265625
1.3383231163024902
1.6778104305267334
1.7280030250549316
1.2326452732086182
2.1498987674713135
0.3280322551727295
0.4477672576904297
1.1133613586425781
0.25946903228759766
0.3271160125732422
1.5749752521514893
1.27946138381958
1.7962391376495361
0.9955687522888184
0.9494984149932861
0.9649491310119629
0.8398215770721436
0.8998711109161377
0.8499836921691895
1.7700862884521484
0.515876054763794
0.5326111316680908
0.2494525909423828
0.3967869281768799
1.0650207996368408
1.0481979846954346
1.0041766166687012
1.0809836387634277
0.9442291259765625
1.4643793106079102
1.949110746383667
1.8863625526428223
0.5452322959899902
0.7728822231292725
0.6666326522827148
0.6906282901763916
2.0692830085754395
0.30660319328308105
1.6698274612426758
0.4445943832397461
0.5477073192596436
0.45747804641723633
1.931502103805542
0.4026477336883545
0.3106808662414551
0.5576746463775635
0.5573270320892334
1.7100489139556885
1.709071159362793
0.4613227844238281
0.46253252029418945
0.26108479499816895
1.8869202136993408
0.17120647430419922
1.8416614532470703
1.8338429927825928
1.8825984001159668
1.8231279850006104
0.39139556884765625
1.132016897201538
1.7700166702270508
0.7147343158721924
0.7056396007537842
2.0548949241638184
0.2615237236022949
1.103900671005249
1.5381641387939453
0.35589170455932617
0.5122904777526855
0.36249589920043945
0.36037731170654297
1.1826808452606201
0.7471938133239746
0.6257410049438477
0.771169900894165
0.4744398593902588
0.609473705291748
1.741222858428955
1.7478857040405273
0.6420013904571533
0.6523175239562988
0.6607599258422852
1.1389927864074707
1.8712680339813232
0.48207926750183105
1.3443598747253418
1.4020369052886963
0.6395719051361084
0.6260614395141602
2.0768041610717773
1.9665989875793457
0.39693665504455566
0.36867666244506836
0.33244943618774414
0.20833301544189453
1.43318510055542
2.285991907119751
2.0562825202941895
2.0433902740478516
2.0552449226379395
2.057983636856079
0.8075358867645264
0.9544553756713867
0.20101404190063477
0.8409988880157471
0.371173620223999
0.4279775619506836
0.41687583923339844
1.734020709991455
1.6855504512786865
0.7582228183746338
0.7837820053100586
0.6927199363708496
0.7018322944641113
0.7196426391601562
1.0923364162445068
1.2085518836975098
0.3505110740661621
0.35172486305236816
0.5272037982940674
1.2153546810150146
2.031392812728882
0.440110445022583
1.8300065994262695
1.7392470836639404
0.22701168060302734
0.6270933151245117
0.6401269435882568
0.5737032890319824
1.4131855964660645
1.9406676292419434
1.3290657997131348
0.31140637397766113
0.535372257232666
0.7373926639556885
0.5507814884185791
0.5142185688018799
0.5263240337371826
2.0827796459198
1.515094518661499
1.4353821277618408
0.5499367713928223
0.5154242515563965
0.598151683807373
0.23637604713439941
0.5163578987121582
0.543027400970459
0.5230207443237305
0.49380970001220703
0.25387024879455566
1.0528061389923096
0.7912404537200928
0.7688453197479248
0.8021283149719238
0.8365848064422607
0.9862990379333496
1.6389694213867188
1.6760096549987793
0.30939412117004395
2.2480921745300293
0.6093015670776367
0.6084244251251221
2.2886555194854736
1.8660902976989746
0.8327047824859619
0.6844041347503662
0.838543176651001
2.380605936050415
2.4083609580993652
0.5236358642578125
0.46833324432373047
1.8111350536346436
1.6835839748382568
1.7536513805389404
0.2282552719116211
0.663658857345581
0.5731277465820312
0.45632433891296387
2.6223642826080322
0.7408666610717773
1.894716501235962
0.7265236377716064
0.6790070533752441
0.4916408061981201
0.47809481620788574
0.36912107467651367
1.4226124286651611
0.5658175945281982
1.8925526142120361
0.6493973731994629
0.6441137790679932
0.4172818660736084
0.4289276599884033
1.1268818378448486
0.29575133323669434
1.996264934539795
0.5940239429473877
1.2076139450073242
2.0330660343170166
2.0343213081359863
1.9869415760040283
2.079951524734497
1.2570459842681885
1.2761240005493164
1.8093152046203613
0.8423004150390625
0.8417348861694336
0.8255202770233154
0.8482391834259033
0.8312373161315918
0.6180691719055176
0.5062670707702637
0.5058672428131104
0.5195200443267822
0.6458432674407959
0.6439778804779053
0.6536974906921387
0.616729736328125
1.4388561248779297
1.4588205814361572
0.26042604446411133
1.1230525970458984
1.537248134613037
1.536757469177246
1.190840244293213
0.6161878108978271
0.9268279075622559
0.7471132278442383
1.017594337463379
0.5912292003631592
0.7743487358093262
0.7583165168762207
0.7387487888336182
0.4511680603027344
0.5086767673492432
1.697232961654663
0.7542994022369385
1.289170265197754
0.772244930267334
1.4840903282165527
1.7424743175506592
0.5848853588104248
0.6712474822998047
0.6286659240722656
0.6513099670410156
0.6423671245574951
1.3883426189422607
0.6772646903991699
0.6814672946929932
0.1462857723236084
0.42156219482421875
0.34076690673828125
1.4212522506713867
1.39115571975708
1.349931001663208
1.984368085861206
1.9913151264190674
2.000962257385254
1.3388926982879639
1.9949016571044922
2.2224442958831787
2.1057753562927246
1.344571828842163
1.9970264434814453
0.47351789474487305
0.15767741203308105
0.6801965236663818
0.42450952529907227
0.7472667694091797
0.7545444965362549
0.75848388671875
0.743006706237793
0.7383790016174316
1.3707213401794434
1.2619459629058838
0.46070337295532227
0.46535396575927734
1.4561991691589355
0.894080638885498
0.6196000576019287
0.6258866786956787
0.4182727336883545
0.39557528495788574
0.6033022403717041
0.9081661701202393
1.341137170791626
1.2548415660858154
1.2375800609588623
1.237156629562378
0.7693073749542236
1.333402395248413
0.7581973075866699
0.6889805793762207
0.8444936275482178
0.776644229888916
1.1123404502868652
0.7874367237091064
1.1209876537322998
1.7319703102111816
1.6717829704284668
1.1396865844726562
1.0947058200836182
1.068086862564087
1.7833616733551025
1.1964974403381348
1.1891193389892578
1.7962243556976318
1.1915736198425293
1.1167941093444824
1.1207761764526367
0.7289090156555176
1.7032251358032227
0.7490870952606201
0.999114990234375
0.5202012062072754
1.8094520568847656
2.0493428707122803
2.007260322570801
0.16694402694702148
0.505042552947998
0.48944616317749023
0.5581474304199219
0.3703300952911377
0.26847410202026367
0.5547487735748291
0.7548830509185791
0.7186057567596436
0.725238561630249
0.6726903915405273
0.6665492057800293
0.633406400680542
1.5014569759368896
1.5141041278839111
1.456892967224121
1.5047047138214111
1.431074619293213
0.21814751625061035
0.18210434913635254
1.3859174251556396
1.3425180912017822
1.3855326175689697
1.0054128170013428
1.11561918258667
1.2009847164154053
0.9928698539733887
1.213059425354004
0.9893848896026611
1.0421128273010254
0.4300098419189453
0.45875096321105957
0.3046376705169678
0.3458559513092041
1.160856008529663
0.5330379009246826
0.3507883548736572
1.2790720462799072
1.26861572265625
1.2697675228118896
0.715263843536377
0.7378966808319092
1.154784917831421
1.1325562000274658
0.6635715961456299
1.1327884197235107
1.1154119968414307
1.1153674125671387
0.6788120269775391
0.9743032455444336
0.9285433292388916
0.5900871753692627
0.7151217460632324
0.6207880973815918
0.5874161720275879
1.3791537284851074
0.550614595413208
0.5474774837493896
0.5547549724578857
0.5408694744110107
0.4375002384185791
0.1706407070159912
1.4591035842895508
1.3489093780517578
0.5130965709686279
1.655850887298584
0.6811823844909668
0.6505038738250732
1.6214354038238525
0.58109450340271
0.5757770538330078
0.5468630790710449
1.758516788482666
1.0479092597961426
0.8633425235748291
0.8683187961578369
0.7741754055023193
1.2336416244506836
1.138669490814209
1.2650821208953857
1.1260733604431152
1.1266889572143555
0.9566941261291504
0.8795628547668457
0.8317544460296631
0.8494932651519775
0.8434000015258789
0.8468523025512695
0.8426775932312012
0.8365046977996826
0.861396312713623
0.8506276607513428
2.0293920040130615
2.063997745513916
2.1989145278930664
2.07609224319458
2.057511568069458
1.959810733795166
2.2220726013183594
1.9484097957611084
