1.0307869911193848
1.478111743927002
0.9657268524169922
0.8827388286590576
1.4821300506591797
1.697490930557251
1.8747832775115967
1.5159480571746826
1.5447649955749512
1.7814218997955322
1.9324133396148682
2.020195960998535
1.736152172088623
1.9924194812774658
1.6486215591430664
1.5336439609527588
2.1067025661468506
2.112210988998413
1.5092799663543701
2.5631728172302246
2.234330654144287
2.560384750366211
2.631169080734253
2.5236306190490723
2.3394126892089844
2.425117254257202
2.823145866394043
2.3489367961883545
2.632056474685669
2.784025192260742
2.776616096496582
2.7136809825897217
2.6857943534851074
2.647364854812622
2.5785889625549316
2.6975462436676025
2.938748598098755
2.486250877380371
2.7064716815948486
2.942721128463745
2.437150239944458
2.4394052028656006
3.043431282043457
2.5024948120117188
2.5167276859283447
2.5719776153564453
2.520338773727417
3.1300113201141357
3.070058584213257
2.8070895671844482
3.0206563472747803
2.804044008255005
3.0913991928100586
2.989372968673706
3.0651540756225586
2.99064040184021
2.914808988571167
3.0809531211853027
3.360438108444214
3.4157700538635254
3.2068676948547363
2.9332618713378906
3.0801103115081787
2.996833086013794
