0.38794422149658203
0.44460177421569824
0.5706202983856201
0.5534021854400635
0.6423776149749756
0.5416305065155029
0.5543406009674072
0.6548721790313721
0.7905306816101074
0.4465193748474121
0.38485074043273926
0.7483558654785156
1.0629689693450928
1.0470430850982666
1.0611491203308105
0.46403050422668457
0.7712917327880859
0.8742160797119141
0.9015262126922607
0.9128234386444092
0.7161452770233154
0.9824297428131104
1.0151567459106445
1.327787160873413
1.4222314357757568
1.4214792251586914
1.419370174407959
1.48223876953125
1.4819636344909668
1.056595802307129
1.4520089626312256
1.5056157112121582
1.2206707000732422
0.9383196830749512
0.6436436176300049
1.3349800109863281
1.4992496967315674
1.7314157485961914
1.7315447330474854
1.7021465301513672
1.644263744354248
1.1979703903198242
1.257408857345581
1.2724707126617432
1.32191801071167
1.2145860195159912
0.8788626194000244
1.5156974792480469
1.7477755546569824
1.7012689113616943
1.4280712604522705
1.9465789794921875
1.1829404830932617
1.4074835777282715
1.6379270553588867
1.3492000102996826
1.415761947631836
1.1493444442749023
1.5282588005065918
1.8206632137298584
1.6321165561676025
1.136382818222046
1.6240031719207764
1.4582035541534424
1.8217480182647705
1.7909045219421387
2.0895018577575684
1.5538215637207031
1.2443363666534424
1.893843650817871
1.3963429927825928
1.4235646724700928
2.038752555847168
1.0655443668365479
1.408616542816162
2.0856056213378906
1.2387521266937256
1.6239397525787354
1.5726051330566406
1.6158969402313232
1.1277639865875244
1.1200413703918457
1.5404767990112305
1.230203628540039
0.9517724514007568
0.966489315032959
1.2202308177947998
2.2359766960144043
1.890345573425293
1.3122754096984863
1.7345328330993652
1.459383249282837
1.716987133026123
1.8321969509124756
1.1370160579681396
1.2025277614593506
1.6773090362548828
1.2565479278564453
0.9820468425750732
2.0176937580108643
1.3017258644104004
1.372509479522705
1.0657906532287598
2.342047929763794
1.9230663776397705
1.8497545719146729
2.582446813583374
2.688775062561035
1.6646242141723633
1.2156965732574463
2.341031312942505
0.7069103717803955
1.1056342124938965
1.1059505939483643
2.0496764183044434
2.097666025161743
2.129967212677002
1.1483726501464844
1.121048927307129
1.5273528099060059
2.0440151691436768
2.1378304958343506
2.8050649166107178
2.9649603366851807
2.767827272415161
2.7224464416503906
1.628450870513916
2.6212568283081055
2.5660886764526367
2.508723020553589
2.1889853477478027
1.6845149993896484
2.0920603275299072
1.8668043613433838
1.7801592350006104
1.5731818675994873
2.1814944744110107
1.7608675956726074
1.5032579898834229
1.8357007503509521
1.2410774230957031
2.2844924926757812
2.687925100326538
1.8050832748413086
1.4344615936279297
1.4528579711914062
1.6940021514892578
1.8658168315887451
1.0487031936645508
0.8581249713897705
1.3375251293182373
2.479044198989868
2.4542534351348877
1.4214143753051758
1.0919713973999023
1.0510916709899902
1.4546024799346924
1.813936471939087
3.010866165161133
2.3651747703552246
2.9256913661956787
2.4170076847076416
1.8429276943206787
3.1660358905792236
3.2156848907470703
2.7910587787628174
2.424813985824585
2.1131088733673096
2.1134188175201416
2.0662803649902344
1.8193142414093018
1.2030282020568848
2.642200231552124
3.241590976715088
1.681387186050415
3.2232298851013184
3.328777313232422
1.6435985565185547
1.6287899017333984
2.757551908493042
2.7730929851531982
1.1097006797790527
2.0721287727355957
1.264113426208496
2.473036527633667
2.037626266479492
1.3667352199554443
1.797020673751831
1.204120397567749
1.2245924472808838
1.201338529586792
1.4933505058288574
1.115396499633789
0.8279268741607666
3.4666004180908203
3.667658805847168
0.24547243118286133
2.0964996814727783
2.6349589824676514
2.6935222148895264
2.31722354888916
2.736600399017334
1.4519422054290771
1.0999438762664795
1.5162184238433838
1.4625654220581055
1.4012272357940674
3.5100629329681396
2.986389636993408
2.2780511379241943
0.9216680526733398
0.8441593647003174
0.38390541076660156
1.5312950611114502
1.5064544677734375
1.4947509765625
1.5007104873657227
3.6518170833587646
3.0203208923339844
2.374239921569824
2.469788074493408
2.356147050857544
2.5402960777282715
2.2293171882629395
2.517486095428467
2.2004573345184326
2.8754608631134033
3.499729871749878
1.1407525539398193
1.1480793952941895
1.1179420948028564
2.2637598514556885
0.5715770721435547
3.3230934143066406
3.04024076461792
3.9147443771362305
3.55013108253479
0.7238850593566895
2.238504648208618
2.9090523719787598
2.1789469718933105
2.1873669624328613
2.175123691558838
0.7776134014129639
0.680473804473877
0.6814038753509521
3.0089163780212402
1.3519842624664307
1.3101527690887451
3.268234968185425
3.147338628768921
0.8640432357788086
0.8223636150360107
2.134894847869873
3.850987672805786
3.333749294281006
3.6886281967163086
0.916797399520874
1.3513967990875244
1.4517781734466553
0.8428633213043213
1.3183090686798096
0.9508171081542969
2.3119699954986572
2.3192925453186035
4.264232873916626
1.3622863292694092
0.7158801555633545
1.089390516281128
4.679744005203247
4.499828577041626
2.4189977645874023
0.38605642318725586
2.9521243572235107
1.2062535285949707
4.63401985168457
4.532171964645386
1.1998412609100342
1.1531720161437988
1.1244118213653564
1.0846047401428223
1.0751700401306152
1.0602028369903564
2.458383560180664
2.5751965045928955
0.3902764320373535
2.6666758060455322
4.063673496246338
1.3625049591064453
1.2821917533874512
1.0595014095306396
2.873109817504883
2.803506374359131
4.175185680389404
2.540367603302002
2.5471670627593994
4.192244529724121
1.2507729530334473
2.940884590148926
2.877019166946411
2.7661519050598145
2.612727642059326
4.192655563354492
2.3795530796051025
2.9191935062408447
2.3181698322296143
4.3826329708099365
2.7301387786865234
4.582372665405273
2.8863601684570312
4.541449546813965
4.526359558105469
0.6974310874938965
1.2733542919158936
1.1945381164550781
1.1494853496551514
0.5521645545959473
0.480388879776001
2.4311022758483887
4.3772594928741455
2.9025914669036865
2.769559621810913
4.652815103530884
3.243260622024536
2.4974312782287598
2.506132125854492
1.3417856693267822
4.098897218704224
1.2882964611053467
1.3379795551300049
0.7282681465148926
1.2844963073730469
1.5226197242736816
1.335486650466919
1.2992839813232422
2.482820987701416
3.1050193309783936
4.8970627784729
2.648261785507202
3.091257333755493
3.1300947666168213
5.39196515083313
4.362197637557983
2.709601879119873
0.9379618167877197
0.9481627941131592
1.6697657108306885
1.011028528213501
5.799788951873779
4.916584253311157
5.093517303466797
1.9340260028839111
2.168091297149658
3.153010606765747
3.1652538776397705
1.0734868049621582
1.0568747520446777
4.915866136550903
5.150759220123291
2.9246931076049805
2.929563522338867
1.1091434955596924
1.0179636478424072
3.2716124057769775
3.0403454303741455
3.037259578704834
1.9975898265838623
3.038958787918091
0.2078113555908203
3.0630135536193848
5.04587984085083
5.082356691360474
4.891489505767822
4.933383941650391
1.3341753482818604
4.637647867202759
0.9431159496307373
4.806427478790283
5.5143842697143555
3.285630226135254
3.803025484085083
3.447171211242676
5.497178792953491
2.5470199584960938
1.8307795524597168
0.30829310417175293
3.244030714035034
1.4159610271453857
1.94661545753479
6.066765308380127
1.2550106048583984
1.1606900691986084
1.2630157470703125
2.0738320350646973
2.063643217086792
3.5500102043151855
1.3185052871704102
1.68410325050354
0.5644142627716064
0.5516979694366455
3.6219425201416016
0.41251158714294434
2.078835964202881
1.5887024402618408
1.5356464385986328
1.369255781173706
1.183877944946289
1.0522525310516357
1.0656976699829102
0.9565446376800537
0.9414539337158203
1.0693485736846924
0.3649165630340576
5.813086986541748
5.806810617446899
3.7615978717803955
2.5444047451019287
1.6398158073425293
3.4557316303253174
2.3361401557922363
1.7257261276245117
0.3944551944732666
1.3208043575286865
1.084690809249878
1.188750982284546
0.31749534606933594
0.2963535785675049
3.0167219638824463
2.7092649936676025
1.7158317565917969
1.7181777954101562
1.6958034038543701
0.6253647804260254
0.606773853302002
3.642605781555176
3.5457286834716797
2.974797010421753
3.142160415649414
0.5800402164459229
1.2916712760925293
3.6576087474823
4.000150442123413
4.0064074993133545
3.1963798999786377
2.157315254211426
3.0870234966278076
3.1126787662506104
1.2842066287994385
0.2881753444671631
3.8725879192352295
1.5136818885803223
3.890005350112915
0.406536340713501
4.2482500076293945
0.8286900520324707
0.8986327648162842
0.8563206195831299
0.6289119720458984
0.7291169166564941
0.9895305633544922
0.8797657489776611
0.8558709621429443
0.8214099407196045
0.8864166736602783
0.8969755172729492
3.988694429397583
1.655776023864746
0.34097933769226074
0.17824244499206543
0.7191929817199707
1.6652288436889648
0.596733570098877
0.46636438369750977
4.357595682144165
4.451174736022949
3.3755364418029785
4.117569923400879
1.7129592895507812
1.7244110107421875
1.711421012878418
1.7429909706115723
1.6571791172027588
1.4915647506713867
1.7249677181243896
3.5144095420837402
3.521955966949463
4.5194056034088135
0.33836889266967773
4.4002931118011475
4.169443607330322
0.7441823482513428
0.7618117332458496
0.8723387718200684
0.3250596523284912
0.27038145065307617
3.7346439361572266
4.729434967041016
3.8370883464813232
3.7364602088928223
0.4447648525238037
4.6941657066345215
0.9651961326599121
3.180574417114258
4.445045709609985
3.957158327102661
0.491713285446167
0.3988678455352783
3.6914916038513184
3.6958158016204834
0.27861976623535156
1.1149113178253174
0.651634931564331
0.6539392471313477
0.6671006679534912
3.806386947631836
4.360649347305298
4.157011032104492
4.141506910324097
4.3100104331970215
3.9735774993896484
0.6530427932739258
0.7214076519012451
1.185422420501709
0.30925750732421875
3.739833116531372
3.7160274982452393
3.9976885318756104
3.7484757900238037
1.2678210735321045
4.21224045753479
0.2885110378265381
0.48811888694763184
0.5200731754302979
4.053909063339233
0.3780529499053955
0.3892545700073242
0.6760756969451904
0.6458849906921387
4.3503453731536865
0.6652984619140625
1.4444704055786133
0.6692249774932861
0.660003662109375
0.7533762454986572
4.109768390655518
3.9958693981170654
4.648799180984497
0.5122647285461426
4.213745355606079
0.42714476585388184
0.35483384132385254
1.6452674865722656
0.4143636226654053
1.6392035484313965
3.994748592376709
4.549546241760254
0.3718080520629883
4.603149890899658
4.669646501541138
1.7435293197631836
1.7603979110717773
1.7177815437316895
1.7964673042297363
1.740687370300293
4.174773454666138
1.6452977657318115
0.5925405025482178
0.5966513156890869
3.9041740894317627
4.53722620010376
3.9122071266174316
3.9740827083587646
3.8638908863067627
3.8465044498443604
0.5239510536193848
0.5217888355255127
4.826166391372681
0.7081670761108398
4.489797830581665
4.334012031555176
0.4071667194366455
0.3221466541290283
0.44983911514282227
4.957819700241089
4.963253021240234
4.437585830688477
0.1881422996520996
4.53295373916626
0.9229156970977783
0.5562305450439453
0.6932640075683594
0.9916517734527588
0.9815902709960938
1.0016846656799316
0.8701949119567871
0.8744833469390869
0.945549488067627
0.528430700302124
4.694520950317383
4.904376268386841
4.702752351760864
0.21924948692321777
4.386023998260498
4.848287105560303
4.824811697006226
0.7449586391448975
0.7568521499633789
0.7176330089569092
0.7589704990386963
0.7690286636352539
0.27916646003723145
4.520683765411377
0.2772068977355957
0.8205916881561279
4.296494960784912
4.269887685775757
4.281466484069824
0.46535658836364746
4.638798236846924
0.3265199661254883
1.1580865383148193
5.115996599197388
5.101832389831543
4.382262706756592
0.252194881439209
0.18958735466003418
4.426851511001587
4.802763938903809
4.814551115036011
0.9126904010772705
5.258605480194092
5.361441612243652
1.0149595737457275
1.0609304904937744
4.858839750289917
4.9310643672943115
0.20407533645629883
4.5963990688323975
1.1321849822998047
1.6424322128295898
1.0064418315887451
4.826385259628296
5.004822731018066
5.012861490249634
3.3322160243988037
3.255537509918213
0.5033907890319824
1.1695201396942139
1.1831169128417969
0.9702224731445312
0.8646938800811768
0.9707150459289551
0.9665796756744385
4.844605445861816
5.143103122711182
4.996234893798828
0.20284318923950195
0.9402852058410645
3.34985613822937
0.968050479888916
5.367038011550903
0.7314493656158447
0.6752042770385742
4.3316168785095215
0.20046353340148926
0.38648509979248047
0.3332202434539795
0.8616306781768799
5.072983264923096
5.071233510971069
4.49282431602478
0.8484280109405518
0.15088701248168945
5.184730529785156
4.6500937938690186
3.7312872409820557
1.0805823802947998
0.8275206089019775
0.8434319496154785
0.9746730327606201
0.7319920063018799
0.36222100257873535
3.836008310317993
0.7220203876495361
0.6935017108917236
0.40236711502075195
3.9617133140563965
4.822824478149414
0.4340946674346924
4.784343004226685
4.849989891052246
1.2827534675598145
0.6246225833892822
0.6285958290100098
0.8372673988342285
0.5761759281158447
0.34970736503601074
5.40788459777832
0.3803892135620117
0.37714672088623047
4.1519505977630615
4.177028179168701
4.974522113800049
5.527339935302734
0.4982767105102539
0.2257070541381836
0.5156877040863037
5.008212566375732
0.3202693462371826
4.544129371643066
4.196892261505127
4.1782066822052
5.693938970565796
5.679674863815308
4.731509685516357
4.263511657714844
5.0621726512908936
5.24494481086731
5.614100456237793
0.7633790969848633
0.6174619197845459
0.5885488986968994
0.366955041885376
0.548248291015625
0.5766232013702393
4.418688535690308
4.387216806411743
4.386359691619873
5.197285890579224
4.309786558151245
4.224559783935547
5.065171003341675
5.214706182479858
5.101561784744263
5.92435884475708
0.631126880645752
6.398722171783447
6.209614038467407
0.4775512218475342
0.6668074131011963
0.6571543216705322
6.089109420776367
6.086382150650024
0.716926097869873
0.7171545028686523
0.8763875961303711
0.9019930362701416
0.9194450378417969
0.9627947807312012
0.5482416152954102
0.493668794631958
0.41561126708984375
0.4203062057495117
4.812243461608887
0.7736151218414307
6.7118611335754395
6.340684652328491
6.349612474441528
5.705764055252075
0.431412935256958
1.0653681755065918
4.833722829818726
5.810996055603027
7.458169937133789
6.494845628738403
5.831209182739258
5.835221529006958
5.8487465381622314
5.895320653915405
5.840794801712036
0.9548585414886475
1.0206935405731201
1.0721557140350342
0.9649677276611328
0.9558751583099365
0.9686789512634277
1.0169956684112549
4.881795883178711
1.0358359813690186
1.0232830047607422
1.1227750778198242
1.1222643852233887
4.945025205612183
1.0395464897155762
1.2274155616760254
1.0022661685943604
0.5746407508850098
1.0232429504394531
0.7297897338867188
0.7439911365509033
0.5421693325042725
0.19683265686035156
6.77951717376709
6.753549337387085
5.165287494659424
0.701484203338623
0.7807049751281738
0.7029428482055664
0.7288367748260498
6.996360540390015
8.000277042388916
7.317589521408081
0.9140584468841553
0.8191614151000977
0.998849630355835
0.6037635803222656
0.5998637676239014
0.5896987915039062
4.1364264488220215
6.504401683807373
3.4473068714141846
0.6739780902862549
0.6680710315704346
0.8338267803192139
1.0028042793273926
3.6237568855285645
0.7667231559753418
4.338842391967773
4.214190483093262
4.214544773101807
6.759230613708496
0.8841502666473389
0.8448319435119629
0.7039997577667236
3.6704440116882324
0.889049768447876
5.702483654022217
0.7266058921813965
0.6695196628570557
0.20831012725830078
0.545048713684082
0.6864607334136963
4.366775035858154
4.380058526992798
3.64324951171875
3.5986135005950928
0.9070053100585938
0.8658246994018555
0.8716139793395996
1.0590894222259521
1.0552611351013184
0.9737696647644043
0.9989068508148193
0.979567289352417
1.0890655517578125
1.1240410804748535
1.1244947910308838
0.4811439514160156
4.536505460739136
3.686061143875122
6.064683198928833
6.033712148666382
5.971500635147095
0.6992776393890381
4.759156227111816
0.5401041507720947
0.5489463806152344
0.4967231750488281
1.00518798828125
0.5395975112915039
4.7602269649505615
3.9244987964630127
3.916748285293579
1.1390655040740967
1.1462161540985107
1.018449068069458
1.1761095523834229
0.8404173851013184
0.6229398250579834
0.628812313079834
0.611093282699585
3.963503360748291
4.0700600147247314
6.314086437225342
6.295701026916504
0.6855149269104004
0.9455776214599609
0.716994047164917
0.6620051860809326
4.912688255310059
4.929620027542114
4.206210613250732
4.081480503082275
6.413048267364502
6.421186923980713
0.7746844291687012
0.7510247230529785
0.7294468879699707
0.8867876529693604
0.8190395832061768
4.232356071472168
0.6866345405578613
0.9423677921295166
0.9013700485229492
0.6712610721588135
5.190042495727539
4.4587273597717285
4.3912436962127686
0.8810019493103027
6.714854717254639
6.6866161823272705
6.687813997268677
0.5788323879241943
0.9321539402008057
0.49839138984680176
0.4359138011932373
0.7979490756988525
5.540029525756836
0.7313704490661621
0.8497562408447266
0.82759690284729
0.613692045211792
0.9047994613647461
0.6675624847412109
1.0092089176177979
1.034470796585083
0.9426560401916504
0.8803200721740723
6.921438217163086
0.4930241107940674
0.5647475719451904
5.834961652755737
0.8250007629394531
4.7347187995910645
4.735025405883789
5.536282777786255
0.8461072444915771
0.7491099834442139
0.8706386089324951
0.7996151447296143
0.9875800609588623
3.860445022583008
6.9852821826934814
0.5859837532043457
0.27330970764160156
4.889329433441162
0.40531229972839355
0.5625519752502441
4.886448621749878
4.843174934387207
1.0101075172424316
6.097294807434082
3.8274104595184326
7.258978366851807
7.167963981628418
0.42542243003845215
7.17764949798584
0.5416789054870605
5.116011381149292
4.04571270942688
3.916649580001831
3.9193012714385986
4.02600359916687
3.5696561336517334
0.40203857421875
0.456712007522583
7.262615203857422
0.6728694438934326
0.5517926216125488
0.6735424995422363
3.6265761852264404
7.382360219955444
0.21178889274597168
1.1672747135162354
6.333971977233887
7.448202610015869
3.646860122680664
0.7032284736633301
0.6991479396820068
0.6774342060089111
0.4492461681365967
0.5747494697570801
0.5988154411315918
0.6877291202545166
0.9140381813049316
7.605367422103882
3.8578391075134277
0.5434458255767822
1.0334892272949219
0.5257987976074219
0.5475449562072754
0.49743127822875977
0.20716238021850586
1.0220756530761719
7.67331075668335
3.871696949005127
0.6298849582672119
0.27828478813171387
7.687198638916016
0.7257950305938721
0.5495254993438721
0.48069167137145996
0.40784597396850586
0.7386593818664551
0.6944286823272705
0.25371599197387695
0.6289572715759277
1.167694091796875
1.1867880821228027
0.20410370826721191
0.6504116058349609
4.073970079421997
4.102844476699829
1.0491142272949219
7.887523889541626
3.578364372253418
1.392885446548462
1.383697509765625
1.0959253311157227
8.25014877319336
4.317509412765503
4.305081129074097
0.384674072265625
8.076350212097168
8.103331804275513
0.4003026485443115
4.3304078578948975
3.758495807647705
3.7587685585021973
3.7651431560516357
0.33731889724731445
8.22230839729309
1.1993765830993652
0.5015461444854736
0.46312952041625977
0.795706033706665
0.304401159286499
0.3757624626159668
8.285140991210938
1.075685977935791
1.0703086853027344
0.5281162261962891
3.8929226398468018
3.97286057472229
3.9774982929229736
4.603882789611816
1.1855027675628662
1.2735862731933594
1.214008092880249
8.240129232406616
8.368394613265991
1.0311710834503174
1.0305440425872803
0.5209577083587646
0.49588847160339355
4.6747517585754395
0.26418423652648926
1.1360290050506592
0.5090663433074951
0.385606050491333
0.5160229206085205
0.46031951904296875
4.033653497695923
3.98728084564209
0.43494248390197754
1.3404183387756348
0.38471364974975586
0.30120325088500977
1.281524896621704
1.1706106662750244
1.1381616592407227
4.91410756111145
1.017685890197754
1.0876092910766602
0.9642860889434814
0.41133618354797363
8.473214149475098
8.519678354263306
0.4265449047088623
0.4613020420074463
0.43192267417907715
8.58070707321167
5.115100622177124
4.970311403274536
5.12186074256897
4.9474146366119385
4.961802005767822
4.973457336425781
4.925300598144531
0.5156080722808838
0.25093722343444824
8.682678461074829
4.274602651596069
4.421992778778076
0.626579999923706
0.2978966236114502
4.475116014480591
0.17015576362609863
0.6990439891815186
0.8347055912017822
8.840943098068237
0.12961864471435547
4.601288080215454
4.502076148986816
4.480088472366333
0.7773504257202148
0.7182955741882324
0.6874353885650635
0.6840527057647705
0.6828165054321289
8.375544309616089
0.7145264148712158
4.604207992553711
0.6938004493713379
0.7290294170379639
0.8088059425354004
0.19593358039855957
0.5844805240631104
0.5749678611755371
0.5941343307495117
0.5994789600372314
7.260141134262085
7.3525071144104
0.959336519241333
4.737298488616943
1.1149280071258545
0.19250178337097168
0.4433417320251465
0.41724181175231934
1.1639602184295654
4.867344379425049
7.566802263259888
7.601366758346558
7.563865423202515
0.9958865642547607
0.9775896072387695
0.5828626155853271
0.5098214149475098
0.2083148956298828
0.44672679901123047
0.5186045169830322
3.526228904724121
3.536651134490967
5.046112298965454
4.975574254989624
4.971131801605225
4.931424617767334
4.97538685798645
3.619110584259033
0.38471412658691406
1.2647452354431152
1.2568414211273193
1.758035659790039
1.2395153045654297
3.7411727905273438
3.4870896339416504
7.892245292663574
1.3198552131652832
1.4727661609649658
0.9959704875946045
0.457744836807251
0.5516300201416016
0.46163034439086914
3.595235586166382
7.98867654800415
8.217058420181274
1.392935037612915
1.1043789386749268
1.1540753841400146
1.1248807907104492
1.0329785346984863
3.7056467533111572
7.98168158531189
8.200039863586426
8.209444761276245
7.815900564193726
8.46155858039856
7.83852219581604
1.071423053741455
0.6473836898803711
3.707754135131836
1.0432095527648926
0.49161648750305176
0.6099724769592285
0.7904231548309326
0.816453218460083
0.6209981441497803
0.7899951934814453
0.6308584213256836
0.8119933605194092
3.9263644218444824
3.977994918823242
0.23273086547851562
0.6834702491760254
1.7671821117401123
4.054131984710693
4.158518314361572
3.742680072784424
3.6595420837402344
3.819049596786499
0.906583309173584
0.6267707347869873
0.6844451427459717
0.6911747455596924
0.6355538368225098
0.7187299728393555
0.8153665065765381
1.2939906120300293
0.16404032707214355
1.451249599456787
1.248891830444336
1.328117847442627
1.278085708618164
3.726045608520508
3.8616769313812256
4.064969062805176
0.8744404315948486
0.7962300777435303
3.788912296295166
4.3161232471466064
1.437098741531372
4.724094390869141
4.291709661483765
6.484565496444702
4.370487213134766
4.441972732543945
4.070063591003418
4.075538396835327
6.345836162567139
6.449235439300537
6.474879503250122
0.3236730098724365
0.6118724346160889
0.6356151103973389
4.125920295715332
0.6348106861114502
3.959300994873047
0.3632683753967285
6.579409599304199
6.455348253250122
6.458070278167725
0.408400297164917
6.512016534805298
0.43378543853759766
4.448938846588135
4.449204683303833
4.09033203125
4.245250940322876
6.63375997543335
0.5074911117553711
0.3878898620605469
1.1574900150299072
1.1061620712280273
1.172546625137329
1.8041272163391113
6.771090030670166
0.4916374683380127
1.224726915359497
1.2618701457977295
1.125511646270752
1.2501587867736816
1.5671095848083496
1.7400908470153809
0.43328261375427246
1.197901725769043
0.6220197677612305
1.256474256515503
0.6871848106384277
4.3298280239105225
0.45613527297973633
4.013537645339966
4.477741003036499
4.408623456954956
4.1851747035980225
4.138475179672241
0.21833419799804688
4.228861331939697
7.043147802352905
7.026190280914307
0.5634963512420654
0.3492879867553711
0.9843344688415527
0.22476601600646973
1.5552845001220703
0.6137712001800537
0.6018204689025879
7.138851881027222
7.053206443786621
0.32331156730651855
1.102710485458374
0.8482804298400879
4.334492444992065
4.425692558288574
0.24382948875427246
0.41452765464782715
4.811247825622559
4.827682733535767
4.7969770431518555
7.213408470153809
1.6854290962219238
4.461406707763672
4.579853534698486
0.4090542793273926
7.315698862075806
4.9335713386535645
7.1205809116363525
7.135666370391846
4.937596559524536
4.835615873336792
1.3678269386291504
0.3561875820159912
4.889955520629883
4.9028050899505615
0.9849483966827393
0.9098784923553467
4.583787202835083
7.535423040390015
4.682688474655151
4.7169506549835205
1.087101936340332
1.1402864456176758
0.8044342994689941
0.735905647277832
1.0718860626220703
1.1194908618927002
1.119889497756958
7.4128098487854
7.411778211593628
4.840465545654297
0.8031530380249023
0.17787384986877441
4.954754590988159
0.8955240249633789
2.036316156387329
0.9394943714141846
7.718057870864868
7.753458738327026
1.0351650714874268
0.2316579818725586
0.22203493118286133
1.01883864402771
5.239076852798462
7.826388835906982
4.709642648696899
4.710691928863525
4.746361970901489
5.257033109664917
1.0544583797454834
7.929838180541992
0.3453803062438965
1.1344239711761475
1.0608429908752441
1.0911450386047363
1.070629596710205
1.0137763023376465
1.0566442012786865
0.9487295150756836
1.107313632965088
0.2473466396331787
4.834965467453003
1.2041852474212646
1.2200980186462402
1.2035350799560547
0.42942309379577637
0.19093632698059082
4.9677488803863525
8.127496719360352
4.473585844039917
0.5068070888519287
1.3185710906982422
1.2853217124938965
0.5614283084869385
1.143402099609375
8.171375036239624
5.110246658325195
8.171210765838623
5.10028862953186
0.1425340175628662
8.291518688201904
4.772457838058472
4.691391468048096
0.6991708278656006
5.260787725448608
5.259106874465942
5.2430737018585205
4.716351747512817
4.811557292938232
4.6491858959198
5.347951412200928
0.36957430839538574
0.5927462577819824
0.976917028427124
0.5897085666656494
0.5638070106506348
0.5379304885864258
0.8866231441497803
0.9463043212890625
0.826108455657959
0.21386051177978516
0.798039436340332
0.8237197399139404
8.595356702804565
0.37883806228637695
0.3337385654449463
0.34188294410705566
0.455014705657959
3.15938401222229
4.904993057250977
0.5268769264221191
8.896830081939697
5.073929786682129
5.21609091758728
3.4460654258728027
5.140564680099487
5.129202365875244
6.409518718719482
6.430257081985474
6.360750198364258
5.835381984710693
9.112746238708496
5.615966558456421
5.739393472671509
6.329318523406982
3.4970695972442627
0.31549954414367676
5.291735887527466
0.21404480934143066
3.5803802013397217
0.7657458782196045
3.666116237640381
0.8491554260253906
0.8380005359649658
0.8425240516662598
0.8343615531921387
0.4967312812805176
0.33673834800720215
0.3629326820373535
1.0763819217681885
0.960792064666748
0.9444787502288818
0.9419639110565186
1.0290489196777344
0.9547946453094482
1.0387940406799316
3.784546375274658
1.0572748184204102
0.4878373146057129
0.3636505603790283
5.5520031452178955
5.611792087554932
3.9221785068511963
3.9056365489959717
5.794918775558472
5.615105390548706
5.805941581726074
5.612039089202881
5.624454975128174
0.18396258354187012
5.0155863761901855
3.978144645690918
5.685625314712524
0.8006834983825684
0.38851022720336914
0.8443403244018555
0.5940554141998291
0.9498250484466553
0.937751054763794
0.9143733978271484
0.35195446014404297
5.212221384048462
0.6767091751098633
0.647383451461792
5.776895761489868
0.6694977283477783
0.9950931072235107
5.708668947219849
0.6503684520721436
0.38376903533935547
5.820896863937378
0.38047218322753906
1.4053235054016113
0.31884026527404785
0.23437285423278809
0.5659964084625244
0.46051979064941406
5.827354431152344
0.8776028156280518
0.849755048751831
0.8803973197937012
0.8759646415710449
1.04439377784729
0.8511338233947754
0.8662161827087402
0.21615290641784668
0.7913804054260254
5.417808532714844
5.945133209228516
6.159444570541382
0.5612819194793701
4.543382883071899
4.744256973266602
6.206371307373047
0.7072689533233643
0.7194468975067139
0.3920571804046631
3.797227144241333
0.3658466339111328
0.3759779930114746
6.258540868759155
4.761586904525757
4.773157596588135
0.6993188858032227
0.6980369091033936
0.7017912864685059
0.8123564720153809
0.8182027339935303
3.751683473587036
3.8032066822052
0.8196282386779785
0.7803294658660889
0.7466213703155518
0.7573881149291992
4.867210388183594
0.769181489944458
0.6178872585296631
6.460173845291138
4.9990081787109375
5.021353721618652
5.039947509765625
5.040323972702026
0.35627031326293945
5.001239776611328
0.2864844799041748
0.21579432487487793
6.355566024780273
4.008429527282715
4.021174907684326
0.8445944786071777
0.5100271701812744
6.488123178482056
0.9400055408477783
0.9387412071228027
4.257397174835205
4.227411270141602
4.235150337219238
1.0126221179962158
1.0502064228057861
1.134699821472168
0.8520901203155518
0.9940013885498047
0.4328651428222656
6.672526597976685
6.669851541519165
0.4503014087677002
4.355992555618286
0.48519325256347656
0.7011210918426514
0.7286670207977295
0.723261833190918
0.7410058975219727
0.7049500942230225
6.777915000915527
6.780750274658203
0.5658731460571289
0.6652381420135498
2.536771535873413
0.42095327377319336
0.7625117301940918
0.7565310001373291
6.985536098480225
0.505584716796875
0.516120195388794
0.4864649772644043
4.649021148681641
7.0605854988098145
7.5122339725494385
0.8615751266479492
0.24103665351867676
0.8566601276397705
3.082178831100464
4.913616418838501
4.575506687164307
0.6782627105712891
0.604550838470459
7.082940578460693
0.5214889049530029
0.5183312892913818
2.865781545639038
4.792431592941284
1.074244737625122
0.25173521041870117
1.03658127784729
2.9344966411590576
2.885887384414673
2.755950689315796
4.779043197631836
4.707907199859619
0.31861257553100586
7.340612888336182
7.321904420852661
0.5913567543029785
0.9833953380584717
0.5308005809783936
0.6074118614196777
2.9791014194488525
0.660635232925415
7.310605049133301
7.445915699005127
3.1893699169158936
5.003601312637329
0.9935507774353027
0.5519680976867676
1.2029149532318115
0.8134884834289551
5.701526880264282
5.111616849899292
3.284075975418091
0.5936405658721924
0.5961389541625977
0.5653567314147949
0.5737361907958984
7.515284776687622
7.519310712814331
5.221045255661011
3.2885897159576416
5.127304315567017
0.5694761276245117
0.4295666217803955
0.5950241088867188
0.5758883953094482
0.44304537773132324
0.46212220191955566
1.0056016445159912
0.4109375476837158
0.727773904800415
1.0656046867370605
0.9548361301422119
0.35436201095581055
1.473484992980957
0.9670259952545166
0.9504663944244385
0.9502158164978027
0.8642086982727051
3.542309522628784
5.371865272521973
5.372715950012207
5.381340503692627
0.47361302375793457
6.9959962368011475
7.0648887157440186
3.4934134483337402
0.6379692554473877
5.531172037124634
5.702946186065674
5.542780160903931
5.57037878036499
0.7044370174407959
3.645071268081665
7.147024393081665
3.763564109802246
0.673175573348999
0.18950223922729492
0.5236282348632812
0.5311369895935059
7.2369019985198975
7.260441064834595
7.239941596984863
0.7283387184143066
0.7748980522155762
0.36888742446899414
0.37003660202026367
0.8559179306030273
3.8883607387542725
7.487920045852661
1.1206278800964355
1.1234369277954102
0.994926929473877
3.7633402347564697
1.1052348613739014
3.7722487449645996
1.0059905052185059
1.1086878776550293
1.0014724731445312
0.29361820220947266
0.18691277503967285
0.9401066303253174
0.4296140670776367
7.472436428070068
3.885920286178589
0.9992902278900146
0.978877067565918
0.8776803016662598
0.9873244762420654
0.9964625835418701
1.0010976791381836
1.0087440013885498
0.8299615383148193
0.892310619354248
0.16285228729248047
7.685359954833984
7.61910080909729
0.9454507827758789
1.009962558746338
4.167850494384766
4.1685240268707275
7.932062864303589
7.818641901016235
0.35694193840026855
4.067065715789795
0.9090139865875244
4.268214702606201
4.288629531860352
4.661150217056274
4.275395393371582
4.4457056522369385
4.339070796966553
7.921703338623047
7.9328577518463135
0.529883861541748
0.6799392700195312
4.206745624542236
0.824514627456665
0.8334758281707764
0.66562819480896
0.6828594207763672
8.017212152481079
0.592689037322998
0.6082022190093994
0.6079177856445312
0.538698673248291
4.394801139831543
4.191462516784668
4.031013011932373
0.6179933547973633
0.8079273700714111
0.4182705879211426
0.42354416847229004
0.19522452354431152
4.200709342956543
8.214175701141357
0.14720606803894043
8.101786613464355
0.5787279605865479
0.531444787979126
0.43928003311157227
0.4891185760498047
0.5431077480316162
0.4417562484741211
0.530724287033081
0.5468275547027588
0.8399200439453125
4.351828098297119
0.15521836280822754
4.432492971420288
4.4524383544921875
0.7053184509277344
0.5705537796020508
0.5689754486083984
0.501258373260498
0.49610018730163574
4.031484127044678
4.004914045333862
3.9930245876312256
0.31202030181884766
4.4654998779296875
4.473466157913208
4.495783805847168
7.466467618942261
7.403059482574463
0.2500333786010742
7.5148680210113525
0.5543179512023926
4.725794076919556
7.5718934535980225
4.234895944595337
4.346790313720703
0.5735583305358887
0.46218371391296387
0.6698622703552246
7.675678730010986
4.85170316696167
0.5271580219268799
4.383037090301514
0.45183300971984863
4.898878812789917
0.5791220664978027
4.402571678161621
7.8599419593811035
7.870813608169556
5.000549793243408
5.03154993057251
0.6846656799316406
0.40440893173217773
7.997550010681152
0.8515012264251709
4.588288068771362
4.73673677444458
0.7961347103118896
0.7792098522186279
0.6579749584197998
0.6072180271148682
0.659832239151001
4.66958475112915
0.5987858772277832
0.5706431865692139
8.240849733352661
8.151073455810547
0.6147940158843994
0.5559494495391846
0.2204453945159912
4.82946515083313
5.5022666454315186
5.332791566848755
0.2608482837677002
8.272260904312134
8.274924516677856
5.723516941070557
4.944533824920654
0.9061741828918457
0.8881704807281494
0.5823826789855957
0.7131545543670654
8.216447353363037
0.7152252197265625
0.6761500835418701
8.129854202270508
4.800132751464844
4.720269441604614
0.1906898021697998
5.142796277999878
4.801320552825928
8.370618104934692
0.6926126480102539
0.5917558670043945
0.7439918518066406
5.285611867904663
0.1560821533203125
5.29780125617981
6.177748918533325
5.087378263473511
5.087008714675903
5.130563974380493
0.6104717254638672
0.607180118560791
8.4388108253479
8.380539894104004
8.336730718612671
8.32994294166565
8.323701858520508
0.6713578701019287
0.654594898223877
0.32265496253967285
0.7153511047363281
0.6977264881134033
0.5723791122436523
0.5489604473114014
0.7650604248046875
0.8159539699554443
0.5769352912902832
0.7077929973602295
5.211625814437866
5.110747337341309
0.255115270614624
0.5512137413024902
0.4777364730834961
0.49765515327453613
0.41433215141296387
0.42643046379089355
0.576134204864502
0.5141646862030029
0.5999917984008789
0.6073141098022461
0.5949170589447021
0.5872905254364014
4.311923265457153
4.201869964599609
0.6951184272766113
0.67256760597229
0.7022345066070557
0.6993181705474854
4.246062517166138
0.3855161666870117
9.194461822509766
9.127232313156128
4.52282190322876
8.951716899871826
0.5373220443725586
0.5518374443054199
0.4790077209472656
4.4656195640563965
4.450669050216675
3.6170685291290283
0.3876066207885742
0.4830811023712158
4.57059645652771
9.309041738510132
3.693859577178955
0.6626865863800049
0.7738995552062988
3.8219218254089355
3.757416009902954
4.953714847564697
3.849883794784546
3.8337740898132324
0.7560768127441406
0.6652250289916992
0.6641886234283447
0.9605574607849121
0.2906975746154785
0.5781002044677734
0.5627374649047852
0.3477003574371338
3.962508201599121
6.282410383224487
0.35839414596557617
0.5824048519134521
0.543402910232544
0.5888683795928955
3.9904446601867676
6.539108037948608
0.5671224594116211
5.022012233734131
0.28461313247680664
5.02888822555542
0.5188062191009521
0.16947627067565918
5.120514869689941
4.999382257461548
5.128292798995972
4.176631450653076
0.1500542163848877
6.41401219367981
6.406330108642578
6.413357973098755
0.4385795593261719
5.008944988250732
6.431702375411987
6.333261013031006
4.366974115371704
0.48155879974365234
6.333155632019043
5.113232612609863
4.325711011886597
4.5825114250183105
0.6525228023529053
0.6590213775634766
0.6657199859619141
0.6423513889312744
0.6313309669494629
0.49016284942626953
0.4963510036468506
4.4363720417022705
10.1515371799469
6.481709957122803
6.473425626754761
4.559356927871704
4.6658689975738525
4.6675379276275635
0.510430097579956
0.5107920169830322
5.511444568634033
5.511009216308594
0.6686539649963379
0.5823862552642822
0.6604535579681396
0.6042120456695557
6.824527025222778
0.5083744525909424
0.385237455368042
0.44056129455566406
0.16009235382080078
0.47261953353881836
4.82909369468689
4.833116054534912
5.799371719360352
0.4550466537475586
0.45072150230407715
0.851538896560669
0.6630103588104248
0.6514108180999756
0.8766613006591797
0.662585973739624
4.824426174163818
5.917746067047119
7.122573375701904
7.103549242019653
5.056840658187866
5.023466110229492
0.4763460159301758
0.4815995693206787
0.5816195011138916
6.133938312530518
6.108384609222412
6.1832873821258545
7.20040225982666
0.4412195682525635
0.4280667304992676
5.242515325546265
5.242034912109375
0.6875312328338623
0.7768943309783936
0.6862277984619141
0.49402475357055664
7.277772665023804
7.1951963901519775
0.2902653217315674
7.491949796676636
7.545426845550537
7.793257474899292
0.3834645748138428
0.22484993934631348
0.2253720760345459
0.8643620014190674
0.7997262477874756
0.7010436058044434
0.7612771987915039
4.920732736587524
4.897873878479004
7.3233397006988525
0.44496631622314453
7.426289796829224
5.654084205627441
5.677160263061523
0.4308924674987793
0.4298512935638428
0.5073351860046387
5.118706226348877
0.3122892379760742
4.589891195297241
5.1593992710113525
0.49695420265197754
0.5602457523345947
0.5155096054077148
0.5349686145782471
0.5981202125549316
0.5461475849151611
0.3720581531524658
6.983962297439575
6.98970103263855
0.4457662105560303
7.111407995223999
4.093154668807983
4.255302667617798
4.6672682762146
4.744915246963501
0.7131938934326172
0.6482996940612793
0.729433536529541
0.8234939575195312
4.408915758132935
0.5171194076538086
0.39043211936950684
0.38721537590026855
7.342904806137085
0.6284012794494629
0.7134561538696289
7.32239031791687
0.4633810520172119
0.37107205390930176
4.31318998336792
4.328912258148193
0.17919158935546875
4.9234938621521
5.02585506439209
7.361453056335449
0.40886783599853516
5.059079647064209
5.071034669876099
4.525358200073242
4.561389446258545
7.323040008544922
7.6274309158325195
0.15177655220031738
0.458782434463501
0.534428596496582
0.4658491611480713
7.546366214752197
0.6038510799407959
0.8922116756439209
4.709494113922119
4.804639577865601
5.289172649383545
5.319364547729492
0.7244949340820312
0.6398775577545166
5.402305603027344
6.943256616592407
6.9377522468566895
4.927603483200073
5.05979585647583
5.052539587020874
1.1652896404266357
5.4568867683410645
5.447863340377808
0.7947351932525635
0.9031801223754883
0.9031116962432861
0.9892728328704834
0.9771847724914551
0.5060474872589111
0.9760239124298096
0.8839643001556396
0.9889328479766846
0.4901413917541504
0.4740898609161377
0.7734770774841309
8.355904817581177
5.190773010253906
7.211807012557983
1.3900196552276611
1.395110845565796
1.4067974090576172
1.283778190612793
1.2786366939544678
1.2653744220733643
1.3451244831085205
0.33689093589782715
5.683480739593506
0.8391702175140381
5.129079580307007
5.053735256195068
7.33934211730957
0.8994028568267822
5.72926664352417
0.5665233135223389
1.002835988998413
0.7788314819335938
3.877793312072754
0.7252051830291748
7.572229385375977
7.477077007293701
7.53362250328064
0.6163549423217773
0.5782499313354492
7.558311700820923
7.549854755401611
5.466749668121338
1.1056325435638428
3.6304850578308105
0.6625428199768066
0.6114652156829834
0.4207179546356201
3.766462564468384
0.6592202186584473
5.488697290420532
5.575031518936157
0.9003536701202393
3.7611217498779297
0.5383944511413574
0.4060330390930176
1.009091854095459
0.9309618473052979
0.19962787628173828
0.860431432723999
3.8747482299804688
0.8764913082122803
0.8936951160430908
7.369044065475464
0.914006233215332
7.373769760131836
0.8899164199829102
5.636618614196777
5.641270637512207
0.549321174621582
0.9267346858978271
0.9278736114501953
0.9254021644592285
0.8797891139984131
0.8528962135314941
1.029770851135254
0.6314706802368164
0.9350922107696533
1.1425762176513672
1.1314587593078613
4.101441383361816
1.0656859874725342
4.107169151306152
1.0921647548675537
0.975203275680542
4.703646898269653
7.665402412414551
7.670088052749634
0.5669922828674316
0.6024737358093262
0.6232132911682129
4.240709066390991
4.743140459060669
1.0219511985778809
0.9974875450134277
0.8449113368988037
0.8919525146484375
1.0559642314910889
0.898231029510498
4.350811004638672
4.878024578094482
4.8622801303863525
0.2790548801422119
7.825756311416626
0.7473061084747314
7.8475260734558105
0.7198939323425293
7.800882577896118
4.442882537841797
4.286322355270386
4.224365949630737
4.207561492919922
0.7270548343658447
0.7363433837890625
4.980818271636963
0.14859294891357422
4.923619508743286
4.892257452011108
4.2656755447387695
7.865327596664429
7.874259948730469
7.954638242721558
7.773300647735596
4.929572105407715
0.9259405136108398
7.744259834289551
1.0576539039611816
0.3485381603240967
1.217284917831421
1.187497615814209
0.22298884391784668
0.5181694030761719
0.9460463523864746
0.5452215671539307
0.5331838130950928
0.5422563552856445
4.57850980758667
1.2217588424682617
0.5960507392883301
0.6016826629638672
0.5271632671356201
0.5942676067352295
0.5560092926025391
1.0807230472564697
0.7276515960693359
0.7317376136779785
1.4072697162628174
4.295832395553589
1.451831340789795
0.343158483505249
1.2105839252471924
4.42448878288269
7.146261692047119
7.231384754180908
4.46970272064209
1.3568918704986572
1.3599238395690918
5.030487298965454
1.3301053047180176
5.034199237823486
1.2117552757263184
1.4920992851257324
0.3061378002166748
0.9685013294219971
0.9665484428405762
0.9933176040649414
7.05259108543396
7.158930778503418
0.5761265754699707
4.652356147766113
4.3751540184021
0.29053521156311035
5.121081829071045
1.129176378250122
1.1418547630310059
0.8200342655181885
0.9200022220611572
0.7483842372894287
0.6193914413452148
0.7517476081848145
5.198843955993652
1.2464332580566406
1.2522196769714355
1.313863754272461
1.2798771858215332
1.252307653427124
7.224078893661499
7.2765772342681885
5.45762300491333
0.6964175701141357
4.555561542510986
0.6685588359832764
0.47465944290161133
0.393718957901001
0.28250575065612793
5.353101015090942
5.365241289138794
7.268395900726318
0.4671895503997803
0.4256253242492676
5.441783666610718
5.435769319534302
0.7061011791229248
7.307128667831421
1.575732707977295
5.432027101516724
0.21267056465148926
0.652052640914917
0.6507940292358398
0.6221661567687988
7.651807546615601
7.523864030838013
5.895575523376465
0.8208358287811279
4.9655821323394775
4.962935209274292
1.0128586292266846
1.006608009338379
1.006939172744751
1.004887342453003
1.0139007568359375
1.0259947776794434
1.7736384868621826
1.9519670009613037
0.8264584541320801
5.804329872131348
0.8479664325714111
0.844653844833374
5.9587202072143555
1.8354086875915527
0.41779255867004395
3.7378242015838623
0.4275047779083252
0.9226810932159424
0.9394464492797852
5.090231895446777
5.080902099609375
1.9548406600952148
5.365873098373413
5.123589038848877
7.830658435821533
4.921629428863525
1.9627900123596191
5.1059370040893555
7.762348651885986
1.9328837394714355
7.762015342712402
1.018545150756836
1.0048611164093018
1.065241813659668
1.0018689632415771
1.0483877658843994
0.22246551513671875
1.1461453437805176
1.1547019481658936
3.7585299015045166
3.413128614425659
1.1243171691894531
8.07650089263916
2.263570547103882
8.139515399932861
0.16432762145996094
1.3332538604736328
8.120080709457397
1.0768523216247559
2.3543918132781982
3.700070381164551
3.677762508392334
8.200901746749878
1.3449370861053467
0.8474812507629395
0.8618834018707275
0.6751062870025635
0.7542753219604492
0.7678096294403076
8.229326248168945
8.217185258865356
3.6775424480438232
0.258575439453125
0.15069198608398438
6.758934736251831
1.0756702423095703
3.818718671798706
3.831894636154175
8.5022714138031
8.495848894119263
1.0784060955047607
3.099978446960449
3.992969274520874
3.9287874698638916
0.9952094554901123
1.2822489738464355
1.2712717056274414
1.3301923274993896
1.195892572402954
3.3748364448547363
8.608166694641113
1.075392246246338
1.0873064994812012
1.1348507404327393
1.0771901607513428
1.075587511062622
0.19339609146118164
1.051084041595459
1.0851776599884033
1.267408847808838
3.3501219749450684
3.5452091693878174
3.429293155670166
0.6949949264526367
0.6963508129119873
0.6942257881164551
8.720690727233887
8.669952630996704
4.208289861679077
1.2148561477661133
1.3182616233825684
0.7658441066741943
8.973676443099976
4.307116746902466
0.23645472526550293
1.3158042430877686
1.2989816665649414
0.788060188293457
1.6142020225524902
0.7668581008911133
0.9013473987579346
0.685882568359375
4.438020467758179
3.665292978286743
3.4569954872131348
0.24550914764404297
1.4107129573822021
1.259856939315796
0.9549541473388672
0.7204551696777344
0.8464400768280029
4.547554969787598
3.3468425273895264
1.4333620071411133
6.369065761566162
6.291452407836914
0.5497815608978271
4.597233057022095
3.251781940460205
1.4746787548065186
0.9439229965209961
0.9081122875213623
3.247851848602295
3.1612918376922607
4.7900941371917725
0.6600949764251709
0.6435620784759521
0.23853087425231934
0.671907901763916
0.6314876079559326
0.6218349933624268
4.87378454208374
6.5921790599823
6.601731538772583
0.6787140369415283
0.6540858745574951
0.6741812229156494
0.5827982425689697
0.5840048789978027
0.67246413230896
6.614515781402588
4.979921102523804
4.9592368602752686
1.8871791362762451
2.081631660461426
0.802558422088623
0.7943875789642334
3.44899320602417
6.826939344406128
6.566765069961548
3.5201196670532227
0.5976872444152832
1.2354397773742676
5.159090757369995
0.38558411598205566
1.513925313949585
0.7569303512573242
0.8626415729522705
0.48459911346435547
0.5452086925506592
1.0568249225616455
0.3489654064178467
0.3114619255065918
3.779287815093994
5.369937181472778
6.918334007263184
5.380544424057007
5.371959209442139
5.38937520980835
5.384151935577393
5.490713357925415
1.558964729309082
3.8901901245117188
3.917701482772827
0.9151108264923096
0.8883347511291504
0.9226119518280029
0.8862202167510986
0.8844141960144043
1.0179743766784668
0.2530031204223633
1.0916495323181152
1.7012863159179688
1.0376594066619873
1.6857705116271973
1.631676197052002
3.9547007083892822
4.04510498046875
6.833887100219727
6.988269329071045
0.30427980422973633
0.33138275146484375
6.958332538604736
7.121730327606201
1.2518861293792725
1.8692314624786377
2.0247604846954346
4.249968528747559
4.14069938659668
1.6494808197021484
1.5282409191131592
7.150319814682007
2.1385107040405273
1.9895102977752686
4.347058296203613
1.037580966949463
1.034728765487671
0.8708713054656982
7.358772277832031
0.8520116806030273
0.4720933437347412
0.19259929656982422
4.369162559509277
7.711288213729858
0.6338152885437012
4.164604902267456
4.20785117149353
0.6684434413909912
0.6032538414001465
4.455350160598755
0.5102922916412354
0.35933732986450195
1.5402240753173828
7.481360673904419
4.614468812942505
4.627927541732788
4.616927623748779
4.524105787277222
7.527825832366943
7.436748027801514
1.6522212028503418
4.46500563621521
0.44819021224975586
1.3062798976898193
0.3793332576751709
1.8399014472961426
4.511545896530151
7.432389974594116
7.37820291519165
7.360189199447632
7.820860385894775
6.5648345947265625
6.573450326919556
0.46018147468566895
2.017432451248169
1.9507389068603516
4.616754055023193
4.518177032470703
1.335505723953247
4.436393976211548
4.4360785484313965
4.6921820640563965
1.6690313816070557
1.89066743850708
5.021000146865845
0.3416409492492676
0.3518216609954834
0.82102370262146
0.7150955200195312
0.6831784248352051
0.6095280647277832
0.5607173442840576
0.6979372501373291
4.6257004737854
4.635633230209351
0.4163174629211426
1.7301857471466064
1.8334786891937256
1.750370979309082
1.7163233757019043
1.7103514671325684
1.719223976135254
0.34261035919189453
0.20246601104736328
1.968573808670044
7.1137776374816895
1.8105974197387695
1.779470682144165
7.102944612503052
4.839460372924805
4.898494005203247
4.717279672622681
4.737154483795166
4.674684762954712
4.650927543640137
1.0984034538269043
1.0330979824066162
0.8654003143310547
0.833003044128418
1.7642557621002197
7.178718566894531
4.756830453872681
4.7748143672943115
0.46455979347229004
1.8993995189666748
1.8510708808898926
0.4837925434112549
4.744366884231567
4.7714667320251465
0.6241312026977539
0.5714917182922363
0.48716259002685547
0.4811701774597168
4.192309141159058
4.190671920776367
4.274889707565308
0.2391188144683838
1.9840304851531982
1.950589656829834
0.8080167770385742
0.7938268184661865
0.7378089427947998
0.5906476974487305
4.25850772857666
4.244874000549316
5.210274934768677
5.109854698181152
2.019606351852417
2.246760606765747
2.2021257877349854
2.0587384700775146
2.13732647895813
1.8635318279266357
1.5141637325286865
1.4220936298370361
1.1479275226593018
1.1165685653686523
1.2699682712554932
1.238426923751831
0.36811375617980957
1.5159902572631836
1.5029881000518799
5.208235502243042
0.835923433303833
0.7707946300506592
0.8670117855072021
4.510345458984375
4.441502332687378
4.441147089004517
2.9364256858825684
5.272915601730347
0.20220732688903809
0.16400933265686035
3.0964276790618896
5.40386962890625
0.8962299823760986
1.000542402267456
6.010071277618408
0.7091805934906006
5.521849632263184
5.491109609603882
0.155670166015625
0.511815071105957
3.320389747619629
3.30440354347229
3.1671319007873535
3.23271107673645
4.87033748626709
0.8607203960418701
4.885038137435913
0.7500488758087158
0.8519876003265381
3.3420050144195557
0.6498680114746094
5.734447479248047
5.731882572174072
5.7395148277282715
5.623467445373535
5.589876890182495
0.9115700721740723
1.1395153999328613
1.1713621616363525
0.9965600967407227
0.9880900382995605
0.9842615127563477
1.0190629959106445
1.169360876083374
3.522838592529297
3.532735586166382
0.8243639469146729
0.9655532836914062
0.38606762886047363
5.224190711975098
0.4327507019042969
0.4437892436981201
5.244951248168945
0.5944499969482422
0.7291121482849121
0.7719566822052002
0.5706620216369629
5.325225830078125
4.003036737442017
3.801771879196167
0.46146249771118164
0.6625115871429443
0.6766369342803955
0.4562680721282959
0.4825420379638672
0.4716920852661133
3.7062363624572754
5.552504301071167
0.49104881286621094
0.37027478218078613
0.46537351608276367
0.6772685050964355
4.092749834060669
5.654306411743164
5.565350532531738
0.26935338973999023
3.5541608333587646
0.7798805236816406
3.923198699951172
5.7083046436309814
3.7165169715881348
0.44792747497558594
4.027831315994263
5.675356864929199
5.75800895690918
0.5942404270172119
4.029730796813965
3.8828351497650146
1.0887880325317383
1.167018175125122
3.7529895305633545
3.9207677841186523
0.6289534568786621
0.5479722023010254
0.5397510528564453
0.6258630752563477
0.43794727325439453
6.294813394546509
0.35044431686401367
4.179192543029785
4.194515705108643
0.503751277923584
5.903223276138306
3.591064929962158
5.993966341018677
0.8991909027099609
4.273539304733276
4.256537914276123
4.359607219696045
3.7764344215393066
1.3302960395812988
1.2785413265228271
4.281586170196533
1.1594102382659912
6.106503963470459
1.0377681255340576
4.00677490234375
6.306154489517212
1.1268768310546875
0.9379677772521973
0.9027471542358398
0.8517065048217773
0.9922192096710205
0.4211304187774658
4.089155435562134
6.316365003585815
4.165162563323975
0.6219589710235596
0.6136894226074219
1.0437204837799072
0.56768798828125
0.5108821392059326
0.8516769409179688
0.9268169403076172
0.475128173828125
0.5229718685150146
0.532512903213501
6.219819784164429
0.6076207160949707
0.6000466346740723
0.5448031425476074
4.253251552581787
4.294046640396118
4.262493371963501
6.32516074180603
1.9179794788360596
0.7357642650604248
6.391853094100952
0.6648931503295898
0.5818758010864258
1.1162834167480469
3.929337501525879
6.578290224075317
6.493005275726318
1.1551122665405273
1.162217140197754
1.1762561798095703
4.51089882850647
0.8276669979095459
0.6916148662567139
4.122674226760864
4.12153172492981
4.1215550899505615
0.4793703556060791
0.679912805557251
4.562175750732422
1.0498099327087402
4.659782409667969
1.4568719863891602
1.4466884136199951
1.4700267314910889
4.661279678344727
4.639919996261597
4.282774925231934
4.267865180969238
6.8420422077178955
0.729637861251831
6.86222243309021
6.8230650424957275
0.9126279354095459
0.25662708282470703
0.5963120460510254
0.5634570121765137
6.934488534927368
0.5348856449127197
0.4614579677581787
4.835801362991333
4.421427488327026
0.220381498336792
0.4275166988372803
1.2663357257843018
1.1445205211639404
0.3089456558227539
4.530878305435181
4.535682439804077
4.539815902709961
7.279188394546509
7.13625431060791
1.2368896007537842
0.31053876876831055
5.072269678115845
5.070122480392456
0.6665186882019043
0.5492935180664062
0.6290891170501709
0.5317249298095703
0.6589019298553467
1.2365186214447021
1.3949840068817139
1.3042855262756348
7.254720211029053
1.4017446041107178
0.7133686542510986
1.0214879512786865
0.3427734375
0.4443678855895996
0.3481297492980957
0.39372897148132324
0.417858362197876
5.315034627914429
5.317692041397095
5.256407737731934
7.525222301483154
7.44319748878479
7.351330757141113
7.501528739929199
7.254040718078613
7.276210069656372
5.010708808898926
0.5211067199707031
5.397188425064087
0.47824907302856445
0.41948413848876953
0.4010615348815918
1.267305612564087
0.6137552261352539
5.038680076599121
5.24844765663147
5.645303726196289
0.8012487888336182
4.975816488265991
0.8428318500518799
0.6829190254211426
0.6460788249969482
5.534189701080322
5.293322324752808
0.956066370010376
0.3574709892272949
5.226940870285034
0.7509973049163818
0.34514665603637695
5.3379316329956055
5.341017723083496
0.8398075103759766
0.8191840648651123
0.727471113204956
0.7648334503173828
0.8497185707092285
1.1547822952270508
0.39777112007141113
0.17852997779846191
0.19556093215942383
0.5833225250244141
0.3091146945953369
0.3866415023803711
1.2959589958190918
6.017423629760742
5.648735046386719
5.202482461929321
0.22452569007873535
0.22458529472351074
5.573290824890137
5.532446622848511
5.5608601570129395
5.268260717391968
5.57584023475647
5.576515197753906
1.360274314880371
1.283200979232788
1.5782625675201416
1.2845585346221924
1.1882832050323486
1.1830065250396729
6.142399549484253
1.1929006576538086
5.806663513183594
5.384146213531494
5.33622407913208
5.7410888671875
4.6964170932769775
5.949049472808838
6.137801885604858
5.334035634994507
0.34674930572509766
0.6736516952514648
0.7462882995605469
0.6912953853607178
0.44207072257995605
0.3238646984100342
5.390039443969727
5.400661945343018
4.876065969467163
5.979575872421265
5.485618591308594
5.570882797241211
4.955806732177734
0.49854469299316406
0.481065034866333
0.5294303894042969
6.143624305725098
6.164712190628052
6.112268447875977
0.9543218612670898
0.9623675346374512
1.0980572700500488
0.951408863067627
0.5684113502502441
0.4688758850097656
0.347959041595459
0.41298723220825195
5.823920011520386
5.829375743865967
4.939292907714844
5.154235124588013
4.936011552810669
1.2081217765808105
5.856357574462891
0.8485825061798096
0.855837345123291
0.7908895015716553
5.330449342727661
6.508499383926392
6.617606163024902
6.491189241409302
4.811049699783325
4.897842884063721
0.49269580841064453
5.874407768249512
5.887450456619263
1.2070374488830566
0.9908075332641602
5.0458197593688965
5.9533514976501465
1.0031323432922363
0.9926559925079346
5.240240573883057
6.043976545333862
0.8221282958984375
1.0925276279449463
0.7853901386260986
0.9848215579986572
1.0955910682678223
3.4175918102264404
3.5961380004882812
0.6060547828674316
0.966869592666626
0.5965802669525146
1.0354957580566406
0.6111860275268555
0.6449975967407227
3.538944959640503
3.578477621078491
5.166218519210815
5.096003532409668
6.410458326339722
6.476373195648193
1.2601406574249268
0.36409664154052734
6.6024370193481445
0.23641061782836914
3.7294535636901855
1.3105404376983643
1.1366510391235352
6.734118938446045
3.850980758666992
0.7357292175292969
3.8226349353790283
1.2356011867523193
1.251495361328125
6.72291898727417
5.325561046600342
0.6363482475280762
0.7438910007476807
0.5783576965332031
1.3678345680236816
5.468971252441406
0.5912139415740967
3.8802330493927
3.7824671268463135
0.7201707363128662
0.7308130264282227
0.683795690536499
0.5291194915771484
5.453577041625977
1.474175214767456
1.4677789211273193
1.285390853881836
1.5371711254119873
4.011682748794556
3.975478410720825
5.58601713180542
5.590446949005127
6.045470237731934
0.7230265140533447
6.145859479904175
5.9429707527160645
5.684433221817017
6.259884834289551
0.6255037784576416
0.6443123817443848
0.5063855648040771
0.5248146057128906
0.40553903579711914
4.217170238494873
6.491677522659302
1.127079725265503
1.016646146774292
1.0212328433990479
0.5030252933502197
0.4971184730529785
4.340144872665405
4.338653564453125
0.22008037567138672
6.439961671829224
6.502847671508789
3.107769727706909
1.082350254058838
6.618375539779663
4.561011791229248
7.644705772399902
5.976353645324707
3.2482173442840576
3.0353293418884277
0.6684315204620361
0.680997371673584
1.237633228302002
5.5608439445495605
6.06694221496582
1.2628672122955322
4.654731512069702
3.299225091934204
3.295865297317505
1.3368780612945557
1.4569077491760254
1.2161412239074707
0.7100396156311035
1.4764177799224854
1.2514431476593018
1.2596838474273682
0.6808154582977295
0.8014194965362549
3.391052484512329
6.415693998336792
6.4123375415802
4.8881895542144775
6.4428040981292725
4.986551523208618
3.63392972946167
3.645744562149048
0.843672513961792
0.9116108417510986
0.6359574794769287
0.835749626159668
0.7561490535736084
0.941765546798706
0.3786201477050781
3.618562698364258
0.42605042457580566
0.9595282077789307
5.12785005569458
0.6844415664672852
0.3275916576385498
6.7829625606536865
6.7916951179504395
1.0229437351226807
1.0511770248413086
1.0679607391357422
1.2758688926696777
1.0307717323303223
0.9482119083404541
0.9445667266845703
3.883531332015991
4.41709566116333
3.9304115772247314
5.422341585159302
5.62907338142395
0.8440883159637451
0.9410820007324219
0.3353917598724365
4.444335460662842
0.2352311611175537
0.5725851058959961
0.9037940502166748
7.017770767211914
6.952404260635376
4.4048521518707275
4.469283819198608
0.23890924453735352
0.5895183086395264
0.621596097946167
0.6166789531707764
0.9906349182128906
0.9946367740631104
0.9848880767822266
0.8498570919036865
7.028266429901123
6.97602915763855
4.170562982559204
4.1769585609436035
4.119786262512207
0.26517152786254883
6.971028089523315
4.544634580612183
4.493042469024658
7.136033058166504
0.8571369647979736
0.1838064193725586
3.4572932720184326
0.46608638763427734
0.7574386596679688
0.8111860752105713
0.7410337924957275
0.7353463172912598
0.730088472366333
0.8159606456756592
0.7731080055236816
0.7652778625488281
0.7483174800872803
0.7726683616638184
0.7817113399505615
0.16008996963500977
4.444082498550415
0.5501804351806641
0.5424997806549072
0.5495119094848633
7.402147054672241
7.401721715927124
7.271646022796631
7.365264177322388
3.7057437896728516
0.6543920040130615
1.035736322402954
0.9199793338775635
1.073897123336792
0.9155926704406738
7.371028184890747
3.8090810775756836
0.4359862804412842
4.45904278755188
4.482284784317017
0.9705522060394287
0.196120023727417
0.9912173748016357
0.8414926528930664
0.8277742862701416
7.457733392715454
7.633967876434326
0.44860196113586426
4.05800724029541
4.067234754562378
4.584338188171387
0.6525516510009766
0.6937627792358398
4.73030686378479
4.7617857456207275
0.6961829662322998
0.6253271102905273
0.5540454387664795
4.030154705047607
4.787137508392334
0.1922762393951416
7.925535440444946
7.93352198600769
4.220080137252808
4.283846616744995
4.880704164505005
0.7168538570404053
4.839029788970947
4.827717065811157
0.6827733516693115
0.9536724090576172
0.9567701816558838
0.8994979858398438
1.0634100437164307
0.7798500061035156
0.9089446067810059
8.007203578948975
0.6956398487091064
0.7953915596008301
0.7958860397338867
4.450411558151245
4.761833190917969
5.052404165267944
0.6981055736541748
0.802020788192749
0.7572939395904541
8.159112453460693
0.6472499370574951
0.81439208984375
8.190945386886597
4.34710168838501
4.2454047203063965
5.180321931838989
0.965078592300415
0.943138599395752
4.230151176452637
8.268167734146118
0.5313193798065186
1.0486316680908203
1.0220155715942383
1.0210883617401123
0.6515474319458008
4.584263563156128
4.356564283370972
0.16539239883422852
1.123544692993164
0.28980255126953125
5.322494268417358
8.472462892532349
0.5255298614501953
0.6660668849945068
0.7887511253356934
5.553175210952759
4.520009994506836
4.517316579818726
0.5811941623687744
0.5910439491271973
0.567777156829834
0.6420536041259766
0.9691438674926758
1.0266170501708984
1.0151216983795166
0.8367323875427246
5.68171501159668
1.3118395805358887
8.03330135345459
4.747765779495239
0.7883594036102295
0.8998112678527832
0.7974042892456055
0.790595293045044
1.0305452346801758
0.8052873611450195
1.1496498584747314
1.1146957874298096
1.1498663425445557
8.086452960968018
8.139650106430054
1.0968375205993652
1.021312952041626
3.664447546005249
4.977825403213501
4.986625671386719
9.224373817443848
8.247754335403442
8.047430276870728
7.9974586963653564
3.7233996391296387
3.7442104816436768
3.7007954120635986
5.169397354125977
6.354696035385132
3.801175832748413
5.391114950180054
5.254088401794434
5.267869472503662
5.421709060668945
5.177911996841431
5.3220436573028564
8.223748445510864
8.280678272247314
8.166924953460693
3.890364408493042
8.235501527786255
8.280017852783203
6.725793361663818
4.293962717056274
4.307894229888916
8.490471363067627
4.146567106246948
4.132930517196655
8.535918712615967
4.221428155899048
4.309001922607422
4.317074537277222
3.9035019874572754
8.710157632827759
6.172692537307739
3.899958610534668
6.312855005264282
4.617047309875488
4.643653154373169
3.9274373054504395
3.934216260910034
3.9585914611816406
6.3850390911102295
4.662625312805176
6.424908399581909
4.339578628540039
4.79029655456543
6.48777961730957
6.492685317993164
4.2349748611450195
4.207639217376709
6.517940521240234
4.34413480758667
4.920597791671753
4.948739290237427
6.646969318389893
5.038026809692383
5.074439764022827
4.9195287227630615
4.953870058059692
5.158294677734375
4.5749945640563965
4.502454996109009
6.76258111000061
6.785482406616211
4.68547797203064
6.979000091552734
6.984359264373779
4.627436399459839
7.083952903747559
4.674271106719971
4.6279802322387695
4.589315176010132
4.64130425453186
4.414164304733276
4.677051305770874
7.111654758453369
7.2224953174591064
7.554430961608887
7.365584373474121
7.4595115184783936
7.614799499511719
7.605016231536865
7.6537275314331055
7.683880567550659
8.25804352760315
8.296653509140015
7.890376806259155
6.161870956420898
6.147830486297607
6.16234016418457
6.20554780960083
6.18617844581604
6.245715141296387
6.302815914154053
6.59140682220459
6.59865140914917
6.610877513885498
6.403069257736206
6.594284772872925
6.401296377182007
6.335963726043701
