42440
41308
42920
43326
44968
46137
42859
38276
43827
47773
44036
42983
43320
43323
42781
40864
38893
39465
38737
39628
59344
63139
65605
61432
63863
62368
63752
65146
65047
73104
71708
82945
83088
77620
78614
72686
78700
77281
72744
68873
73925
77435
77942
76183
76168
77267
82678
86262
86570
87712
84337
82695
86276
87570
89970
91641
90853
88164
90623
77835
90078
87232
89243
83044
82900
85286
89141
86843
82268
98034
90919
87817
87409
87561
83861
89377
91377
82879
89863
89777
90730
81626
83694
84480
86614
93630
86789
88655
88840
89014
90369
88746
89334
94374
95679
85051
84959
76044
83504
91724
78383
88224
75404
77929
72512
71583
81875
90789
97716
86221
87362
84628
82496
91068
89002
80770
86232
84795
89133
80009
88124
84768
86773
83832
81178
74898
83241
87299
93586
88758
88122
93348
88570
85341
74109
76899
92656
90649
81742
79434
80089
88614
90593
92702
92790
91877
82815
74415
72434
80880
81293
84868
72654
68326
80374
91987
74885
67411
75258
78314
79961
79634
81005
79587
77577
72286
67544
68782
74057
77008
81375
79165
78580
76232
81808
88353
81039
68938
76491
82467
75785
75565
79776
83902
81912
72217
70848
71447
78166
81527
76464
77829
76721
90852
86415
89728
83528
85768
96096
83120
82707
83398
86652
89743
95117
78327
81003
86206
75563
77580
81217
77958
82009
99333
94840
90104
97412
93717
100202
92963
97661
99173
96251
86528
91611
85427
94392
90140
90791
88393
89103
88444
90008
91189
98653
96320
94011
95117
92940
100656
99727
96365
87713
86654
90589
100000
90329
95080
99309
94123
90579
88810
93949
84197
83442
85939
89595
94967
89973
94063
92529
88612
95963
97259
90419
89905
83562
86154
87911
97377
91336
88396
92344
86785
77850
84409
90065
80859
77327
88057
92220
85343
87524
90249
82960
80290
79368
82134
90038
89948
91826
90805
79957
77824
76561
78363
80433
75445
69210
70129
65984
65209
67713
70626
68631
72768
68987
63474
67764
67616
80482
75887
46350
48652
53244
54930
53681
55508
49511
48927
51802
50981
52192
51967
48291
46194
48468
51700
48202
47364
48963
47346
40096
40181
40385
40760
42134
42108
38379
35839
40835
45379
45053
44570
46071
46765
42217
39855
38584
41225
41161
38889
66459
59890
63898
60650
63871
66456
70951
63261
62025
71272
79812
76048
75628
73274
72850
74016
76767
67704
68581
76820
74374
79015
77727
74370
79388
81545
81980
78767
83803
84584
85938
84552
85762
85742
88924
91224
86586
85896
77809
81648
89632
91959
91053
89247
88205
90311
88315
79112
86066
92428
97312
93511
86972
90282
88534
90907
92745
92246
91214
90055
89167
84084
92313
98621
88978
87653
88443
98571
89193
85021
87431
90964
94305
87680
86441
75297
79682
88088
79725
88734
75980
75533
79183
74999
81793
84768
98004
86598
90277
87555
77662
86229
88818
85271
86624
80941
90382
79203
88672
87178
87932
85848
84515
74487
81151
80897
88691
86798
92210
89043
89397
81396
77186
74398
90928
89226
83797
77045
80340
87556
83275
88847
87115
74740
82229
90253
93218
91072
94786
84036
85121
72645
78573
82588
82803
72634
71478
79236
89838
76481
67136
74983
75646
81796
76294
82990
85777
76499
70441
68175
65690
73423
80350
77932
76254
78390
75830
85122
90614
80939
68366
76511
78077
79241
74091
77061
79891
86929
85140
71025
71320
75125
76045
79558
72870
78607
77289
95176
91419
88403
87419
88180
93375
82514
77677
81984
82921
89691
97409
78301
77496
90009
76664
81417
79378
80358
82263
99921
98994
89907
97256
91682
99252
97708
91272
94293
99007
89421
92373
81736
90532
100406
92352
100266
92700
81929
85711
100221
92348
89125
92528
98518
100327
89580
98747
100521
100108
90804
87821
87866
99501
93379
93228
99276
91890
81045
89119
89417
86256
81424
83686
91385
90956
89155
91376
94604
89758
92662
95561
94501
95018
84807
83146
89773
91814
95724
91220
92181
88229
80973
88802
85600
77694
73318
82407
90384
84362
81692
86329
77565
79677
84155
86734
90053
90066
92995
91788
79503
85916
83862
80135
71389
64695
65908
72395
69909
65077
69026
68417
70550
70833
67897
70786
71028
79662
76023
47062
49350
51817
53957
52207
54311
49587
48590
46825
50413
52892
54329
50271
48899
49794
52786
48862
46269
52767
72395
40347
38689
38989
41063
42885
42710
41097
38773
42677
46630
47666
46506
46441
47471
48296
47690
45886
44320
42713
41394
69479
65264
61504
61098
65842
67878
69046
62224
63496
72068
77463
77502
74700
73408
75277
74826
77957
73161
71539
69320
78207
75220
76340
75949
77100
86504
86194
83752
82132
83638
81250
85831
87520
86775
87587
85875
89571
90004
92316
85375
87569
85352
89643
90282
99836
95091
92653
89711
89886
90606
89502
93523
94947
88684
92911
87852
86056
89186
89887
94331
91137
86887
82347
90957
99346
88842
89989
91664
94132
83393
92864
89750
85803
84627
84342
76206
81524
90009
83622
88799
83968
73836
75958
79779
84700
83988
89875
79898
87763
89021
80053
85162
89023
87679
89213
79520
96021
82287
88465
88758
91635
86044
85581
72586
82551
78707
85422
88121
92624
82401
88142
80253
78934
76808
86457
86546
86096
73078
79957
84802
85150
86299
87240
69950
82354
87285
90155
93705
92044
78910
83676
68727
71934
79667
86832
83806
72961
71798
79997
87401
80158
69223
74413
74372
82415
77326
80711
85175
78167
68444
73426
64758
72339
81026
78309
72037
76867
77229
83908
89214
85564
70777
77503
76856
81124
74710
77964
76347
84086
82545
72719
74722
77362
74168
77620
71392
78745
78927
90273
95624
86908
86621
92533
91660
79504
76337
84509
79103
80675
95545
81365
77234
88842
77846
82506
85544
79618
80489
96768
98509
93031
94580
92500
97249
91207
94061
89237
96792
92032
91446
85909
89305
99187
96127
100041
97929
80070
85210
97705
89406
86805
91136
93933
100674
100240
95419
96339
99559
94325
88941
96356
100099
95249
94884
99604
90879
80562
92915
87025
88391
81454
78671
87799
89044
94276
91699
90785
96697
95619
95072
96623
94801
87975
80798
90187
84904
84528
89166
96490
90243
85625
89116
82826
74968
79479
85389
91839
89041
88019
86066
76362
74843
83823
89070
94646
95146
92035
89273
74914
79485
77536
84654
79390
71892
63682
71374
67896
67749
69508
67366
66414
68478
70763
77179
76028
72188
77864
67541
50407
52367
56102
58727
56444
55243
50070
50450
51976
51631
51271
51239
50291
47206
50036
54784
51420
50085
53864
50806
43736
41399
39835
38736
39458
39488
39014
37992
44993
49069
49493
45823
43652
43435
47562
52051
48971
48708
46365
44343
73044
65164
58338
60676
63122
65308
62207
64026
65230
66689
79701
79145
78083
74351
74808
77788
81561
78878
73299
74017
81959
77004
74001
77479
81563
92713
89266
88550
85405
78898
84689
88097
89932
84321
88923
89111
89025
88945
89805
88057
88138
83842
78899
84010
87023
93916
93235
93465
91813
88255
89495
91618
90110
87508
88868
90413
96521
85625
77559
86157
93824
97443
85370
79996
79259
88088
93212
89859
96006
92534
85580
94347
94576
89237
78173
90381
79463
84931
84024
87474
89508
87955
75884
72321
74512
88909
80689
84704
77361
87787
89166
84838
86518
84729
86331
92146
83440
93824
85977
85688
92185
94478
90050
88567
73870
85896
75968
82871
88975
88608
81026
83945
89077
77914
76795
86830
86645
87436
70808
79495
85875
86217
85107
85776
71168
81495
85507
86105
94493
91083
76883
80935
69367
71929
80094
87058
83262
74450
71748
83970
88521
78424
71081
78484
76713
83982
80325
82883
83838
76520
70881
72959
65857
73945
78620
81202
73207
74781
80243
83312
89772
85241
73324
79730
76169
79716
73690
77238
76613
74135
78945
72999
74056
79572
75189
78061
70135
74793
79472
89194
92246
89925
83399
91326
92266
80260
75185
84440
81421
76061
89257
85649
79552
87881
79129
82764
87355
81187
80507
89712
98538
98237
96039
93957
96298
88677
94181
93716
87197
89777
89182
83450
88897
89332
94970
99248
99566
87991
89417
91536
91991
90397
88686
93534
100229
100897
100779
97321
98650
99130
88417
92440
100229
96426
98671
96250
85554
84952
90256
92637
92954
83672
75402
87556
88853
94739
94939
91707
93912
90546
93559
91626
95336
89507
85432
83722
77790
82679
93008
91785
90214
90066
84797
82591
83126
81362
86864
98068
89973
88485
90111
78435
75005
78449
85940
91450
97457
95036
92454
69139
79227
77372
77672
78616
77499
70490
76379
69667
67725
67951
67834
69640
62942
70242
79181
78893
74437
81494
69019
52525
52012
54037
55637
56406
59180
54254
51994
52001
49713
49584
51662
50863
49661
50853
54178
54180
54352
58565
53551
48784
49783
42248
39392
35725
34842
34275
37481
45829
53499
53148
48352
45560
48675
52515
56168
52893
51818
47901
47631
71612
66182
58908
62686
63552
66890
58533
63334
69456
73477
74667
71162
78217
77173
70976
71239
78559
77704
71096
75713
85160
80590
73072
76464
81269
90349
82249
86017
87419
89823
83462
86262
86527
84141
84391
84094
87832
89963
83896
85918
87170
88429
86771
84835
89633
94485
91543
92186
89682
89165
90003
96695
93499
87763
84556
90764
96854
86574
83889
87386
99608
91565
83547
85199
86411
85561
85169
96194
99122
86021
86199
94204
93506
89470
84658
90018
89842
89560
87689
83595
96347
89395
83353
71119
73830
85995
79428
82799
79816
85574
89698
88694
87962
79942
80938
95917
85896
91098
85162
81412
90316
94078
89096
86094
76379
86247
76681
82995
87823
88714
86465
87435
91319
77348
77091
87625
86106
85846
72581
75304
84976
83207
84846
83025
73173
80175
82313
91736
90091
86828
78052
77617
78269
73261
82251
86277
82338
77955
72151
86784
90851
75387
72602
81777
80420
83067
77057
85302
85319
76951
71971
70808
68557
78267
80381
84279
77042
75294
79084
87568
92504
86555
72645
81181
78183
78895
70916
75622
80837
71742
74013
74417
75423
76097
75854
78166
69830
70153
80636
89508
89044
92056
82574
89751
93309
80312
75147
82142
85346
79916
83669
84479
78217
83141
78039
80017
86459
91983
99251
96424
93471
98063
91016
89066
91211
91953
90337
95014
87846
89563
89206
88378
95965
98545
93100
86950
95208
86520
93330
89487
89168
96198
100303
101349
97881
87754
86388
97561
90797
96589
96434
91361
80489
89376
94938
93124
88813
77562
81417
89371
93237
91056
91460
95697
92833
90016
89001
92066
94188
89766
84585
82749
83760
93690
77809
94069
86642
83343
87148
83002
84502
75890
85373
92391
91673
86903
90116
83942
80815
77122
77539
84063
94187
96841
98507
74404
78304
75225
75498
76169
75599
71474
75881
74311
68431
70257
64139
69921
62193
64238
75326
68521
71691
76583
69220
56114
58698
56298
59960
54758
54955
53499
52401
55042
53138
51319
51029
50120
47821
49092
54447
54592
54768
56869
56012
47274
47340
38861
36548
39067
39801
41527
51688
57153
52211
47536
46443
48182
50339
53565
55618
54722
47662
45772
73712
74600
71129
65909
62016
62661
61277
63129
72016
78816
76000
74341
82519
75685
70229
73294
78167
75426
77743
80154
85605
82193
76784
76242
82304
85416
76616
81679
89962
88181
82891
85564
85417
88085
89425
84347
84776
82888
90367
87528
89865
87980
94174
92966
91711
86933
87203
92533
88955
90116
94016
95681
90153
94979
95647
89373
89607
89777
94152
90047
90653
93366
92209
89497
88828
94318
90176
80898
83810
96533
89720
84393
88041
88765
89520
86584
87875
88531
86151
89517
86447
92398
95834
87567
72488
74472
85329
79907
80992
93139
88953
88379
88132
76726
75106
82977
93688
86025
89468
86078
81846
89026
88661
84722
83040
78090
79697
79423
80081
86770
92631
86015
88914
90367
78322
73795
87825
88363
87916
77018
76229
84322
80653
82979
79550
73867
76276
77152
92189
94840
86843
72292
74696
80341
73521
82373
86440
81885
74573
71975
87737
88601
76796
76847
83366
75906
84534
79055
87111
81211
74878
70649
69759
69059
80108
84123
85033
76993
75583
77903
91863
88825
86106
71000
80295
78470
81039
72451
83074
72346
77561
78489
73461
76115
75431
75740
68045
69964
83949
93522
87707
92506
88337
88011
93306
83802
74146
83455
88357
83023
86283
85411
76314
82764
78801
75579
80479
80990
85317
95359
92796
96153
97818
94169
97523
91889
94306
87376
89186
89459
98810
88480
89653
90050
88153
91261
92091
89109
86696
94792
84880
84093
88838
89155
96062
97270
100525
95581
93211
98902
88481
87651
93449
89693
90725
92023
94278
82222
83450
95285
93265
89680
81023
80517
89132
91042
87360
88015
91426
94300
92052
88410
88511
92554
90400
86958
87825
89833
95500
97663
90985
82444
79209
83848
88777
76245
83160
93028
91204
87635
86488
84656
85338
84133
73437
79045
89255
90420
97517
83571
79439
72844
77505
75896
80357
69947
69403
68097
69433
67408
66989
63290
63878
64630
70978
67558
68603
79247
79737
58591
59386
58253
61497
55909
50430
49316
51069
52971
50973
49899
48869
51699
50112
46733
52307
51057
54095
60972
59884
49720
47571
46439
43498
45023
45306
43125
44128
51912
55407
51735
49037
48460
49916
53198
61037
61534
55883
54026
52121
81060
82015
80293
68999
59325
61433
63351
63142
70967
71649
76597
77976
79483
71974
73333
78771
68718
76930
84034
89492
84916
90230
81559
78139
81625
77189
76925
88919
90317
89602
86727
88743
86172
86583
86214
86664
80950
81287
89303
89994
88690
81703
90472
93781
90201
89524
86006
90055
90056
90030
95591
92036
92163
98559
91864
90571
92153
86391
89423
99811
90454
96024
86494
93778
98523
89258
80979
89151
92839
79541
78246
81256
86681
92773
88872
83174
87933
84526
85829
97783
84647
84025
72988
78928
92844
85825
81631
94409
93996
88890
78573
72537
73458
83818
95462
89230
85153
83071
80653
91583
83996
80959
86590
75047
84498
86047
81817
87205
92885
86512
90089
88543
74620
73068
91256
88854
86990
77196
76196
87113
80785
84338
78120
75042
76202
76863
88565
97463
86852
73142
78339
80998
68956
79760
86688
80637
74526
70304
82367
89975
75635
79485
86646
74136
82617
77132
86635
80300
73035
67552
68837
71467
77458
79153
86659
76985
79329
76651
87675
90982
83262
72054
79062
82933
81682
75087
75981
81373
76800
71991
74128
76529
77148
69651
72904
88048
94718
88634
93002
87663
90630
92104
87108
73104
78442
89056
83421
87125
89727
73000
84371
79937
78541
78774
84050
90036
100018
96972
97820
99980
93935
95446
93009
95949
89707
83967
87206
96487
93586
88691
90021
87116
91837
90473
86709
86477
90608
89236
81279
91611
90904
95297
96664
98780
99995
94295
92902
93915
90927
98686
89905
95108
93756
93113
86352
82805
98636
92277
88855
85030
79794
89970
86648
89313
88451
89603
95872
92541
92444
85630
88201
93571
88555
88089
90950
94940
92209
94652
88890
78131
86926
90421
78863
88701
94488
93952
83787
89903
84746
83343
81915
77630
79606
84559
89374
89054
79627
80973
75391
74333
75264
80348
72318
66223
61689
63896
61711
56030
55900
64418
67559
66206
64394
65065
74907
78524
58630
56377
54834
54638
54128
49727
47106
47070
47872
48613
47996
47833
47479
46880
50162
49170
49188
54085
61247
64749
52610
50536
47083
46124
45326
43746
43074
42024
47898
54646
49502
51357
46725
44705
53024
58220
56502
53244
52024
52410
76513
79400
80907
72021
65317
56112
61758
66069
65107
66366
68810
79945
74120
69144
70060
76469
73945
80851
85622
96520
84752
77855
76569
77053
77470
78304
83196
85531
87276
85905
88723
88207
83493
87777
84723
89305
82769
85556
86210
90254
90469
93087
95142
83722
77790
82679
86705
90580
87800
86811
92387
90554
90232
92548
92517
93899
96006
88335
89092
91595
88380
95052
96511
85022
89266
89797
96835
94358
81578
89767
86305
86719
84891
77820
82422
90987
99024
80965
82936
92914
82860
92591
87371
80097
73859
75604
89578
91312
80420
94400
86503
81651
73681
71023
75973
74975
94565
88923
87696
77278
75261
91334
85551
79415
85574
76039
83549
90336
86478
90087
91068
87712
86282
88039
72430
72527
89176
88171
83135
75432
73724
87953
85339
82239
79932
81271
76405
79719
88616
96251
84429
73932
77932
79698
67078
82797
86689
81061
74011
70382
90505
78331
76514
83154
76215
80764
77965
83947
79664
74082
68010
67540
70586
72379
82102
85783
78658
84609
79351
85961
89337
85213
73336
79404
85274
80571
72710
76839
80570
75754
81477
72508
71450
75635
79298
75394
70569
77255
88248
91787
91492
91988
90901
89172
91037
82055
71844
72421
84253
82836
94919
89858
74737
85452
76838
76901
78437
82932
95830
92409
99564
94966
100125
95250
97238
91161
96963
89666
88779
87561
93767
92646
89732
92025
87461
81929
91484
88794
85896
94349
92313
85043
93251
93693
92208
95110
96744
99003
94207
91022
94340
89551
93705
89092
93069
95714
87574
84954
97622
92945
88524
85471
83143
97507
87333
90380
87695
87477
91443
94759
90925
90183
85318
90564
88908
87568
87421
96054
90188
88875
90197
81529
70382
80323
85314
77192
90489
93359
86830
83864
85271
89018
86752
82701
81335
77136
80230
85366
87019
75707
80428
79456
75756
75348
78358
74819
68066
64483
65204
62842
58365
55599
64132
67030
63697
74727
73326
55800
55819
52537
52473
48231
49855
46792
46243
47700
51685
54288
58586
57123
54517
46643
49267
48483
51069
56257
54094
42848
42660
42970
45433
45768
45762
45879
44332
48258
53747
54032
51157
45552
42896
46446
50868
47724
46512
43312
41549
68048
70204
72157
65779
62741
56641
59120
63347
69683
66926
71393
74745
70878
70282
72091
75597
80477
71529
73958
74152
86847
81242
86286
87161
75833
71409
73746
76121
79831
82362
84939
83089
83157
81875
85265
85430
80619
88739
89592
92222
92625
82403
87256
96052
94430
91682
89339
88597
90015
89743
92889
91633
89919
87690
87623
89826
95726
90325
88821
94396
96049
88154
99637
89358
82058
88744
92416
95210
88171
88956
89733
84291
88551
85432
79000
84049
97996
89030
80993
80150
90156
85255
80018
73746
72386
82106
86162
82605
89975
77637
77281
72495
71412
76515
75076
92683
86032
88873
77072
75168
88456
87015
82684
88224
79251
85061
89979
85898
94405
88203
89538
82464
82987
74583
76427
91424
89504
81549
74451
71764
92890
78138
75651
81369
85900
82162
85768
88740
94915
89054
78657
72734
72339
68797
86574
84768
81680
74029
70850
82583
93860
76115
74556
80160
79558
80027
80124
82240
82161
74251
69933
68251
67194
71468
83901
85143
77517
87022
81667
87810
92488
82443
70010
80421
85454
79642
74542
81194
76522
75259
82673
83691
76968
74249
81090
90430
87664
94256
88549
91462
87813
92025
80027
71707
70267
75289
78653
92908
89293
75894
87341
75956
76316
75549
79867
96406
84705
100329
97487
91022
94340
89551
100235
98179
95188
89324
94503
93613
87393
86071
86775
95176
91611
94893
90371
80509
82041
89306
90111
98627
95447
90770
87307
94233
94867
93246
97927
94449
96525
90583
92719
92960
96911
96292
90053
92716
94077
89412
84945
94656
94184
89462
81389
88723
94146
91562
91575
89437
90437
89643
95686
91295
94017
86957
87154
91544
94820
89484
90761
89032
89440
84104
81489
76542
77041
80082
86310
88536
81792
81541
84684
88744
86411
81652
79888
77455
81551
89495
87564
76123
74191
76061
75564
74794
76527
75161
72158
68503
68628
68314
70834
66563
68181
62153
64653
64771
67800
77442
68228
46915
46080
44331
45445
51011
51561
49836
49737
46237
52557
54843
55533
51486
45009
46665
51937
51638
51977
54960
50252
42391
46011
43219
43891
44965
45518
44937
46483
50573
50612
50644
47727
42542
40587
45469
53095
51505
48284
44522
42775
68169
71521
70029
63488
63810
59153
56868
61198
68016
67662
65813
71104
75473
71474
69023
71906
73321
74669
73317
74510
89124
88304
89652
82110
76635
69757
72338
75137
81028
85278
83175
79769
83632
77743
80910
78595
87335
79949
83638
85670
98915
93635
87137
93394
94781
89142
89238
87716
94381
92384
91654
92359
89679
88496
87190
88855
90001
93737
86848
87398
100211
93817
83676
94963
89730
90766
91768
87361
85473
87790
89371
90396
95679
88964
79280
84710
90900
90735
89426
85989
85667
91115
82171
79213
73266
71314
77993
83669
83581
87205
75693
77966
78357
73131
78214
75546
87655
86476
88612
74535
77499
83153
86456
85240
88531
88794
86285
87485
88942
96805
87858
90137
78669
77215
75757
75175
92303
90347
82199
73008
76824
90042
79264
72006
82323
85618
84241
87716
89120
91550
90583
85776
71707
68187
69664
79467
87077
82786
72760
70066
82400
89151
75539
79708
81502
83805
78129
71248
69875
66126
69462
83047
80196
76071
81061
79198
84457
91658
81954
71344
79213
80279
78858
76434
84221
75767
79198
85068
81359
76839
80570
75754
65845
73055
78749
79490
77050
79375
87368
85924
88474
93534
89151
90609
89238
83549
73240
72040
73477
77062
85991
90329
76902
89528
86272
81523
82539
75491
93297
85635
89389
99938
100179
100213
92435
88941
94322
90650
89274
82576
82984
92994
93977
96510
99521
86055
83091
84470
96314
100080
95048
92559
85399
92242
97992
94864
94874
89449
96433
94025
90072
95864
99972
93318
99694
90655
85782
89380
84267
91986
91216
91441
84127
86951
88692
88242
86345
86113
90858
90217
91589
95013
93829
87764
90282
93131
97902
91549
91521
87495
86992
84968
78652
75491
76020
73962
81904
85239
81197
78949
77672
90931
85325
82491
82109
80203
77654
86529
90251
71823
75587
72783
71517
71065
78502
77758
74435
69174
70854
76792
70098
64651
66554
61780
67327
68618
68393
70801
71842
43031
45562
49554
50249
48415
50518
51324
50914
51500
50955
49610
46126
44499
45891
48084
47775
45036
42196
44846
41549
