0.4482414722442627
0.4980285167694092
0.4986855983734131
0.5686569213867188
0.6073670387268066
0.6424167156219482
0.621760368347168
0.2519824504852295
0.8142285346984863
1.019169807434082
0.816148042678833
0.8800818920135498
1.0501537322998047
0.7011780738830566
0.9536962509155273
0.871943473815918
1.1067554950714111
0.8052241802215576
1.0642571449279785
1.0349783897399902
1.1465051174163818
0.5025444030761719
0.7065012454986572
1.25754714012146
1.2565243244171143
1.2141759395599365
1.1362807750701904
1.0976648330688477
1.17592453956604
0.21030139923095703
1.1182522773742676
1.05625319480896
1.070951223373413
0.6783046722412109
1.3858318328857422
1.198030948638916
0.8394842147827148
0.9850912094116211
1.0427873134613037
1.1416196823120117
0.7890522480010986
0.8008036613464355
0.8106391429901123
0.9068024158477783
0.9696445465087891
0.3401825428009033
0.38498783111572266
0.3647918701171875
1.0644497871398926
1.0926554203033447
1.112306833267212
1.221750020980835
1.0942249298095703
1.0863583087921143
1.5428712368011475
0.6928880214691162
0.8009436130523682
0.5824363231658936
1.38618803024292
1.8280153274536133
0.9911971092224121
0.9947633743286133
0.9253067970275879
0.809124231338501
1.4118826389312744
1.5334742069244385
1.3760478496551514
1.0967657566070557
1.1536872386932373
1.6582562923431396
1.2842419147491455
1.6001975536346436
0.7355964183807373
0.8879053592681885
0.8628532886505127
1.8188769817352295
1.8026270866394043
1.6161415576934814
1.138615608215332
1.1667213439941406
0.8926308155059814
1.0896389484405518
1.3020830154418945
1.7022411823272705
2.0188887119293213
0.9602165222167969
1.529721736907959
0.6419532299041748
0.9545855522155762
1.403599500656128
1.9666180610656738
1.761930227279663
1.1614015102386475
1.1499571800231934
1.5507025718688965
0.6482820510864258
0.8121840953826904
0.5195436477661133
2.4637134075164795
2.2927398681640625
2.0880119800567627
1.6535727977752686
1.9862523078918457
1.9642720222473145
0.8927829265594482
1.9928231239318848
1.6176939010620117
1.81915283203125
1.9889068603515625
1.568800449371338
1.550865888595581
2.4313769340515137
2.076826810836792
1.4665353298187256
1.4227328300476074
2.2725861072540283
1.5712547302246094
1.7693970203399658
0.5397534370422363
1.2244699001312256
0.8195796012878418
2.095987558364868
1.6328942775726318
1.6725001335144043
0.8166294097900391
2.171130895614624
2.2477054595947266
2.1971285343170166
1.557619333267212
1.514009952545166
1.4505009651184082
0.39014315605163574
0.36671900749206543
1.8662784099578857
1.2780349254608154
1.541877031326294
1.8305981159210205
1.8296575546264648
0.9317483901977539
2.0929718017578125
1.7584238052368164
1.7302558422088623
1.3787074089050293
1.276585578918457
1.2962865829467773
1.793212652206421
1.4119389057159424
2.172560214996338
2.0561723709106445
1.8863160610198975
1.4843716621398926
1.3729169368743896
1.3703105449676514
1.4057462215423584
1.9558219909667969
0.6565103530883789
0.6885814666748047
1.298853874206543
0.31811094284057617
1.9068717956542969
1.3892924785614014
2.039719343185425
2.1148693561553955
1.3207473754882812
1.1525671482086182
1.442836046218872
0.9179680347442627
1.6132373809814453
2.434828758239746
1.9596655368804932
1.6898956298828125
1.644242525100708
2.348010778427124
2.544639825820923
1.345228910446167
2.3863372802734375
2.599416494369507
2.35255765914917
1.7309825420379639
2.626948356628418
2.5403003692626953
1.9058241844177246
2.3436076641082764
0.642552375793457
0.39797258377075195
2.0359420776367188
2.365577459335327
1.5217292308807373
1.4654972553253174
1.584463357925415
0.6886987686157227
1.3494000434875488
1.6446418762207031
0.8146476745605469
0.8579165935516357
0.7718508243560791
0.8660664558410645
1.0721495151519775
4.171966075897217
0.2418522834777832
2.4748997688293457
2.1507208347320557
1.9829075336456299
1.4941718578338623
1.6286110877990723
1.4904377460479736
1.4714195728302002
1.5204212665557861
2.231336832046509
1.9606258869171143
2.7232675552368164
2.34895920753479
2.225562810897827
2.086483955383301
0.8354969024658203
0.8524892330169678
0.8656051158905029
0.29018592834472656
1.8050062656402588
0.20224452018737793
0.341869592666626
0.4074888229370117
0.3432924747467041
0.2635347843170166
2.3960065841674805
2.6688339710235596
1.2884891033172607
2.7948553562164307
1.7033674716949463
1.6192920207977295
1.9696216583251953
1.2238330841064453
0.5010409355163574
0.42401552200317383
2.499974250793457
0.24187922477722168
2.7787671089172363
2.514136552810669
2.229944944381714
1.7544021606445312
2.1492483615875244
1.4296157360076904
2.2193751335144043
2.762413740158081
2.9655845165252686
2.1742069721221924
1.221099615097046
2.604099988937378
1.9992594718933105
2.451646089553833
2.2313425540924072
0.7472257614135742
0.3046607971191406
0.5303542613983154
0.3025810718536377
0.536062479019165
1.9102916717529297
0.4904954433441162
0.6468944549560547
0.9505505561828613
1.7166872024536133
1.6915760040283203
1.1823158264160156
1.9879789352416992
2.007263660430908
3.0538432598114014
2.0096685886383057
1.2076947689056396
0.45879530906677246
0.4557151794433594
0.4462144374847412
0.21207380294799805
2.1790735721588135
1.6250174045562744
0.840625524520874
2.7014734745025635
0.4955635070800781
2.25238037109375
1.4481770992279053
1.383817195892334
2.910750150680542
2.825690269470215
3.5243730545043945
2.205590009689331
3.528074026107788
3.8264596462249756
1.9255545139312744
1.0878827571868896
0.8778033256530762
2.855964422225952
2.1087920665740967
2.775726795196533
3.416011095046997
2.8608298301696777
0.6448588371276855
0.6879448890686035
2.355947971343994
1.6993300914764404
2.0122857093811035
1.7166099548339844
1.274773120880127
1.5688543319702148
1.163203239440918
3.413698196411133
1.3452863693237305
4.667526960372925
4.602903604507446
4.789779186248779
2.5024561882019043
1.3280375003814697
1.337372064590454
1.1998634338378906
5.191869258880615
4.258705139160156
1.1688597202301025
1.2157344818115234
0.7342908382415771
0.7294557094573975
0.730323314666748
2.166104316711426
2.398695707321167
2.844609260559082
0.9425876140594482
0.8426752090454102
0.8013579845428467
0.6900234222412109
4.407922029495239
4.01619815826416
1.5380127429962158
0.7597472667694092
0.792060136795044
1.8651676177978516
1.7983269691467285
1.7968220710754395
2.222557783126831
1.4847197532653809
0.5265624523162842
1.1692087650299072
1.4367280006408691
5.1356284618377686
0.8337719440460205
0.8500993251800537
0.8119668960571289
0.7858695983886719
4.179380178451538
0.7997543811798096
0.81075119972229
1.4118540287017822
4.772531270980835
1.3675823211669922
1.4141132831573486
1.627225637435913
1.012876272201538
1.311612606048584
5.05765700340271
2.479804754257202
1.4390699863433838
4.730222225189209
0.45253777503967285
4.955874681472778
2.8458073139190674
4.904778480529785
4.690185546875
0.9770622253417969
0.5543465614318848
3.9096426963806152
1.0694198608398438
1.0738134384155273
1.095102071762085
2.1084563732147217
4.644116163253784
0.9220676422119141
5.311136960983276
0.8644702434539795
3.6516923904418945
1.1543254852294922
1.7852609157562256
1.1869103908538818
4.36820912361145
0.7978324890136719
0.7730238437652588
0.7661910057067871
5.512045621871948
4.825824022293091
2.8630990982055664
4.585532188415527
2.2150990962982178
4.535717487335205
2.654604434967041
3.811710834503174
2.4126334190368652
2.5638198852539062
0.8927676677703857
0.8341498374938965
0.924891471862793
1.2094879150390625
1.1170952320098877
1.2395296096801758
0.5127573013305664
4.190986394882202
5.556760787963867
5.879143476486206
2.2465999126434326
3.9502735137939453
2.854175567626953
2.286010503768921
4.9713454246521
2.0574660301208496
1.5273282527923584
0.6967151165008545
6.497271776199341
4.32704496383667
0.7932126522064209
5.399509429931641
0.7811598777770996
2.16703724861145
6.585256099700928
1.602386474609375
1.2646503448486328
4.270042419433594
0.9773786067962646
0.9745211601257324
0.9599819183349609
0.9683856964111328
1.0084753036499023
0.7664306163787842
4.445706129074097
4.336839437484741
0.7937450408935547
0.8028392791748047
5.247972726821899
2.283782720565796
5.634132146835327
1.3913757801055908
0.8807272911071777
0.8848319053649902
0.19675779342651367
6.800382375717163
6.664249897003174
3.492140054702759
5.115917444229126
3.1761367321014404
5.988400936126709
5.1189000606536865
1.5530383586883545
1.3633756637573242
0.16706633567810059
0.9471447467803955
1.0416781902313232
0.9739298820495605
0.9805183410644531
4.995867967605591
3.043621063232422
5.902086019515991
1.5661647319793701
0.9761464595794678
0.9375762939453125
0.9228410720825195
0.9280798435211182
0.9350278377532959
0.8743832111358643
0.8787407875061035
3.8108904361724854
5.973696708679199
6.416224002838135
5.905838251113892
2.596778392791748
1.5753154754638672
4.128273963928223
3.593548059463501
0.9789125919342041
2.541944980621338
1.9229071140289307
4.897717475891113
6.838170289993286
1.151268720626831
1.9269163608551025
1.1646499633789062
1.125070333480835
1.1292684078216553
1.0799670219421387
1.2222709655761719
1.2225351333618164
1.085414171218872
1.1244304180145264
1.0075197219848633
0.9882297515869141
5.274798631668091
0.9762349128723145
0.8024001121520996
1.9254240989685059
2.850325107574463
2.842404365539551
2.381744623184204
5.747801303863525
1.391758918762207
0.936795711517334
0.9435052871704102
0.8044161796569824
1.218381643295288
1.498619556427002
1.1800222396850586
1.4398868083953857
2.8408353328704834
2.800837755203247
0.3564183712005615
6.496859788894653
2.4732861518859863
2.491243362426758
1.7895569801330566
1.6175727844238281
5.9892120361328125
1.0449812412261963
1.2193217277526855
6.190551280975342
0.4261438846588135
0.9776415824890137
2.617248058319092
2.5066306591033936
7.229869365692139
1.7385683059692383
1.6404359340667725
1.0646495819091797
3.018798828125
1.243260383605957
1.1260929107666016
1.1516408920288086
1.0116443634033203
2.6252732276916504
0.6041979789733887
0.5828003883361816
0.4373481273651123
1.138012170791626
1.1271166801452637
3.0656321048736572
3.110018253326416
2.690150499343872
0.1372666358947754
7.994831562042236
1.5950140953063965
7.1287384033203125
1.5945007801055908
1.4250061511993408
1.3300998210906982
1.5409252643585205
1.2996463775634766
0.5200235843658447
2.804269552230835
1.0962693691253662
6.010914325714111
4.4734556674957275
1.2872579097747803
7.441214084625244
2.8475048542022705
0.8314461708068848
0.8439440727233887
1.4664995670318604
0.8529305458068848
0.6872079372406006
1.1627135276794434
1.2281253337860107
1.1277503967285156
3.410120725631714
3.415473222732544
1.1015939712524414
1.1391949653625488
1.3049068450927734
1.2977945804595947
0.9123861789703369
3.0741422176361084
3.09444260597229
0.37790584564208984
0.8510260581970215
0.8283755779266357
5.641075849533081
0.7937707901000977
2.8381941318511963
0.796398401260376
0.7930564880371094
3.1872758865356445
2.8798484802246094
6.433097839355469
8.46202802658081
1.0828776359558105
1.0044400691986084
1.0006799697875977
3.3101747035980225
3.323922872543335
0.6520419120788574
3.0216147899627686
3.403963327407837
0.6099097728729248
3.1657638549804688
1.1146767139434814
1.1755304336547852
1.2713775634765625
1.1563928127288818
1.0510246753692627
1.0804343223571777
7.4208738803863525
7.810335874557495
3.048487901687622
1.3282508850097656
0.917586088180542
0.964052677154541
0.9611003398895264
7.7931129932403564
3.2134711742401123
0.4875955581665039
0.49884843826293945
6.464085102081299
0.985044002532959
4.431457281112671
3.202570915222168
1.3811779022216797
1.3760147094726562
0.3595919609069824
3.7469370365142822
3.867377758026123
3.8030130863189697
3.7995834350585938
3.8384904861450195
3.957883834838867
0.5662200450897217
3.2608795166015625
1.3338265419006348
0.3140678405761719
1.040788173675537
1.17423677444458
6.382957458496094
1.1002259254455566
1.071638822555542
0.9468140602111816
1.0178883075714111
1.0250415802001953
5.428117752075195
8.275921821594238
1.334416389465332
1.3291518688201904
0.576552152633667
0.5759305953979492
0.5829119682312012
3.5325231552124023
0.43842506408691406
1.2750184535980225
1.2768712043762207
1.5547242164611816
1.2959399223327637
1.222717523574829
1.245239019393921
1.2109758853912354
1.215564489364624
1.1998677253723145
1.0097734928131104
3.6366875171661377
8.645129442214966
5.636819839477539
0.7938342094421387
0.25474095344543457
3.7018933296203613
0.613431453704834
0.5534465312957764
1.1227638721466064
3.8180155754089355
3.7969985008239746
5.8589441776275635
0.943561315536499
0.5044898986816406
4.1127026081085205
3.572101593017578
3.902937889099121
1.734140157699585
0.8886237144470215
0.8140478134155273
0.8322741985321045
1.2138183116912842
0.9860565662384033
0.18450093269348145
0.189866304397583
0.6400384902954102
0.6821599006652832
0.9709835052490234
4.140907526016235
4.152264595031738
3.277684450149536
3.0889785289764404
3.092949867248535
1.1671044826507568
0.7329738140106201
1.0272552967071533
0.9371247291564941
0.9374830722808838
0.9256606101989746
3.9262521266937256
3.8541414737701416
3.832075595855713
0.9806544780731201
3.335630416870117
0.8481364250183105
4.323655128479004
4.358967542648315
1.2926156520843506
1.2440524101257324
3.3718814849853516
3.356137990951538
4.054684638977051
0.38817501068115234
1.0444278717041016
0.8883051872253418
0.7797255516052246
0.6835534572601318
0.6836254596710205
4.435230016708374
0.44919252395629883
4.30541729927063
4.151606321334839
4.509098529815674
0.5172100067138672
0.5223774909973145
4.509617805480957
0.4598672389984131
3.657045364379883
3.6025965213775635
3.4797720909118652
1.4857208728790283
1.770237684249878
1.483701467514038
4.2259650230407715
1.333345651626587
1.3081858158111572
1.3247811794281006
1.1410987377166748
0.7347724437713623
4.759544372558594
4.355659246444702
4.355538606643677
0.4404170513153076
0.7628200054168701
0.49097180366516113
0.9163844585418701
3.741366147994995
0.8378682136535645
0.7116129398345947
4.836935520172119
1.2838633060455322
1.288240909576416
0.8632891178131104
3.8231351375579834
4.57382607460022
0.4584527015686035
4.6936163902282715
1.0492162704467773
4.595511198043823
0.966322660446167
4.556659698486328
4.369736194610596
0.4781920909881592
0.2175121307373047
0.29184460639953613
0.30867695808410645
3.8714582920074463
0.4745948314666748
0.49559545516967773
0.4884366989135742
0.4910874366760254
0.518082857131958
5.1178295612335205
3.939682722091675
5.22804594039917
0.6553153991699219
5.297664403915405
4.090179681777954
0.769385576248169
5.382527112960815
0.5016238689422607
4.08066725730896
1.2367749214172363
0.8926348686218262
5.4738240242004395
0.6130409240722656
4.165284156799316
0.572993278503418
0.5692691802978516
0.5614008903503418
2.254593849182129
1.3691916465759277
1.3859782218933105
1.2955992221832275
1.382725477218628
0.918755054473877
0.9188642501831055
1.496483564376831
2.3578953742980957
1.3566186428070068
0.9633951187133789
0.9518966674804688
4.38607382774353
3.6889853477478027
0.4740438461303711
0.8811357021331787
0.46034693717956543
0.8772237300872803
0.8364601135253906
4.46333122253418
0.8756313323974609
4.466272354125977
0.7878141403198242
0.8537473678588867
3.8120265007019043
0.7729864120483398
0.6556270122528076
0.6545507907867432
0.5677781105041504
0.3982267379760742
4.554093360900879
4.56061863899231
4.56529426574707
3.8264365196228027
3.8163137435913086
0.24803519248962402
4.714008808135986
1.0619561672210693
4.441296100616455
3.933056354522705
0.6463346481323242
0.6551187038421631
0.7116372585296631
4.71943998336792
4.712984561920166
4.563369512557983
4.016330003738403
0.5263011455535889
4.006654262542725
0.8955690860748291
0.8421998023986816
0.6189241409301758
0.6112301349639893
0.5960545539855957
4.780547857284546
0.6413357257843018
0.571408748626709
4.900463342666626
4.149303674697876
4.063355922698975
0.5653259754180908
4.05779767036438
4.780247926712036
4.814055681228638
0.4531588554382324
4.867149591445923
5.015411853790283
0.768641471862793
5.01801061630249
0.770024299621582
0.9566116333007812
0.9681236743927002
0.9682917594909668
0.9793803691864014
0.9682033061981201
4.89657998085022
0.9809768199920654
0.7364716529846191
0.7364809513092041
0.7153830528259277
5.013368368148804
0.7178552150726318
0.410754919052124
0.2997448444366455
1.0022356510162354
1.004770040512085
0.8757884502410889
0.8764135837554932
1.0175225734710693
4.4715681076049805
5.142389535903931
5.277613878250122
3.0554380416870117
0.7525866031646729
0.7059450149536133
0.7028629779815674
0.22054409980773926
3.269150972366333
5.347902774810791
5.354576826095581
1.0692048072814941
1.082139015197754
5.324997186660767
5.237781047821045
5.264575004577637
5.23351788520813
0.9098589420318604
0.9157469272613525
0.6615734100341797
0.6558837890625
4.772212505340576
0.7055985927581787
1.1512436866760254
1.034452199935913
1.1590509414672852
4.83721661567688
4.87600040435791
3.5046985149383545
0.8321361541748047
0.853356122970581
0.8464281558990479
0.3616213798522949
0.8799939155578613
3.551435947418213
3.6090569496154785
4.943192720413208
0.9467043876647949
1.3732547760009766
1.4769232273101807
3.7417752742767334
5.025652170181274
0.6063916683197021
5.113122224807739
0.668825626373291
1.2180428504943848
3.8616783618927
1.1216151714324951
1.2907600402832031
1.0920441150665283
1.0863797664642334
0.8081619739532471
0.7994961738586426
0.841327428817749
4.979555130004883
4.769647598266602
5.301214694976807
0.908534049987793
1.4383106231689453
4.135382652282715
4.834329128265381
1.4836232662200928
1.5529611110687256
1.3526577949523926
5.514235496520996
1.3553414344787598
1.3544518947601318
0.8041739463806152
1.366955041885376
1.3095817565917969
1.2811403274536133
1.342170238494873
5.147185802459717
4.134097576141357
0.9158811569213867
0.8731882572174072
0.774052619934082
0.7112393379211426
4.912249565124512
0.6570913791656494
0.78379225730896
4.2065794467926025
4.947937965393066
5.68841290473938
5.6754162311553955
5.0570762157440186
0.7764348983764648
0.8229761123657227
1.1992924213409424
1.1067125797271729
1.1918270587921143
5.052700757980347
5.0121235847473145
4.663388013839722
5.023958683013916
5.443266153335571
1.3602478504180908
0.7982134819030762
0.7211771011352539
0.6485841274261475
0.8717362880706787
1.53957200050354
5.869395732879639
5.915736198425293
5.826934337615967
5.158854007720947
0.13756418228149414
4.624748468399048
5.211977958679199
6.02326226234436
1.04502272605896
4.736027002334595
4.738856077194214
0.8173508644104004
0.8325517177581787
0.8229038715362549
5.957712888717651
1.1305627822875977
0.19789814949035645
0.530867338180542
0.7103595733642578
4.762278318405151
1.1375279426574707
6.06809401512146
1.0815539360046387
1.024653673171997
0.5506291389465332
4.95342230796814
4.846823215484619
4.85539174079895
0.839604377746582
1.0302228927612305
0.844318151473999
0.2593655586242676
1.031369686126709
0.2770049571990967
1.1204349994659424
0.7079513072967529
0.7068557739257812
0.7752268314361572
0.26633310317993164
4.820531606674194
4.702229261398315
1.190783977508545
6.273185729980469
6.240107536315918
0.8214364051818848
0.8208513259887695
0.8214130401611328
4.860806941986084
0.5792710781097412
0.549471378326416
5.237084150314331
5.2484660148620605
4.900867700576782
4.974737644195557
6.519988298416138
0.48745131492614746
0.5219719409942627
1.0763661861419678
5.376003742218018
5.688477993011475
5.562409400939941
0.4023764133453369
5.368488550186157
0.4581332206726074
0.5373039245605469
0.5189030170440674
5.326786041259766
0.36553478240966797
0.24642634391784668
4.947781562805176
4.948752403259277
1.1978034973144531
1.3009827136993408
1.1716296672821045
1.2608306407928467
1.3134779930114746
1.1481971740722656
0.32090067863464355
0.8717660903930664
0.26836276054382324
0.881641149520874
5.138367176055908
5.315709590911865
0.8632857799530029
0.8870036602020264
5.6764373779296875
1.2880971431732178
5.237974643707275
5.145768880844116
5.148122310638428
4.93706202507019
4.8544228076934814
4.925642728805542
4.854947566986084
3.7264604568481445
5.417169809341431
5.447224140167236
1.1265525817871094
1.0658798217773438
0.7266933917999268
0.7199001312255859
0.7267825603485107
0.6496098041534424
0.6804203987121582
0.529686689376831
4.927599668502808
4.949666976928711
0.5855753421783447
0.6018037796020508
0.592944860458374
0.5920538902282715
0.5506260395050049
5.6170618534088135
5.634280204772949
5.023745536804199
0.2474980354309082
0.6715898513793945
0.8025805950164795
5.139043807983398
0.7602090835571289
0.5768039226531982
5.0497002601623535
1.218158483505249
1.2330260276794434
1.1713576316833496
1.0605945587158203
1.0588014125823975
1.0450952053070068
5.134536981582642
5.13415002822876
5.226622819900513
0.5130736827850342
4.288676738739014
4.450779676437378
0.8501689434051514
0.8299605846405029
0.8368568420410156
0.5617012977600098
0.599268913269043
0.5536682605743408
0.8473889827728271
0.8521480560302734
0.8775391578674316
4.402123212814331
0.5956804752349854
5.297012805938721
5.402762174606323
0.45359277725219727
0.18662261962890625
4.5157647132873535
0.9171442985534668
0.9111747741699219
5.602557182312012
5.333547353744507
0.31452441215515137
4.630614519119263
0.7280597686767578
0.7127189636230469
4.797135829925537
4.701218843460083
5.40555214881897
0.41704559326171875
0.17648077011108398
1.0886383056640625
1.044722080230713
4.309773206710815
5.648150444030762
0.2607917785644531
4.593956470489502
0.8652400970458984
1.170905351638794
0.374051570892334
0.23848915100097656
4.699682712554932
5.627490043640137
5.605007886886597
5.645958423614502
0.8529505729675293
0.7413933277130127
0.7480330467224121
0.7002079486846924
0.7448132038116455
0.36801910400390625
0.3676736354827881
0.383044958114624
4.474719285964966
4.359403371810913
4.505645275115967
1.4726076126098633
6.292351722717285
4.940657615661621
5.989014387130737
4.868733644485474
5.7450220584869385
4.980561017990112
1.3277995586395264
1.3281996250152588
1.3234553337097168
1.292001485824585
1.3428354263305664
1.2516047954559326
0.6107239723205566
0.5565662384033203
0.600531816482544
0.33388710021972656
4.982191562652588
0.5809822082519531
0.5806453227996826
0.5508568286895752
0.4149796962738037
0.6175572872161865
4.71797251701355
5.041208505630493
5.953088283538818
5.948592901229858
4.8390138149261475
5.358616828918457
0.648284912109375
0.6437873840332031
0.6158242225646973
0.611445426940918
0.5537538528442383
0.6196746826171875
5.1808021068573
5.469357967376709
6.1953020095825195
0.8323023319244385
0.8168952465057373
0.6609389781951904
0.6592822074890137
4.545388698577881
0.3913078308105469
6.2536468505859375
0.43880438804626465
0.8522243499755859
0.882573127746582
0.8877270221710205
0.6584396362304688
0.8860495090484619
0.3101828098297119
4.975297451019287
5.026731014251709
0.6935462951660156
0.44336986541748047
5.036580801010132
5.044766664505005
0.7790927886962891
4.829749584197998
4.85596227645874
0.8732614517211914
0.9178688526153564
0.931311845779419
0.8302052021026611
4.9032135009765625
0.8312139511108398
0.8001761436462402
0.7892577648162842
0.8394544124603271
0.6780774593353271
5.019265174865723
5.100098609924316
0.28240203857421875
5.189222574234009
0.7323770523071289
0.8947808742523193
0.7226951122283936
5.218853712081909
5.298958778381348
0.717886209487915
0.8730921745300293
0.7458648681640625
5.033862590789795
5.007089853286743
5.5718772411346436
0.28988146781921387
0.580467939376831
0.5760462284088135
0.5839757919311523
0.5742332935333252
5.358844995498657
0.3196220397949219
5.0552146434783936
5.027579307556152
4.580029010772705
5.615134000778198
5.4799134731292725
1.0187950134277344
7.421020030975342
4.612080097198486
1.1040985584259033
6.062079906463623
5.222822189331055
0.5209040641784668
5.231207609176636
5.707963228225708
5.720132350921631
0.7564377784729004
0.524810791015625
0.5194828510284424
0.473142147064209
0.5583462715148926
0.5903050899505615
0.5930285453796387
0.5042777061462402
5.71494460105896
1.2667961120605469
1.129962682723999
1.1638097763061523
4.904215574264526
4.902368783950806
4.627032041549683
1.0639660358428955
1.3307263851165771
1.408912181854248
0.9443507194519043
5.939828157424927
0.749964714050293
0.6157937049865723
0.5508677959442139
5.533851146697998
5.265203237533569
0.5849618911743164
0.5329854488372803
4.844005346298218
4.716888427734375
5.633809328079224
4.899811744689941
5.641220331192017
5.678772449493408
0.22390151023864746
5.383090257644653
5.398830413818359
5.3379011154174805
5.331853628158569
5.279247522354126
5.298119068145752
0.7735691070556641
0.7304699420928955
6.077384948730469
5.777209281921387
0.46602296829223633
5.710713148117065
5.0401434898376465
5.784366130828857
5.599153757095337
5.6364006996154785
4.824587345123291
0.799375057220459
5.164940595626831
5.176598310470581
5.507935047149658
5.1679699420928955
5.149670839309692
0.3348522186279297
5.157152414321899
5.113186836242676
0.6776330471038818
0.5881013870239258
0.8383562564849854
0.6301085948944092
1.0342440605163574
1.070765733718872
0.6033518314361572
1.0861427783966064
0.9251015186309814
0.6438977718353271
0.5376608371734619
1.0411217212677002
1.028038740158081
0.9538993835449219
0.9363682270050049
0.9671528339385986
0.9636595249176025
0.9157810211181641
0.9825851917266846
0.509033203125
0.5776755809783936
0.6963622570037842
0.7748756408691406
0.38100457191467285
5.58450984954834
5.437100887298584
5.405904293060303
0.5174274444580078
0.491412878036499
0.44211792945861816
4.489909887313843
1.0306684970855713
5.679597854614258
0.791468620300293
0.9157633781433105
0.8963994979858398
0.9132382869720459
0.838388204574585
0.8599722385406494
5.512962341308594
0.9781937599182129
5.653566360473633
5.414743185043335
1.0119760036468506
5.165734767913818
5.405224800109863
5.429674386978149
4.844075441360474
4.844152450561523
5.733267545700073
1.2744710445404053
1.1239938735961914
4.715057134628296
0.4958159923553467
1.0618500709533691
1.204394817352295
1.0603063106536865
1.0241923332214355
5.670166254043579
0.6258292198181152
0.49987196922302246
0.5385847091674805
0.5236361026763916
0.5992968082427979
5.446280479431152
5.423794269561768
4.866827487945557
5.085479259490967
1.6363236904144287
5.525676250457764
5.6138293743133545
4.938122987747192
6.062737464904785
6.025885343551636
1.4920754432678223
1.3357510566711426
1.3082849979400635
1.4350941181182861
1.35341215133667
1.3563122749328613
0.8261163234710693
5.068844556808472
4.974001407623291
5.511936902999878
0.3315460681915283
6.094737768173218
0.9406390190124512
0.940760612487793
4.99621844291687
0.6539769172668457
5.629734754562378
5.180391311645508
0.9223709106445312
0.8132791519165039
0.6019032001495361
0.687455415725708
0.615009069442749
0.7553982734680176
0.7196717262268066
5.906492233276367
0.35496068000793457
0.4492499828338623
0.44263434410095215
5.633412599563599
5.184179782867432
4.836979866027832
5.193569183349609
5.842584848403931
4.966625690460205
4.779945135116577
0.47351765632629395
0.2952253818511963
5.386419773101807
1.1303989887237549
1.1215076446533203
0.9332494735717773
0.9531238079071045
1.1099200248718262
4.960204362869263
4.837770700454712
0.7917478084564209
4.951752185821533
0.9341123104095459
0.9119608402252197
0.45438361167907715
0.5028769969940186
0.49805307388305664
0.6659760475158691
5.026705026626587
0.5872700214385986
0.5758137702941895
5.388240098953247
4.987076997756958
5.365584373474121
0.5432271957397461
0.5181567668914795
0.36451292037963867
0.3750910758972168
4.81659460067749
1.1486728191375732
1.140442132949829
5.451809883117676
0.8797492980957031
0.4545724391937256
0.4867415428161621
0.48630714416503906
1.414914846420288
5.560858249664307
5.189019441604614
5.204670667648315
0.6418530941009521
1.2661771774291992
1.360877275466919
0.7561330795288086
5.062028884887695
5.0979697704315186
1.3819618225097656
5.784685850143433
5.138486385345459
0.6150054931640625
6.806812524795532
5.4072699546813965
6.104629993438721
5.830782890319824
5.383998394012451
0.6754469871520996
5.45642352104187
0.28183674812316895
0.23922014236450195
0.5969197750091553
6.027759313583374
1.5482463836669922
1.388629674911499
1.3712291717529297
1.3975296020507812
1.4007399082183838
1.3598134517669678
0.8617918491363525
5.239875555038452
5.223910093307495
5.625172853469849
5.281236410140991
0.938652515411377
0.948394775390625
5.566389799118042
5.282791614532471
0.9011201858520508
5.743223190307617
1.1450629234313965
1.1207561492919922
5.3488335609436035
5.468456745147705
0.1994168758392334
0.9856984615325928
5.459515571594238
1.0922179222106934
0.8459467887878418
0.8774080276489258
0.8972702026367188
5.994378089904785
5.297577381134033
5.54051661491394
4.952733039855957
5.165737628936768
0.8417174816131592
0.8488180637359619
5.168417453765869
1.224351167678833
1.2953071594238281
1.1498537063598633
0.36702847480773926
5.267305612564087
5.420076131820679
0.9314420223236084
0.9602935314178467
0.9115638732910156
0.9124755859375
0.9642026424407959
0.4377727508544922
0.4534735679626465
1.2581110000610352
1.3461377620697021
1.2193679809570312
1.2308404445648193
5.319807052612305
1.270810604095459
4.966324329376221
5.0071821212768555
4.825195789337158
4.825374603271484
4.826777219772339
4.646566152572632
5.362304925918579
5.449497938156128
0.5066571235656738
1.136610746383667
1.1321942806243896
1.2005646228790283
0.20755648612976074
1.0363810062408447
0.8809535503387451
1.2212297916412354
5.45271372795105
1.1123113632202148
1.0887508392333984
1.049386739730835
0.28242921829223633
5.267162561416626
5.184266567230225
5.282783269882202
5.2887818813323975
5.60996413230896
5.178080797195435
5.564091444015503
5.573209285736084
5.538681745529175
4.943345308303833
1.1132407188415527
0.6594035625457764
0.7483851909637451
0.754075288772583
0.30408239364624023
0.8608994483947754
0.6250307559967041
0.646930456161499
0.6825602054595947
0.7118463516235352
0.5816540718078613
0.578911542892456
0.6912579536437988
0.6012256145477295
0.5825927257537842
0.8102099895477295
0.8967199325561523
1.0618741512298584
1.0257978439331055
1.0637946128845215
1.253291130065918
1.0168962478637695
1.0028367042541504
1.008227825164795
1.0526123046875
0.785243034362793
0.7749083042144775
0.9892609119415283
5.5746612548828125
0.46329784393310547
0.4286653995513916
2.041440725326538
1.0743844509124756
0.9674367904663086
0.9690372943878174
5.0927088260650635
5.138463735580444
1.1007153987884521
1.1083309650421143
0.7883527278900146
0.8178718090057373
0.8200855255126953
0.8885383605957031
0.8440005779266357
0.7539398670196533
4.73237943649292
1.0339598655700684
0.9690515995025635
0.9276447296142578
0.9477040767669678
0.9715960025787354
0.42308831214904785
5.625330448150635
5.53493595123291
5.594787836074829
0.2844963073730469
5.369971513748169
0.4897799491882324
0.7842788696289062
5.7170021533966064
0.5945208072662354
5.011309862136841
5.36377477645874
0.49979376792907715
5.008747577667236
5.0750532150268555
5.440735101699829
5.477397441864014
5.477888107299805
0.6917393207550049
0.4562101364135742
5.8124144077301025
5.811995983123779
0.6039173603057861
5.574316740036011
5.59803032875061
5.041855335235596
5.133176565170288
0.9248764514923096
0.8803501129150391
1.0248777866363525
0.8972048759460449
0.8871982097625732
0.6071410179138184
0.2587714195251465
4.781233787536621
5.149867296218872
0.998530387878418
6.0527050495147705
0.730243444442749
0.7302062511444092
0.19537353515625
5.144141912460327
5.166876554489136
5.850577116012573
0.8496758937835693
0.8978698253631592
6.222074747085571
0.7411856651306152
6.199373960494995
0.841240644454956
0.7411315441131592
4.7685325145721436
5.007545709609985
5.157747745513916
0.8790030479431152
0.9605920314788818
0.18507909774780273
4.932458400726318
1.011641263961792
1.0680654048919678
0.39609813690185547
5.201681852340698
0.345822811126709
5.091351270675659
0.17175912857055664
0.994265079498291
0.8716404438018799
5.218362331390381
4.97916054725647
0.9309191703796387
5.424668550491333
1.006026029586792
5.1517462730407715
0.8921997547149658
0.5835573673248291
0.6416077613830566
0.8863401412963867
0.6096622943878174
1.0444896221160889
0.8924684524536133
0.8595716953277588
0.6689121723175049
4.981094837188721
0.9294083118438721
0.7216124534606934
0.6340603828430176
5.3008575439453125
5.11986517906189
5.630622386932373
5.6500842571258545
5.786842346191406
0.2640676498413086
0.5438978672027588
5.245387554168701
5.712127923965454
4.913043737411499
4.917781591415405
0.6593902111053467
5.393017530441284
5.532505035400391
5.865249872207642
5.014122247695923
0.7908809185028076
0.7034447193145752
4.8332555294036865
5.434628009796143
0.3018045425415039
5.0678794384002686
0.4449784755706787
5.484525203704834
5.1838765144348145
6.260195016860962
0.3881094455718994
4.900536060333252
4.46573543548584
5.295894384384155
5.40098237991333
0.4999101161956787
0.983370304107666
4.865114212036133
0.921234130859375
0.9330618381500244
0.8154397010803223
0.936370849609375
0.8062732219696045
0.77323317527771
0.6703903675079346
5.268254518508911
1.1359915733337402
0.6072690486907959
0.609142541885376
4.430291652679443
0.5412898063659668
0.6208052635192871
0.4212522506713867
1.1532363891601562
1.180020809173584
1.1688389778137207
0.7907745838165283
1.1457440853118896
1.131190538406372
0.5767989158630371
0.4670138359069824
0.5883533954620361
5.4719483852386475
5.366396427154541
4.576460361480713
4.762379884719849
4.322582721710205
5.62511420249939
4.668514251708984
0.5919511318206787
0.5323913097381592
0.49567174911499023
0.3877389430999756
4.9266602993011475
5.2254698276519775
0.27979564666748047
0.38956308364868164
0.6737265586853027
0.20815324783325195
5.020234823226929
5.036239385604858
5.61079478263855
5.013823986053467
5.0210559368133545
5.012664794921875
5.0038182735443115
4.909387588500977
0.6770288944244385
0.807539701461792
4.604442596435547
4.608536958694458
4.604755878448486
5.006767272949219
5.002111911773682
0.37586450576782227
4.922525644302368
4.811223983764648
4.930586814880371
4.83278489112854
0.28429508209228516
0.267974853515625
0.7893121242523193
0.7081212997436523
4.705008029937744
4.6433892250061035
4.639225959777832
4.635561466217041
4.644658088684082
0.9771246910095215
0.557380199432373
0.42555689811706543
0.40383100509643555
0.5230333805084229
1.041590929031372
0.9766631126403809
0.9620575904846191
0.9038236141204834
0.8465502262115479
0.2990121841430664
0.8225054740905762
0.6408765316009521
0.7740466594696045
0.6430082321166992
0.8292672634124756
5.016509294509888
0.6063501834869385
0.554419994354248
0.5505633354187012
0.41651082038879395
0.41005539894104004
0.5666835308074951
5.033667802810669
5.144364595413208
5.032330513000488
0.9454669952392578
5.3329176902771
5.058691740036011
0.9002599716186523
0.9094274044036865
0.6508076190948486
0.26035141944885254
1.0632379055023193
1.013390064239502
4.618821620941162
4.668027400970459
4.672138214111328
0.459043025970459
0.7202296257019043
0.4579803943634033
4.400811433792114
5.316161870956421
1.1624524593353271
1.0415220260620117
1.042154312133789
1.1720709800720215
1.1329309940338135
4.785041570663452
4.6051554679870605
5.387914657592773
0.5035810470581055
0.5437428951263428
0.53092360496521
0.6510488986968994
0.6157877445220947
0.5477888584136963
0.24573397636413574
4.974584341049194
4.973057508468628
5.620268821716309
5.6246113777160645
5.310914516448975
0.28981852531433105
5.044179439544678
4.868042945861816
4.849710941314697
4.857187747955322
0.4581906795501709
0.32837605476379395
0.7607178688049316
0.7700419425964355
0.914236307144165
0.9127676486968994
4.929723739624023
0.4203059673309326
5.2285590171813965
0.7451603412628174
5.048303127288818
0.7607831954956055
0.7595996856689453
0.7710580825805664
0.7484936714172363
5.296706199645996
0.21329379081726074
6.017870664596558
4.676910400390625
5.288106918334961
0.4461843967437744
0.4185678958892822
5.137623071670532
0.5227315425872803
0.4048736095428467
0.5966870784759521
0.22308683395385742
5.194549083709717
5.129941940307617
0.5537753105163574
0.5633974075317383
0.5575511455535889
0.3256664276123047
4.98656964302063
6.395641803741455
5.221349000930786
5.170701503753662
0.3942599296569824
0.4073481559753418
0.27205705642700195
5.5593695640563965
5.400047063827515
4.917121648788452
0.19826197624206543
5.505812406539917
0.6187348365783691
0.8921065330505371
4.694234848022461
0.8150701522827148
5.368577480316162
0.8325505256652832
0.541085958480835
0.5664217472076416
0.6250820159912109
0.21610760688781738
0.4277760982513428
5.295176267623901
5.274089813232422
5.2756922245025635
4.825401544570923
0.8699452877044678
0.9288794994354248
1.0873472690582275
5.596643686294556
0.6819076538085938
0.5771071910858154
0.5126900672912598
0.4665687084197998
0.5128929615020752
0.39919281005859375
5.2944016456604
4.947848320007324
5.693404197692871
5.701932191848755
0.2121126651763916
5.448719024658203
4.8359856605529785
5.768299579620361
0.525261402130127
5.489544868469238
5.021547317504883
0.620830774307251
5.884163856506348
5.5765700340271
5.590313911437988
5.983382701873779
5.1077375411987305
0.5844781398773193
6.000274181365967
0.6160614490509033
5.674147367477417
0.6411788463592529
5.224727392196655
0.4960758686065674
6.131756067276001
0.654085636138916
0.5462005138397217
0.6612138748168945
0.15074419975280762
0.7700490951538086
0.8232791423797607
0.6017158031463623
0.5014288425445557
0.5689675807952881
5.3414483070373535
5.347367763519287
5.897045373916626
0.25844883918762207
5.9931628704071045
4.959760665893555
4.916937351226807
0.9779729843139648
0.9309606552124023
0.348217248916626
0.22759461402893066
0.7405023574829102
0.7423532009124756
0.741316556930542
0.6271352767944336
0.6276750564575195
0.5889928340911865
0.1350269317626953
6.003756284713745
5.996548175811768
5.890275478363037
4.931690454483032
5.7206621170043945
5.726303815841675
5.263461351394653
5.161057710647583
5.699019432067871
5.484829664230347
0.8052034378051758
0.42954230308532715
5.829152584075928
4.996045112609863
0.9558761119842529
0.9355552196502686
0.48997068405151367
0.5052525997161865
0.5465054512023926
5.110960960388184
5.0918920040130615
5.369656562805176
0.6259174346923828
0.6319117546081543
6.032616853713989
0.22123432159423828
4.895337343215942
4.893075942993164
4.949500560760498
4.900128364562988
4.881561994552612
5.484631538391113
0.6192715167999268
1.1796622276306152
1.1607625484466553
1.1569299697875977
1.1174824237823486
1.0673730373382568
1.1450135707855225
5.317967653274536
0.7224776744842529
0.6382889747619629
0.5848710536956787
0.7521991729736328
0.2039656639099121
5.558206081390381
5.4269349575042725
5.6746580600738525
5.679999113082886
0.38991641998291016
0.3797776699066162
0.697174072265625
0.6558198928833008
0.723613977432251
0.5573034286499023
0.6069521903991699
0.3468480110168457
5.662753105163574
5.674374341964722
5.871417999267578
5.614690065383911
5.881779909133911
5.646799564361572
5.505081653594971
5.717310905456543
5.4862377643585205
6.172464847564697
0.2898736000061035
4.914031267166138
0.8647751808166504
0.8413550853729248
6.132021427154541
5.53838849067688
5.531817197799683
0.3477025032043457
0.35588836669921875
0.8519155979156494
0.5459301471710205
5.1578688621521
4.871834754943848
0.8786087036132812
5.737457990646362
0.484250545501709
0.48279333114624023
0.48520755767822266
5.85508394241333
0.474712610244751
1.117020845413208
1.1229512691497803
5.145458221435547
0.8532159328460693
0.5145919322967529
0.6217877864837646
0.6216423511505127
5.257129669189453
0.5285091400146484
0.3599560260772705
5.939790487289429
5.915663003921509
5.936781644821167
5.860154867172241
1.2896103858947754
1.2740938663482666
1.2790796756744385
0.5005104541778564
5.280556917190552
5.934007406234741
0.9998800754547119
1.0701639652252197
0.9164538383483887
0.41140031814575195
0.2668497562408447
0.26703572273254395
5.2424235343933105
5.845254182815552
1.151747465133667
5.526357650756836
5.011326551437378
5.4010186195373535
5.511219501495361
5.263688087463379
6.1934568881988525
1.0686252117156982
1.0661838054656982
5.174084901809692
5.010198593139648
0.46733546257019043
0.3609476089477539
0.3546719551086426
0.9068448543548584
1.0065381526947021
0.3180525302886963
5.3033411502838135
5.487867593765259
5.475869178771973
0.6814131736755371
0.6937954425811768
1.0880074501037598
0.30622029304504395
0.4269592761993408
4.807026147842407
5.20185112953186
5.579772472381592
1.4200916290283203
5.350362777709961
5.352137088775635
5.4375176429748535
5.378377676010132
1.03424072265625
5.824433326721191
5.78335428237915
0.8673233985900879
0.6992895603179932
5.157658338546753
5.146265983581543
5.418599367141724
1.160630226135254
0.7427780628204346
0.6707868576049805
0.5634942054748535
0.6786403656005859
5.281072616577148
1.189012050628662
1.1915364265441895
1.2345099449157715
1.0691852569580078
1.150493860244751
6.016095876693726
6.580702304840088
0.6745469570159912
5.663994312286377
0.9889805316925049
5.512724876403809
5.514658689498901
6.2643351554870605
6.237390756607056
6.346790552139282
0.7236764430999756
5.79611611366272
1.279780626296997
0.9771327972412109
5.631755113601685
0.8040721416473389
0.8878300189971924
0.8078765869140625
0.6129665374755859
0.4822108745574951
0.49393153190612793
5.474345684051514
1.0872797966003418
1.1588997840881348
6.015331029891968
0.13712787628173828
5.474904775619507
5.5680601596832275
5.807976722717285
5.713985204696655
5.509697437286377
5.6037962436676025
0.7235555648803711
0.506507396697998
0.47945070266723633
0.4764385223388672
5.535122632980347
1.0425422191619873
5.855366945266724
0.9990713596343994
1.5681540966033936
5.8588316440582275
0.5643012523651123
0.3223752975463867
0.44310808181762695
5.512731552124023
0.9195311069488525
0.9367594718933105
0.9620287418365479
0.740959882736206
0.5608775615692139
5.68336820602417
0.5714685916900635
0.64031982421875
5.605384588241577
5.416450500488281
5.313652992248535
5.4788877964019775
5.687607765197754
5.49605131149292
0.23710989952087402
0.533411979675293
0.5695362091064453
0.5034241676330566
0.4850738048553467
6.748295783996582
5.856717109680176
0.4552781581878662
0.8690316677093506
5.7613844871521
5.970378637313843
5.750481128692627
0.6242673397064209
0.7013504505157471
0.6859688758850098
5.131813287734985
5.217558145523071
5.50427508354187
0.7401342391967773
5.992413759231567
0.7994637489318848
5.395901441574097
5.66873025894165
0.3580169677734375
5.401419162750244
5.156985282897949
0.3007845878601074
6.118237733840942
0.9129519462585449
5.437798023223877
0.44042444229125977
5.875188827514648
5.378923654556274
5.545132398605347
5.597980499267578
5.199411153793335
5.201852083206177
0.5582783222198486
1.03743577003479
0.5154252052307129
1.0823309421539307
0.5170462131500244
0.848395586013794
0.36464405059814453
0.7560040950775146
1.066162109375
0.8210914134979248
5.518761157989502
5.528317928314209
5.4077534675598145
5.33400559425354
5.42007040977478
5.33719801902771
0.534757137298584
0.42024874687194824
0.4183354377746582
0.41049981117248535
0.4049105644226074
0.378798246383667
0.2591552734375
0.22017121315002441
5.3264007568359375
5.1925177574157715
5.275403022766113
5.195168972015381
5.083729028701782
5.640899658203125
0.2538721561431885
0.21921849250793457
6.445223331451416
5.606211185455322
5.6067211627960205
5.495092391967773
0.3262650966644287
0.349933385848999
0.1694011688232422
4.869762897491455
5.642782688140869
0.49529170989990234
0.2572445869445801
0.24578261375427246
4.698848247528076
0.9953677654266357
0.948369026184082
0.9961280822753906
1.0147449970245361
1.003312587738037
0.9526829719543457
1.0307207107543945
5.133255243301392
0.48975539207458496
0.48029112815856934
1.1028501987457275
1.1069540977478027
1.127655029296875
1.0399692058563232
1.1134812831878662
1.0821945667266846
1.1374847888946533
5.849889516830444
0.29262804985046387
0.18732357025146484
1.1114583015441895
5.966948747634888
4.91122031211853
4.928622484207153
4.768388509750366
4.7877044677734375
5.975080728530884
0.6741881370544434
0.49382996559143066
0.4190847873687744
0.4407072067260742
5.38725471496582
5.5567309856414795
5.540386915206909
0.4057497978210449
0.4108152389526367
6.209423303604126
5.335739850997925
6.1327104568481445
5.063544988632202
5.067849636077881
0.20566248893737793
6.239765882492065
5.004133939743042
0.5330233573913574
6.365384340286255
1.4204785823822021
5.040029048919678
0.5681853294372559
0.5735683441162109
0.5434696674346924
0.5859816074371338
5.197369337081909
4.665211200714111
6.480409145355225
0.9150838851928711
0.8513777256011963
0.7800378799438477
5.083920001983643
5.103440999984741
0.7081446647644043
1.055173635482788
0.9762086868286133
5.494897365570068
4.911290645599365
0.18068408966064453
6.716284990310669
6.892074108123779
0.8042569160461426
0.8572208881378174
0.7395944595336914
0.8694736957550049
0.8919031620025635
6.75091290473938
5.334859371185303
6.709049463272095
0.2549765110015869
0.2479996681213379
0.870147705078125
0.8170382976531982
0.6078526973724365
5.1708900928497314
5.1241455078125
0.8154647350311279
0.6807844638824463
0.46725988388061523
5.409850597381592
6.836487531661987
0.22541546821594238
0.7018330097198486
1.0850367546081543
0.7568306922912598
0.7225732803344727
0.6783480644226074
6.889055967330933
5.265765428543091
5.27734375
0.19082260131835938
5.656621694564819
5.320341348648071
0.747551441192627
7.074671268463135
0.4486672878265381
5.136202812194824
0.4534454345703125
0.48067474365234375
0.7533869743347168
0.2506120204925537
5.078463792800903
5.418599367141724
5.064395904541016
0.4861164093017578
0.41628193855285645
5.49448299407959
0.3676927089691162
5.461557865142822
0.21267151832580566
5.829552888870239
5.2018883228302
0.8092386722564697
0.21953797340393066
7.633232831954956
5.454657793045044
5.355118274688721
5.45374321937561
5.355528116226196
5.5197343826293945
5.316456079483032
5.49789571762085
6.265352487564087
5.414682149887085
5.379310607910156
0.5018050670623779
0.46381521224975586
0.47861695289611816
0.3601248264312744
5.446444749832153
1.0803706645965576
1.0857491493225098
1.0935676097869873
0.9512362480163574
1.039764642715454
0.23698806762695312
0.9744646549224854
5.406730890274048
0.6940350532531738
0.7181401252746582
0.7265558242797852
0.2699408531188965
5.162864446640015
5.175847768783569
5.512111186981201
5.560492515563965
5.737291097640991
5.566740274429321
5.551660060882568
5.2063164710998535
0.5033223628997803
0.68489670753479
0.4455397129058838
0.4224369525909424
0.45694541931152344
5.340786695480347
5.384307146072388
5.299577713012695
1.0790255069732666
1.062321662902832
0.516657829284668
0.4995553493499756
0.5364735126495361
0.5164976119995117
5.784200191497803
5.471302509307861
5.476217985153198
0.8353581428527832
5.331252098083496
0.7894666194915771
5.43366551399231
0.9309251308441162
0.800065279006958
1.20316481590271
0.6953904628753662
0.8573307991027832
5.907475233078003
5.80991268157959
0.5598874092102051
0.6885025501251221
5.44908595085144
0.652766227722168
0.19487261772155762
0.2808363437652588
0.7990384101867676
0.792564868927002
0.7568387985229492
0.7751739025115967
0.6434316635131836
5.635332345962524
5.6545796394348145
5.621491193771362
5.7894392013549805
5.698556661605835
0.8551981449127197
5.356375217437744
0.5950758457183838
0.5512814521789551
0.50105881690979
0.20055460929870605
0.6478250026702881
0.729600191116333
5.830847501754761
5.79382586479187
5.7528297901153564
5.475162506103516
5.919046401977539
0.770573616027832
0.14930367469787598
1.1448092460632324
5.949934005737305
6.003755569458008
1.1460731029510498
1.0109844207763672
1.0288946628570557
1.0154404640197754
5.543792009353638
1.2232866287231445
5.664266347885132
0.7772278785705566
0.4274125099182129
5.273107051849365
5.495285749435425
5.989361763000488
1.0408251285552979
1.0345396995544434
5.577798366546631
5.305850028991699
0.9751636981964111
0.9705255031585693
0.8614039421081543
5.628823518753052
6.187991619110107
0.6681256294250488
0.6852948665618896
5.675309658050537
5.5288355350494385
1.020803689956665
6.32394003868103
6.272155284881592
0.8093273639678955
0.7694640159606934
0.7788434028625488
5.224702596664429
6.456418752670288
5.635415077209473
0.8739950656890869
5.629772663116455
0.9729359149932861
0.8526272773742676
0.6591460704803467
0.6634759902954102
0.4319155216217041
5.379018545150757
0.5447959899902344
0.6314208507537842
0.6377813816070557
0.5089786052703857
0.7332217693328857
0.7741637229919434
0.8847527503967285
0.9346165657043457
0.7829527854919434
5.812989234924316
6.701775074005127
0.32680201530456543
5.869302988052368
4.605251789093018
0.4488987922668457
0.3753666877746582
6.472994804382324
0.8206548690795898
6.250547885894775
0.733708381652832
0.6524701118469238
0.7047252655029297
6.17691969871521
6.0708630084991455
6.152878522872925
5.67056679725647
5.285751581192017
5.272011041641235
4.769531488418579
6.295785427093506
0.512371301651001
5.368035316467285
4.711221933364868
0.8702964782714844
5.4658591747283936
5.477462291717529
5.468106746673584
0.17918086051940918
4.945712566375732
4.884352207183838
0.7333967685699463
0.8969359397888184
0.8946049213409424
1.0018868446350098
0.9049079418182373
0.9152827262878418
0.9053695201873779
0.8171594142913818
0.646273136138916
0.6400468349456787
0.5590612888336182
0.5711088180541992
5.4147844314575195
5.8831048011779785
6.088278770446777
5.7500481605529785
5.748592376708984
1.0717360973358154
5.021576881408691
0.6815991401672363
0.8222494125366211
0.6902337074279785
0.45266127586364746
5.114004850387573
5.109482765197754
5.868430852890015
1.1922011375427246
5.060720443725586
5.980099439620972
5.9660327434539795
1.3143048286437988
1.2650084495544434
1.2416024208068848
1.3635978698730469
0.5210399627685547
0.5380682945251465
6.215929269790649
0.22545552253723145
1.2826197147369385
1.1826982498168945
0.8819799423217773
0.9724640846252441
5.229457139968872
5.00027322769165
0.5864927768707275
0.4162628650665283
1.3092033863067627
0.6798098087310791
0.5922951698303223
0.5888535976409912
0.5893983840942383
5.558126211166382
5.111798524856567
5.267399549484253
6.294274806976318
6.390828847885132
0.3985435962677002
0.3986964225769043
1.409733772277832
0.43321657180786133
0.4158351421356201
1.0525062084197998
7.369816064834595
5.492945194244385
0.4896700382232666
0.21956682205200195
5.191559791564941
1.176609754562378
1.1908204555511475
1.187309741973877
0.5481770038604736
1.107058048248291
1.0524988174438477
1.0636014938354492
1.0604827404022217
5.481068134307861
5.469211101531982
6.460948944091797
5.313885927200317
1.5056657791137695
0.8355686664581299
0.9134254455566406
0.9348905086517334
0.8327713012695312
5.526244878768921
0.6544961929321289
0.6621978282928467
5.45193886756897
0.5377352237701416
0.5376448631286621
5.58487868309021
5.55785059928894
0.12550592422485352
5.429921388626099
5.293805360794067
5.13890814781189
5.778441667556763
5.059636116027832
4.923258304595947
5.9918458461761475
5.9664695262908936
5.81015157699585
5.6979546546936035
1.0184154510498047
1.0250225067138672
1.030531644821167
0.9109477996826172
0.8656449317932129
0.8705599308013916
1.0893819332122803
0.9338304996490479
0.9516479969024658
0.8892347812652588
0.9158728122711182
0.4210479259490967
5.805314064025879
5.821914196014404
0.40027737617492676
0.38916540145874023
5.694425582885742
5.93148946762085
1.0223925113677979
0.2538411617279053
5.805539846420288
1.1205670833587646
1.2092266082763672
1.137603521347046
5.8039634227752686
1.0312831401824951
5.497673273086548
1.1381173133850098
0.9780120849609375
0.9721822738647461
1.082357406616211
0.4466712474822998
4.879924535751343
4.791576623916626
6.02994704246521
5.914588212966919
1.2795336246490479
5.673295497894287
5.451597452163696
0.654944658279419
0.668389081954956
0.6035897731781006
1.2543256282806396
1.3742084503173828
5.562545537948608
4.964574098587036
6.141557455062866
6.188302278518677
0.7626833915710449
1.3292279243469238
0.8195793628692627
5.0531675815582275
5.088571310043335
1.2182762622833252
5.534897804260254
5.726233243942261
0.8067574501037598
5.165297508239746
1.3861494064331055
1.2436387538909912
1.202559471130371
5.322914123535156
4.924184322357178
4.9183030128479
1.0134429931640625
4.9300172328948975
4.948144435882568
4.820311069488525
5.696518659591675
5.306069850921631
1.245039701461792
0.944176435470581
1.0387344360351562
0.9102315902709961
5.843809127807617
5.683079957962036
0.5871784687042236
5.379687070846558
5.545214891433716
1.0355241298675537
0.9180116653442383
1.1036059856414795
5.557739019393921
0.9503018856048584
1.2768356800079346
0.6876146793365479
0.664325475692749
5.935235977172852
0.761770486831665
1.0743863582611084
1.1389482021331787
0.6649527549743652
0.7851507663726807
0.8519105911254883
0.3637371063232422
1.1624624729156494
1.0728282928466797
1.140334129333496
1.1414790153503418
1.1477258205413818
6.05458927154541
5.244103908538818
0.6506056785583496
0.5516750812530518
0.6374082565307617
0.8416650295257568
0.8460206985473633
0.6462476253509521
0.8012356758117676
0.6811010837554932
6.230935096740723
6.195958852767944
5.481479167938232
5.486053943634033
5.300398349761963
4.4088990688323975
4.299917697906494
5.42121696472168
5.303668975830078
0.39436793327331543
4.240204811096191
0.8154878616333008
5.320720911026001
0.510974645614624
4.317660808563232
0.6824162006378174
0.6812481880187988
5.456827878952026
4.450846195220947
0.31192564964294434
0.5799496173858643
0.5787472724914551
4.346911430358887
5.653177976608276
5.6408796310424805
0.8499431610107422
0.3872342109680176
0.12989163398742676
1.0283589363098145
1.016427755355835
1.0539662837982178
5.715899229049683
0.6734955310821533
0.8119940757751465
0.8114209175109863
0.9778385162353516
0.547523021697998
0.18723011016845703
4.539736270904541
4.313171625137329
4.303901672363281
0.1361849308013916
0.8414719104766846
1.4313366413116455
0.8567783832550049
1.169682502746582
1.2043907642364502
0.8583967685699463
1.183720350265503
5.8609559535980225
0.7514309883117676
0.861100435256958
1.1978070735931396
1.1720499992370605
1.185544490814209
0.7574827671051025
1.5946366786956787
1.1460332870483398
1.1510775089263916
1.1651616096496582
1.0328209400177002
1.1738560199737549
1.0527071952819824
0.1509108543395996
6.168253421783447
5.92546820640564
0.17684078216552734
6.072177410125732
6.119154453277588
5.160412788391113
4.524681568145752
4.496894836425781
4.726507186889648
5.934948205947876
0.5386779308319092
5.9414567947387695
0.5114767551422119
0.4570436477661133
6.177187442779541
0.48340916633605957
0.16992783546447754
5.947044134140015
0.46171021461486816
4.7373480796813965
4.477668046951294
6.068753957748413
5.879586219787598
0.4302370548248291
0.41593289375305176
4.788321018218994
0.37675046920776367
0.2705974578857422
0.3360147476196289
0.7667384147644043
0.8179216384887695
0.7145702838897705
6.242466449737549
0.33948826789855957
4.959818601608276
0.9203815460205078
4.884773015975952
0.8221125602722168
0.3674180507659912
4.768481969833374
6.166882038116455
1.0372545719146729
1.0007343292236328
0.9656050205230713
0.9665493965148926
0.9814891815185547
0.9822173118591309
4.995100259780884
0.40456557273864746
5.032714128494263
0.46108150482177734
0.7478148937225342
6.164562940597534
6.174929857254028
5.12979531288147
4.981885671615601
4.707884788513184
0.48490333557128906
0.4373905658721924
4.659826993942261
0.7945895195007324
0.8533453941345215
0.7997679710388184
6.597399950027466
4.859941720962524
4.888253450393677
0.6411478519439697
0.6618661880493164
0.6677343845367432
0.6447150707244873
0.6670784950256348
0.539797306060791
1.1232435703277588
0.4833638668060303
1.1226065158843994
4.625432014465332
0.7068383693695068
0.6992669105529785
0.4553496837615967
4.496075868606567
0.5801525115966797
0.19878053665161133
0.9953904151916504
0.9624834060668945
5.310410022735596
5.072075128555298
5.007958173751831
0.9218504428863525
0.9591925144195557
0.7622556686401367
4.804468393325806
4.593976020812988
0.8283214569091797
0.642653226852417
0.6120460033416748
5.168487071990967
5.142502546310425
4.916710376739502
0.99967360496521
1.0329821109771729
4.748623371124268
0.13950514793395996
4.574206829071045
4.473433256149292
0.41329240798950195
5.041731834411621
0.31009483337402344
0.4937880039215088
5.437303066253662
5.445789098739624
0.2118997573852539
4.913780927658081
0.37745189666748047
4.568856239318848
4.821069955825806
0.8647923469543457
1.1019017696380615
1.2920787334442139
0.7525589466094971
5.551509380340576
0.562241792678833
0.7722885608673096
0.28211379051208496
0.1906895637512207
0.6778976917266846
0.6586940288543701
0.5212111473083496
0.6878318786621094
4.824983835220337
4.919025659561157
0.6455287933349609
0.4800386428833008
5.034668445587158
5.815739154815674
0.3706014156341553
0.3721022605895996
6.017614126205444
4.887754917144775
4.8810715675354
4.427321910858154
4.425250053405762
4.462163209915161
0.5468683242797852
0.7069149017333984
0.7135932445526123
6.091848134994507
6.103611946105957
6.097803831100464
6.108627557754517
6.218523025512695
6.156883716583252
6.1840760707855225
5.220069408416748
5.006793975830078
4.638082981109619
0.7465753555297852
0.3027689456939697
0.31931209564208984
0.5830495357513428
5.5985236167907715
4.708737850189209
4.835353851318359
4.831009387969971
0.1994016170501709
5.176007509231567
5.655172109603882
1.0942318439483643
1.1093435287475586
1.1515936851501465
1.1092979907989502
1.0399651527404785
5.393224477767944
0.3199741840362549
0.5883314609527588
0.5671353340148926
0.6024003028869629
0.4844951629638672
5.400309085845947
5.396786451339722
5.3860132694244385
5.149526357650757
0.3166825771331787
1.2855801582336426
5.123729467391968
5.134382009506226
0.8923869132995605
5.476274251937866
1.3975348472595215
0.4390091896057129
4.982799530029297
0.8731064796447754
0.8789093494415283
0.946897029876709
1.311652660369873
1.345583438873291
1.217104196548462
1.226447582244873
5.305709600448608
4.989793300628662
0.9784760475158691
5.710119247436523
5.710387945175171
5.162973642349243
5.723979234695435
0.6203289031982422
0.6305873394012451
5.42993950843811
1.1357090473175049
1.064399242401123
1.0076885223388672
1.2949731349945068
5.053168535232544
1.02968430519104
5.512152910232544
0.7073235511779785
0.4753885269165039
0.6414813995361328
0.4515800476074219
0.8198482990264893
5.241942882537842
0.7076976299285889
4.276575088500977
4.0674028396606445
4.022488832473755
5.269140720367432
5.2692718505859375
5.168914556503296
1.0308666229248047
0.9883472919464111
1.1191418170928955
4.199012279510498
4.137801170349121
4.215513467788696
3.909184694290161
0.4683985710144043
5.4661865234375
0.6009035110473633
5.319070339202881
5.182374000549316
5.1554114818573
0.4742610454559326
0.51143479347229
0.47665834426879883
4.950687646865845
0.6613032817840576
0.7571847438812256
0.6211793422698975
0.4996645450592041
5.073983192443848
0.6741542816162109
0.5554513931274414
0.6715161800384521
5.216015577316284
1.3368234634399414
1.3299920558929443
5.384791612625122
5.142724990844727
5.152251482009888
1.3990108966827393
5.521210432052612
0.5700521469116211
1.456171989440918
1.45619797706604
4.737818717956543
4.5120532512664795
5.651650667190552
5.806246280670166
5.43686056137085
5.495708465576172
5.37380313873291
0.7788181304931641
4.477037191390991
0.8278510570526123
0.8549096584320068
0.8298170566558838
5.728146076202393
0.45848631858825684
0.9381341934204102
0.9066727161407471
0.9245758056640625
1.681654691696167
1.6866881847381592
1.781454086303711
0.47002625465393066
5.576467990875244
4.791381359100342
4.692507266998291
0.45830297470092773
1.0654704570770264
0.31469273567199707
0.4517405033111572
0.9700775146484375
0.9746620655059814
0.98185133934021
0.8730936050415039
5.767317533493042
5.7204015254974365
4.7617950439453125
1.7581839561462402
1.8510606288909912
1.7436928749084473
1.7696659564971924
1.8188166618347168
0.930128812789917
5.780872344970703
5.804399013519287
4.923108816146851
4.869892835617065
0.48279523849487305
0.48652052879333496
0.17082905769348145
0.804720401763916
5.932085275650024
4.78583836555481
0.6260151863098145
0.6327176094055176
1.1630549430847168
0.6640980243682861
0.6542007923126221
0.6519277095794678
0.6864523887634277
0.6711089611053467
0.6663072109222412
0.45372653007507324
0.17728805541992188
5.2776713371276855
0.7336850166320801
0.6960470676422119
0.7145509719848633
0.6567981243133545
6.337155103683472
6.367031097412109
6.365218639373779
4.9804651737213135
1.1005337238311768
6.461061477661133
5.055529594421387
5.055790662765503
5.068953514099121
1.2626984119415283
1.2577250003814697
1.2895300388336182
5.526726245880127
1.2779626846313477
5.649851083755493
1.3891332149505615
5.725648403167725
1.2018191814422607
5.638460397720337
1.217900037765503
1.2974302768707275
6.629708290100098
5.218966245651245
5.2974114418029785
5.646739482879639
5.658038139343262
5.195188522338867
5.236715793609619
5.305192708969116
5.8884594440460205
5.140316963195801
5.1635332107543945
5.455287218093872
5.46501088142395
5.466926336288452
5.98160982131958
5.357581615447998
5.3685595989227295
6.070327997207642
5.701512813568115
5.963284492492676
5.944680452346802
5.633636713027954
5.707855463027954
4.981568813323975
4.352022647857666
5.924159049987793
6.058098077774048
5.632405519485474
5.627768516540527
5.674952745437622
4.703679800033569
4.580716609954834
5.7787487506866455
5.858197927474976
5.930076837539673
5.9319212436676025
5.9086174964904785
5.881966590881348
5.88573145866394
5.460880994796753
5.982024669647217
5.443070888519287
6.046799421310425
5.255366563796997
4.984832048416138
5.219622373580933
4.478601694107056
4.5374696254730225
4.653078317642212
5.612144947052002
4.622219562530518
4.518441200256348
4.631606817245483
4.5953145027160645
4.690755605697632
4.581005334854126
5.526733636856079
5.642499208450317
6.0154078006744385
5.105879306793213
5.174372673034668
5.895251035690308
4.757259845733643
4.765686273574829
5.876978635787964
4.845726728439331
5.378230571746826
4.888232469558716
4.519654750823975
5.1112587451934814
5.491501569747925
4.988603115081787
5.531590223312378
5.62846565246582
5.08579683303833
4.628105640411377
4.3631980419158936
4.487873077392578
5.126879692077637
5.140027284622192
5.747402667999268
5.662354230880737
4.683738470077515
5.245253801345825
5.158075332641602
4.164660215377808
4.129801034927368
4.138430118560791
5.780143976211548
4.00592565536499
4.559413433074951
4.603990316390991
5.501163721084595
5.49229097366333
4.708995580673218
5.595724821090698
5.598191499710083
5.54676628112793
5.606845855712891
5.588876247406006
4.890453338623047
5.090944290161133
4.960896730422974
5.31065034866333
5.31631326675415
5.3275275230407715
5.392343997955322
5.469045877456665
5.55367636680603
5.585851430892944
5.554532289505005
5.5379016399383545
5.545685052871704
