0.3761305809020996
0.36641764640808105
0.37232208251953125
0.45523667335510254
0.4371788501739502
0.5601730346679688
0.565748929977417
0.6259589195251465
0.5910651683807373
0.2034616470336914
0.7026607990264893
0.21532750129699707
0.23279762268066406
0.5910029411315918
0.6157205104827881
0.5596780776977539
0.3453683853149414
0.5545053482055664
0.2115328311920166
0.33786892890930176
0.7661395072937012
0.6203866004943848
0.7800095081329346
0.5769803524017334
0.19151592254638672
0.5841009616851807
0.5966672897338867
0.6607820987701416
0.6785099506378174
0.6418530941009521
0.5292038917541504
0.2031245231628418
0.18366408348083496
0.2787294387817383
0.5899009704589844
0.22381973266601562
0.6280117034912109
0.41274189949035645
0.5223894119262695
0.2268834114074707
0.23907208442687988
0.6693241596221924
0.5529584884643555
0.6448559761047363
0.5197973251342773
0.7072899341583252
0.27434754371643066
0.3054506778717041
0.5464675426483154
0.4337906837463379
0.4337761402130127
0.13454842567443848
0.20325779914855957
0.20759367942810059
0.18457436561584473
0.5515518188476562
0.6139473915100098
0.5812194347381592
0.6706030368804932
0.6643092632293701
0.6497962474822998
0.6456868648529053
0.15122461318969727
0.1965770721435547
0.2843170166015625
0.2841024398803711
0.14429903030395508
0.20465731620788574
0.5382380485534668
0.5483596324920654
0.5618879795074463
0.4137539863586426
0.4198939800262451
0.6592884063720703
0.5729618072509766
0.6465291976928711
0.6575374603271484
0.23574447631835938
0.3086128234863281
0.5003244876861572
0.327606201171875
0.3164670467376709
0.529212236404419
0.5651535987854004
0.28197336196899414
0.5050985813140869
0.5483133792877197
0.8039348125457764
0.5075595378875732
0.5599765777587891
0.369840145111084
0.4922807216644287
0.33376240730285645
0.3861887454986572
0.5393810272216797
0.28615808486938477
0.48262453079223633
0.408111572265625
0.5791416168212891
0.4177272319793701
0.33149170875549316
0.151533842086792
0.594491720199585
0.3084700107574463
0.3206291198730469
0.33379483222961426
0.3643021583557129
0.6995441913604736
0.6771531105041504
0.5468535423278809
0.6696786880493164
0.47231507301330566
0.26737308502197266
0.3824920654296875
0.445204496383667
0.22729158401489258
0.31475067138671875
0.22025513648986816
0.184906005859375
0.1835165023803711
0.33751463890075684
0.27507948875427246
0.2263646125793457
0.9211130142211914
0.3548154830932617
0.22141432762145996
1.0061085224151611
1.0044653415679932
1.0098319053649902
1.0251190662384033
1.1221599578857422
0.23706793785095215
0.3721318244934082
0.24820518493652344
0.27657556533813477
0.34358954429626465
0.2991209030151367
0.3897867202758789
0.20021891593933105
0.7272272109985352
0.6915595531463623
0.21181559562683105
0.5663020610809326
0.42580103874206543
0.3814408779144287
0.7914495468139648
0.6983368396759033
0.8145730495452881
0.7084751129150391
0.20856571197509766
0.2281663417816162
0.3096587657928467
0.22366571426391602
0.26787757873535156
0.22751426696777344
0.43100452423095703
0.44080543518066406
0.2969639301300049
0.7419607639312744
0.7005631923675537
0.6998910903930664
0.738161563873291
0.5453767776489258
0.5521533489227295
0.3937509059906006
0.2116985321044922
0.6932234764099121
0.7466831207275391
0.6415560245513916
0.49706125259399414
0.6332166194915771
0.668785572052002
0.25010108947753906
0.6923696994781494
0.6484997272491455
0.7041060924530029
0.5942695140838623
0.3255307674407959
0.22089266777038574
0.22092723846435547
0.4606635570526123
0.3707766532897949
0.49558424949645996
0.5530085563659668
0.5672781467437744
0.44786667823791504
0.4779210090637207
0.18119168281555176
0.7104933261871338
0.7393481731414795
0.722506046295166
0.21759462356567383
0.4135622978210449
0.5404138565063477
0.32039451599121094
0.5545902252197266
0.3888819217681885
0.5094802379608154
0.4849390983581543
0.641648530960083
0.1666278839111328
0.6636207103729248
0.32220983505249023
0.3566923141479492
0.303377628326416
0.4983036518096924
0.35834789276123047
0.2943453788757324
0.26227688789367676
0.2074580192565918
0.7016499042510986
0.3505074977874756
0.6074397563934326
0.7123227119445801
0.5223417282104492
0.6332173347473145
0.6929926872253418
0.638195276260376
0.5817666053771973
0.5102834701538086
0.25240421295166016
0.4750378131866455
0.48987507820129395
0.49365711212158203
0.5013923645019531
0.4373033046722412
0.49193263053894043
0.36565613746643066
0.8170452117919922
0.4025840759277344
0.8249881267547607
0.2460167407989502
0.6246769428253174
0.4417271614074707
0.6244907379150391
0.6380670070648193
0.6184170246124268
0.6440484523773193
0.34442758560180664
0.3597865104675293
0.40021491050720215
0.47040414810180664
0.4690208435058594
0.468280553817749
0.26276707649230957
0.4861452579498291
0.3868677616119385
0.26975154876708984
0.38385653495788574
0.2926342487335205
0.20379853248596191
0.17646479606628418
0.787755012512207
0.791968584060669
0.7863075733184814
0.6225073337554932
0.5364367961883545
0.35023069381713867
0.24411511421203613
0.3577733039855957
0.34376049041748047
0.26235437393188477
0.1969165802001953
0.5613276958465576
0.3059685230255127
0.5102128982543945
0.5189533233642578
0.672616720199585
0.762566089630127
0.652822732925415
0.6910169124603271
0.15598249435424805
0.1992952823638916
0.6570014953613281
0.8504865169525146
0.4278876781463623
0.4770934581756592
0.5524997711181641
0.16997694969177246
0.6233022212982178
0.3030862808227539
0.7023429870605469
0.350766658782959
0.33984923362731934
0.7676255702972412
0.6936852931976318
0.8038129806518555
0.4313342571258545
0.4278736114501953
0.46783947944641113
0.3699307441711426
0.6762666702270508
0.43750596046447754
0.45552563667297363
0.3740062713623047
0.369842529296875
0.19075655937194824
0.8738710880279541
0.8910508155822754
0.895728349685669
0.9099025726318359
1.0840933322906494
0.30881309509277344
0.27309679985046387
0.6509037017822266
0.6611473560333252
0.6501967906951904
0.6550958156585693
0.20659613609313965
0.2383265495300293
0.42455124855041504
0.19740056991577148
0.18210792541503906
0.23686480522155762
0.2797212600708008
0.26721954345703125
0.16644024848937988
0.20586109161376953
0.19850993156433105
0.7445294857025146
0.7460372447967529
0.7803072929382324
0.6948556900024414
0.24735736846923828
0.2191619873046875
0.277601957321167
0.1901111602783203
0.2117786407470703
1.4614722728729248
1.4521963596343994
1.4654390811920166
0.18170905113220215
0.3413834571838379
0.16705584526062012
0.19818449020385742
0.3996267318725586
0.22813153266906738
0.6362216472625732
0.4633803367614746
0.4756464958190918
0.42273998260498047
0.4639756679534912
0.43793153762817383
0.2858154773712158
0.20887517929077148
0.2297964096069336
0.3648860454559326
0.4075167179107666
0.3385951519012451
0.16004061698913574
0.6974968910217285
0.1703798770904541
0.22023248672485352
0.6464784145355225
0.6316912174224854
0.6619706153869629
0.7271826267242432
0.712820291519165
0.18130159378051758
0.36259031295776367
0.15502071380615234
0.41495800018310547
0.6602420806884766
0.688452959060669
0.4273085594177246
0.42061662673950195
0.4758744239807129
0.1261594295501709
0.4389660358428955
0.4139740467071533
0.285144567489624
0.6234867572784424
0.14137601852416992
0.464038610458374
0.594456672668457
0.7079873085021973
0.5902359485626221
0.7204148769378662
0.5437781810760498
0.7139186859130859
0.7373583316802979
0.32993149757385254
0.1733541488647461
0.9173216819763184
0.5959503650665283
0.2740013599395752
0.675992488861084
0.26813411712646484
0.3966374397277832
0.3945157527923584
0.6577703952789307
0.6797430515289307
0.20111417770385742
0.6374857425689697
0.6623103618621826
0.1892707347869873
0.6614120006561279
0.6048376560211182
0.2934238910675049
0.21566319465637207
0.1568610668182373
0.2157297134399414
0.28855323791503906
0.7685747146606445
0.3079679012298584
0.5942530632019043
0.20198726654052734
0.2294142246246338
0.25450849533081055
0.44708895683288574
0.2279965877532959
1.1392455101013184
0.18988752365112305
0.23241472244262695
1.0876102447509766
0.9317905902862549
1.1045141220092773
0.8930778503417969
1.1065199375152588
0.18947339057922363
0.20685625076293945
0.19652962684631348
0.3219795227050781
1.0706229209899902
0.6120882034301758
0.2156214714050293
0.48226475715637207
0.38752222061157227
0.3100099563598633
0.40385890007019043
0.711540699005127
0.7201738357543945
0.6987640857696533
0.4116072654724121
0.6828012466430664
0.3048546314239502
0.29926252365112305
0.5092105865478516
0.5507969856262207
0.4735996723175049
0.489917516708374
0.4865689277648926
0.5168590545654297
0.5259222984313965
0.5170328617095947
0.60086989402771
0.2528414726257324
0.35071897506713867
0.32359838485717773
0.6484518051147461
0.20409297943115234
0.8234727382659912
0.580650806427002
0.45321035385131836
0.21809720993041992
0.2004718780517578
0.744290828704834
0.7142643928527832
0.2735018730163574
0.2199411392211914
0.3336153030395508
0.22925853729248047
0.2397751808166504
0.2603943347930908
0.9439575672149658
0.9493787288665771
0.8734111785888672
0.9199638366699219
0.9055368900299072
0.9826953411102295
0.23204684257507324
0.24095940589904785
0.8188350200653076
0.6293933391571045
0.2806837558746338
0.19774603843688965
0.30924272537231445
0.4337131977081299
0.3504462242126465
0.36966466903686523
0.35295534133911133
0.1541457176208496
0.30785441398620605
0.2619509696960449
0.36914753913879395
0.1751401424407959
0.3535153865814209
0.3868846893310547
0.22434425354003906
0.5044043064117432
0.46234631538391113
0.47431397438049316
0.5033433437347412
0.5512323379516602
0.24158477783203125
0.3085896968841553
0.4126768112182617
0.4231288433074951
0.44051122665405273
0.3883671760559082
0.4197080135345459
0.19324493408203125
0.5271816253662109
0.5053319931030273
0.3097553253173828
0.24389338493347168
0.42267513275146484
0.30803799629211426
0.37262749671936035
0.3133671283721924
0.35730814933776855
0.19211912155151367
0.24617743492126465
0.2972395420074463
0.3129458427429199
0.4348635673522949
0.4062926769256592
0.6764013767242432
0.6609861850738525
0.6260635852813721
0.6007537841796875
0.6739535331726074
0.17600536346435547
0.2641630172729492
0.37105560302734375
0.32398462295532227
0.39737415313720703
0.30020737648010254
0.3288733959197998
0.42584991455078125
0.37030792236328125
0.43977904319763184
0.444904088973999
0.18063807487487793
0.439589262008667
0.31328749656677246
0.709843635559082
0.7089822292327881
0.6743428707122803
0.47781896591186523
0.39403200149536133
0.3809211254119873
0.22269034385681152
0.23343539237976074
0.2314891815185547
0.29555726051330566
0.31927061080932617
0.19097208976745605
0.16827034950256348
0.15912485122680664
0.7242686748504639
0.24814152717590332
0.21500897407531738
0.20756936073303223
0.8825101852416992
0.8823676109313965
0.898749589920044
0.9815099239349365
0.9947535991668701
0.21165060997009277
0.49416685104370117
0.5249981880187988
0.39455080032348633
0.23239922523498535
0.3116166591644287
0.32825374603271484
0.29567742347717285
0.473038911819458
0.482912540435791
0.518341064453125
0.37505650520324707
0.3396339416503906
0.24290752410888672
0.1699843406677246
0.3259150981903076
0.20190930366516113
0.20990467071533203
0.21594858169555664
0.6498980522155762
0.6424210071563721
0.510394811630249
0.36873912811279297
0.1475813388824463
0.3277897834777832
0.24709177017211914
0.2923543453216553
0.6754515171051025
0.6020216941833496
0.5980648994445801
0.3647148609161377
0.5909614562988281
0.531134843826294
0.5294678211212158
0.5075836181640625
0.2192707061767578
0.5028247833251953
0.16971445083618164
0.2556595802307129
0.2497396469116211
0.2993035316467285
0.8487069606781006
0.25860095024108887
0.21050763130187988
0.1861586570739746
0.225999116897583
0.2067863941192627
0.9266490936279297
0.24265480041503906
0.9995827674865723
1.0443274974822998
0.9547748565673828
0.9616107940673828
0.9579620361328125
0.2158360481262207
0.15402626991271973
0.30405139923095703
0.3037292957305908
0.3522021770477295
0.33263540267944336
0.45734357833862305
0.467728853225708
0.1992664337158203
0.47150087356567383
0.19121718406677246
0.5832245349884033
0.6188747882843018
0.37143778800964355
0.2585601806640625
0.658207893371582
0.7330281734466553
0.8383088111877441
0.6001079082489014
0.6085362434387207
0.4393596649169922
0.17407560348510742
0.967097282409668
0.6061408519744873
0.17626428604125977
0.20410752296447754
0.20588994026184082
0.3128235340118408
0.18854808807373047
1.2167322635650635
1.2704968452453613
0.3584315776824951
0.23832106590270996
0.26556849479675293
0.19120001792907715
0.25589585304260254
0.2634906768798828
0.20839262008666992
0.41414856910705566
0.3546872138977051
0.27384448051452637
0.37082624435424805
0.37259411811828613
0.3833737373352051
0.19373798370361328
0.34641528129577637
0.30498790740966797
0.29239988327026367
1.3687419891357422
0.32779932022094727
1.1721100807189941
0.27057957649230957
0.24428367614746094
0.4097890853881836
0.27988529205322266
0.21543192863464355
0.517859697341919
0.6416504383087158
0.4950268268585205
0.15789556503295898
0.24632954597473145
0.3390183448791504
0.2978637218475342
0.41896557807922363
0.23959016799926758
0.4219207763671875
0.5561778545379639
0.35924863815307617
0.4913809299468994
0.4963352680206299
0.47748732566833496
0.29302263259887695
0.3102707862854004
0.42607784271240234
0.3424263000488281
0.3249354362487793
0.24743390083312988
0.40142226219177246
0.40088582038879395
0.2781085968017578
0.3112480640411377
0.20836329460144043
0.4804399013519287
0.3186521530151367
0.39248108863830566
0.411909818649292
0.3107175827026367
0.27339601516723633
0.36498522758483887
0.3887979984283447
0.3489351272583008
0.882479190826416
0.8028221130371094
0.8088672161102295
0.7417576313018799
0.7810790538787842
0.2585179805755615
0.21805596351623535
0.7223794460296631
0.48619723320007324
0.36019229888916016
0.30655646324157715
0.3251461982727051
0.41634464263916016
0.20524239540100098
0.18301987648010254
0.6104903221130371
0.616387128829956
0.46770143508911133
0.43556809425354004
0.3253617286682129
0.3836393356323242
0.44590139389038086
0.33339381217956543
0.3497047424316406
0.1523911952972412
0.8150386810302734
0.8271896839141846
0.20481204986572266
0.3085513114929199
0.21197867393493652
1.0363531112670898
0.3916141986846924
0.17677068710327148
0.3072683811187744
0.8184802532196045
0.9603397846221924
0.6434240341186523
0.8252396583557129
0.3131594657897949
0.29543590545654297
0.49994993209838867
0.45558714866638184
0.53367018699646
0.48091864585876465
0.2722904682159424
0.30230188369750977
0.25187206268310547
0.3775336742401123
0.3968985080718994
0.41118669509887695
0.26369547843933105
0.23587489128112793
0.3486323356628418
0.2364966869354248
0.3346881866455078
0.28565073013305664
0.21028494834899902
0.3498203754425049
0.8125936985015869
0.7951874732971191
0.7427961826324463
0.7312753200531006
0.7237715721130371
0.1968843936920166
0.5830526351928711
0.5180306434631348
0.49441075325012207
0.307553768157959
0.365675687789917
0.31171393394470215
0.4435389041900635
0.46532344818115234
0.18011212348937988
0.4893002510070801
0.19678306579589844
0.26363039016723633
0.2213902473449707
0.3607618808746338
0.333895206451416
0.21098637580871582
0.3117799758911133
0.3224313259124756
0.4447448253631592
0.5540566444396973
0.5301923751831055
0.5249683856964111
0.5397882461547852
0.20143604278564453
0.5370094776153564
0.7372300624847412
0.45812296867370605
0.46848106384277344
0.18989133834838867
0.4461982250213623
0.1682422161102295
0.15647053718566895
0.46530604362487793
0.2401564121246338
0.34372496604919434
0.3995804786682129
1.5991003513336182
0.6147024631500244
0.16083669662475586
0.5160250663757324
0.5438876152038574
0.432173490524292
0.16664648056030273
0.31179189682006836
0.32123351097106934
0.14853167533874512
0.3478989601135254
0.3714897632598877
0.43813562393188477
0.313309907913208
0.36340832710266113
0.2448868751525879
0.7866110801696777
0.9360811710357666
0.22119688987731934
0.8873834609985352
0.8673913478851318
0.15403389930725098
0.20502424240112305
0.20174002647399902
0.34426379203796387
0.19561982154846191
0.36155152320861816
0.2767655849456787
0.5865719318389893
0.6785392761230469
0.588270902633667
0.5887982845306396
0.21767807006835938
0.19889211654663086
0.31922292709350586
0.2470839023590088
0.3207054138183594
0.21582770347595215
0.7410809993743896
0.5372927188873291
0.4822368621826172
0.38610172271728516
0.40996217727661133
0.19877052307128906
0.20046353340148926
0.28385305404663086
0.4274897575378418
0.3857696056365967
0.3073692321777344
0.4049105644226074
0.3433871269226074
0.21810007095336914
0.5927488803863525
0.5981345176696777
0.6232712268829346
0.5434339046478271
0.6128487586975098
0.4268174171447754
0.4355049133300781
0.19211983680725098
0.26624131202697754
0.2328803539276123
0.18678736686706543
0.46755075454711914
0.6394226551055908
0.4034292697906494
0.41289544105529785
0.6219460964202881
0.5743608474731445
0.518822193145752
0.3286416530609131
0.41864991188049316
0.2500426769256592
0.33893489837646484
0.3383145332336426
0.33081555366516113
0.34593772888183594
0.3282155990600586
0.5399668216705322
0.5097813606262207
0.21714091300964355
0.6299684047698975
0.21190190315246582
0.43703675270080566
0.45233607292175293
0.2369239330291748
0.45518064498901367
0.4836132526397705
0.26770639419555664
0.5100376605987549
0.5250022411346436
0.5903613567352295
0.3602890968322754
0.33547449111938477
0.6978607177734375
0.3525376319885254
0.5025856494903564
0.6481776237487793
0.15379858016967773
0.22795963287353516
0.3912239074707031
0.3866696357727051
0.571465253829956
0.7264614105224609
0.5811989307403564
0.5781540870666504
0.5902485847473145
0.5783064365386963
0.5944960117340088
0.32912302017211914
0.24347877502441406
0.5152065753936768
0.18726873397827148
0.42934584617614746
0.15683317184448242
0.1824195384979248
0.2578554153442383
0.6940257549285889
0.6933822631835938
0.6448380947113037
0.7181127071380615
0.7086818218231201
0.31034064292907715
0.2221207618713379
0.31334543228149414
0.3276541233062744
0.9475853443145752
0.9138674736022949
0.23064661026000977
0.7429847717285156
0.6810948848724365
0.6694386005401611
0.21502208709716797
0.2714376449584961
0.2630784511566162
0.190138578414917
0.18352413177490234
0.14233040809631348
0.5245649814605713
0.5144016742706299
0.37974095344543457
0.43091440200805664
0.7649095058441162
0.6193814277648926
0.564680814743042
0.6187689304351807
0.6266405582427979
0.18842554092407227
0.2097945213317871
0.5031394958496094
0.3253026008605957
0.43552350997924805
0.25418734550476074
0.33856678009033203
0.21434664726257324
0.1627638339996338
0.19437551498413086
0.22227883338928223
0.660128116607666
0.6068391799926758
0.58663010597229
0.603602409362793
0.34702610969543457
0.334517240524292
0.3479290008544922
0.16841936111450195
0.14181017875671387
0.16540217399597168
0.2597990036010742
0.2884504795074463
0.33144593238830566
0.2230393886566162
0.6120414733886719
0.6798875331878662
0.6132392883300781
0.6235721111297607
0.6845035552978516
0.5755770206451416
0.5092155933380127
0.3263547420501709
0.29931139945983887
0.3799760341644287
0.7092721462249756
0.5075345039367676
0.20481538772583008
0.47873592376708984
0.4753689765930176
0.5635280609130859
0.2789604663848877
0.5780239105224609
0.1469883918762207
0.25426220893859863
0.4407174587249756
0.3308544158935547
0.2741525173187256
0.3220396041870117
0.852536678314209
0.22347164154052734
0.4221935272216797
0.5399949550628662
0.5473599433898926
0.2124028205871582
0.15886592864990234
0.44440388679504395
0.39426445960998535
0.4047214984893799
0.4598534107208252
0.5251059532165527
0.5376131534576416
0.23077392578125
0.2165682315826416
0.565666913986206
0.6353797912597656
0.42169618606567383
0.3263363838195801
0.2819521427154541
0.4986996650695801
0.48973846435546875
0.19507145881652832
0.1618046760559082
0.6797363758087158
0.6850612163543701
0.6911134719848633
0.2742149829864502
0.19533133506774902
0.5629122257232666
0.567115306854248
0.5426383018493652
0.5187933444976807
0.42194175720214844
0.27362942695617676
0.24473333358764648
0.5871982574462891
0.5054810047149658
0.40026164054870605
0.3988494873046875
0.6172683238983154
0.23320674896240234
0.29731082916259766
0.1871659755706787
0.20837712287902832
0.5678341388702393
0.585627555847168
0.5838003158569336
0.6040866374969482
0.37047600746154785
0.2842121124267578
0.18148350715637207
0.3141748905181885
0.2943096160888672
0.6123523712158203
0.4326670169830322
0.35569000244140625
0.2517380714416504
0.5318648815155029
0.510451078414917
0.5339148044586182
0.4997687339782715
0.2826972007751465
0.44910550117492676
0.19492411613464355
0.44321274757385254
0.15817642211914062
0.19496941566467285
0.3138561248779297
0.2913520336151123
0.16127824783325195
0.23911833763122559
0.8294661045074463
0.6802318096160889
0.6900820732116699
0.8433904647827148
0.8572244644165039
0.6190314292907715
0.43313145637512207
0.4181554317474365
0.24252915382385254
0.28191518783569336
0.4278581142425537
0.41690993309020996
0.4545309543609619
0.3518500328063965
0.3432292938232422
0.5383791923522949
0.6548464298248291
0.39769625663757324
0.3501143455505371
0.5119380950927734
0.17966461181640625
0.30657076835632324
0.2158489227294922
0.34700465202331543
0.6189534664154053
0.6249096393585205
0.418795108795166
0.4146592617034912
0.28853464126586914
0.2701270580291748
0.6985208988189697
0.7204818725585938
0.6660239696502686
0.20253491401672363
0.5143105983734131
0.16892147064208984
0.3331758975982666
0.3234093189239502
0.4715089797973633
0.47716498374938965
0.1479799747467041
0.23985075950622559
0.18877077102661133
0.2934122085571289
0.3047049045562744
0.37793970108032227
0.7941904067993164
0.6881875991821289
0.6891770362854004
0.2596743106842041
0.688060998916626
0.37251734733581543
0.3464784622192383
0.32143211364746094
0.33188819885253906
0.40810346603393555
0.6420772075653076
0.5018806457519531
0.5488901138305664
0.2086331844329834
0.19256997108459473
0.615851640701294
0.6020967960357666
0.40149617195129395
0.398364782333374
0.341733455657959
0.25617551803588867
0.2529153823852539
0.38170599937438965
0.28984737396240234
0.34317922592163086
0.4080052375793457
0.5034499168395996
0.390064001083374
0.2577810287475586
0.4894826412200928
0.5729098320007324
0.235870361328125
0.6881003379821777
0.4088408946990967
0.270099401473999
0.4323544502258301
0.4858360290527344
0.37971949577331543
0.4005730152130127
0.17706537246704102
0.14577889442443848
0.22882699966430664
0.387235164642334
0.41304993629455566
0.24526023864746094
0.45090723037719727
0.3821685314178467
0.3914809226989746
0.5495061874389648
0.5338454246520996
0.3242950439453125
0.3530552387237549
0.20638418197631836
0.17124485969543457
0.3750603199005127
0.45639610290527344
0.23881077766418457
0.17292475700378418
0.21782636642456055
0.3961825370788574
0.3271193504333496
0.42513012886047363
0.42325806617736816
0.4345564842224121
0.37160229682922363
0.23035049438476562
0.2191770076751709
0.48561859130859375
0.5865094661712646
0.3830094337463379
0.3442842960357666
0.27251219749450684
0.249711275100708
0.6727581024169922
0.6002302169799805
0.4978361129760742
0.46449756622314453
0.22299957275390625
0.6239104270935059
0.6929466724395752
0.5754063129425049
0.5097875595092773
0.7151703834533691
0.5762214660644531
0.4365096092224121
0.30001282691955566
0.29920244216918945
0.6556730270385742
0.5969669818878174
0.4282872676849365
0.44188666343688965
0.2372112274169922
0.6720423698425293
0.3203554153442383
0.33458518981933594
0.3159494400024414
0.2048506736755371
0.5760772228240967
0.572650671005249
0.5770692825317383
0.5955779552459717
0.5067245960235596
0.4327828884124756
0.4775199890136719
0.41688108444213867
0.2258751392364502
0.42798709869384766
0.33092641830444336
0.2639467716217041
0.23926424980163574
0.22835803031921387
0.738093376159668
0.6338291168212891
0.6259756088256836
0.4238712787628174
0.44360804557800293
0.2531754970550537
0.19404268264770508
0.37535953521728516
0.198775053024292
0.8025104999542236
0.8211157321929932
0.6006674766540527
0.2124195098876953
0.3422837257385254
0.3987267017364502
0.604362964630127
0.2002871036529541
0.42449474334716797
0.5579731464385986
0.4745662212371826
0.2744011878967285
0.16092514991760254
0.20949697494506836
0.7447218894958496
0.6239972114562988
0.6712093353271484
0.19623327255249023
0.1968526840209961
0.22933316230773926
0.17139101028442383
0.30988597869873047
0.5036098957061768
0.6346385478973389
0.20973515510559082
0.2076265811920166
0.8762860298156738
0.6725466251373291
0.6003146171569824
0.2995917797088623
0.28496670722961426
0.5884065628051758
0.43840670585632324
0.3060016632080078
0.364670991897583
0.9803402423858643
0.961817741394043
0.9345753192901611
0.4477527141571045
0.44775390625
0.45325803756713867
0.2126750946044922
0.18894624710083008
0.1768813133239746
0.4004092216491699
0.4140310287475586
0.4404451847076416
0.18793797492980957
0.7472870349884033
0.7326200008392334
0.6774804592132568
0.7361021041870117
0.34068799018859863
0.40179944038391113
0.36731839179992676
0.2136378288269043
0.7862772941589355
0.885101318359375
0.2249433994293213
0.2245960235595703
0.5235707759857178
0.45325541496276855
0.7089400291442871
0.6888623237609863
0.9657835960388184
0.40552425384521484
0.5028383731842041
0.20490074157714844
0.5352621078491211
0.5252516269683838
0.5339670181274414
0.4265556335449219
0.21593260765075684
0.2636070251464844
0.5245862007141113
0.5143697261810303
0.5800292491912842
0.5726943016052246
0.5895538330078125
0.3486671447753906
0.762263298034668
0.6304445266723633
0.20212960243225098
0.27051854133605957
0.39032793045043945
0.45415639877319336
0.19297432899475098
0.2604942321777344
0.3104071617126465
0.5809223651885986
0.25745201110839844
0.5830128192901611
0.6256716251373291
0.40228962898254395
0.6428520679473877
0.3723726272583008
0.3626077175140381
0.17194843292236328
0.31203579902648926
0.19749832153320312
0.43231630325317383
0.42316460609436035
0.4304225444793701
0.4311552047729492
0.25075745582580566
0.38213610649108887
0.27037525177001953
0.3056478500366211
0.15233826637268066
0.8066604137420654
0.8204855918884277
0.816692590713501
0.8263208866119385
0.4262261390686035
0.3950018882751465
0.17689037322998047
0.30049681663513184
0.24834728240966797
0.2675657272338867
0.21299362182617188
0.22589850425720215
0.707327127456665
0.21921157836914062
0.18697190284729004
0.8375935554504395
0.8373663425445557
0.9530580043792725
0.37227296829223633
0.3087756633758545
0.14977264404296875
0.8584089279174805
1.1642143726348877
0.8437848091125488
0.8610398769378662
0.21343636512756348
0.2209482192993164
0.18631315231323242
0.6931512355804443
0.6911909580230713
0.6706376075744629
0.2503166198730469
1.1063923835754395
0.4916195869445801
0.46647191047668457
0.4715397357940674
0.210252046585083
0.1952505111694336
0.1764969825744629
0.19261765480041504
1.2507364749908447
1.0924866199493408
1.1098451614379883
1.1441466808319092
1.1479682922363281
0.28473830223083496
0.18746328353881836
0.4041106700897217
0.6677072048187256
0.5106887817382812
0.5139851570129395
0.5257711410522461
0.6386497020721436
0.26669859886169434
0.8269948959350586
0.42717933654785156
0.47081422805786133
0.9304099082946777
0.6796040534973145
0.9189224243164062
0.4376096725463867
0.38453030586242676
0.6467311382293701
0.17865967750549316
0.2053837776184082
0.3901221752166748
0.38957929611206055
0.7375438213348389
0.4733121395111084
0.2701871395111084
0.8024663925170898
0.9483036994934082
0.8134829998016357
0.33945775032043457
0.3349311351776123
0.951153039932251
0.956956148147583
0.9493165016174316
0.3385739326477051
0.30713462829589844
0.4900691509246826
0.22989392280578613
0.29874515533447266
0.298978328704834
0.20746302604675293
0.20303010940551758
0.5657660961151123
0.31508398056030273
0.3076648712158203
0.797189474105835
0.6594746112823486
0.6496965885162354
0.5902974605560303
0.5782368183135986
0.4703521728515625
0.4143335819244385
0.4368116855621338
0.3645353317260742
0.18785333633422852
0.6195309162139893
0.5137374401092529
0.5042202472686768
0.5099906921386719
0.6283762454986572
0.2041914463043213
0.5517513751983643
0.525834321975708
0.5567765235900879
0.2628340721130371
0.4543323516845703
0.4680643081665039
0.4729900360107422
0.637488842010498
0.795809268951416
0.1867051124572754
0.6626057624816895
0.5325825214385986
0.2752971649169922
0.5825302600860596
0.5554773807525635
0.3422858715057373
0.62058424949646
0.1753387451171875
0.14038610458374023
0.28470373153686523
0.21335434913635254
0.45983457565307617
0.4779367446899414
0.4916679859161377
0.7088699340820312
0.8071556091308594
0.7276082038879395
0.6610982418060303
0.7475495338439941
0.2584209442138672
0.6234350204467773
0.41101598739624023
0.3393831253051758
0.20127010345458984
0.40961146354675293
0.27457427978515625
0.18458819389343262
0.2999272346496582
0.3815340995788574
0.42803215980529785
0.3377258777618408
0.1949167251586914
0.30374956130981445
0.2075338363647461
0.3776578903198242
0.19258737564086914
0.7521109580993652
0.7505350112915039
0.7470071315765381
0.21953201293945312
0.5362234115600586
0.5110335350036621
0.2902073860168457
0.5053398609161377
0.27675628662109375
0.4390079975128174
0.33460450172424316
0.5016434192657471
0.49942731857299805
0.49095916748046875
0.5113625526428223
0.4825429916381836
0.4796915054321289
0.8487951755523682
0.9843235015869141
0.9288902282714844
0.5727715492248535
0.197035551071167
0.2750074863433838
0.3507261276245117
0.3437333106994629
0.34443020820617676
0.2244095802307129
0.6024234294891357
0.5998101234436035
0.18816804885864258
0.30219411849975586
0.810915470123291
0.8158187866210938
0.8114733695983887
0.7758851051330566
0.27047061920166016
0.18267369270324707
0.46105074882507324
0.4218122959136963
0.47096776962280273
0.4638645648956299
0.46195101737976074
0.39585161209106445
0.29390931129455566
0.22936773300170898
0.4962801933288574
0.5001518726348877
0.1614372730255127
0.4194064140319824
0.35851144790649414
0.45873403549194336
0.4844624996185303
0.4882180690765381
0.20299029350280762
0.21591830253601074
0.47928357124328613
0.4721689224243164
0.32711362838745117
0.5339221954345703
0.5974209308624268
0.22036242485046387
0.7341930866241455
0.7392330169677734
0.400881290435791
0.4065093994140625
0.7731435298919678
0.7427170276641846
0.5792551040649414
0.16231131553649902
0.2443866729736328
0.5679049491882324
0.5133140087127686
0.21605324745178223
0.5239667892456055
0.4071476459503174
0.42382097244262695
0.42975354194641113
0.6997401714324951
0.5765893459320068
0.19946885108947754
0.325575590133667
0.32684850692749023
0.3285541534423828
0.20558476448059082
0.39405155181884766
1.0005109310150146
0.7561912536621094
0.7773299217224121
0.2644681930541992
0.46374964714050293
0.3554105758666992
0.32308030128479004
0.44171142578125
0.3103611469268799
0.40384650230407715
0.3983588218688965
0.19727301597595215
0.41994762420654297
0.4248058795928955
0.281353235244751
0.18459153175354004
0.5659797191619873
0.5302290916442871
0.5381596088409424
0.5668928623199463
0.2140970230102539
0.5834896564483643
0.5484726428985596
0.4679226875305176
0.60052490234375
0.20352768898010254
0.32509613037109375
0.41667842864990234
0.4102048873901367
0.4533712863922119
0.3888664245605469
0.38591504096984863
0.45984387397766113
0.40458202362060547
0.5997142791748047
0.6867249011993408
0.33570218086242676
0.34345388412475586
0.7388360500335693
0.54386305809021
0.5654134750366211
0.6399059295654297
0.35517454147338867
0.597675085067749
0.6017849445343018
0.46812939643859863
0.5393743515014648
0.7039127349853516
0.41411328315734863
0.41819214820861816
0.5001540184020996
0.7433071136474609
0.7648341655731201
0.7957336902618408
0.6074182987213135
0.2005472183227539
0.6830558776855469
0.500694751739502
0.3037269115447998
0.1736290454864502
0.4307432174682617
0.44141340255737305
0.25508546829223633
0.4110279083251953
0.34873032569885254
0.6801583766937256
0.763420581817627
0.4735093116760254
0.34425926208496094
0.2796957492828369
0.8884310722351074
0.555931568145752
0.28290414810180664
0.28996872901916504
0.2573826313018799
0.37508177757263184
0.13632822036743164
0.28476905822753906
0.5377471446990967
1.3012335300445557
0.20145416259765625
0.6105310916900635
0.4916253089904785
0.16019153594970703
0.4427833557128906
0.6934623718261719
0.6678295135498047
0.523259162902832
0.19543862342834473
0.32164502143859863
0.610072135925293
0.48589086532592773
0.4947967529296875
0.23376083374023438
0.4481213092803955
0.2925751209259033
1.2002768516540527
0.2238168716430664
0.556786298751831
0.5186386108398438
0.18265080451965332
0.30768680572509766
0.32305359840393066
0.20077943801879883
0.751331090927124
0.7285969257354736
0.7278728485107422
0.6966989040374756
0.48158907890319824
0.7463150024414062
0.6532952785491943
0.21059393882751465
0.27186059951782227
0.25576257705688477
0.5401179790496826
0.6036703586578369
0.6092300415039062
0.6238963603973389
0.6010475158691406
0.6117892265319824
0.16373395919799805
0.1948564052581787
0.2528510093688965
0.9920046329498291
0.21637272834777832
0.8447184562683105
0.773883581161499
0.3822345733642578
0.7555704116821289
0.2063436508178711
0.12389802932739258
0.5755493640899658
0.509415864944458
0.22209620475769043
0.5586986541748047
0.2728872299194336
0.26166296005249023
0.16733074188232422
0.18493413925170898
0.1876544952392578
0.21257805824279785
0.18503046035766602
0.7783181667327881
0.873833417892456
0.8734862804412842
0.8743932247161865
0.855560302734375
0.8933277130126953
0.414151668548584
0.4311561584472656
0.45920252799987793
0.32161617279052734
0.32736968994140625
0.21341609954833984
0.18476057052612305
0.3247842788696289
0.3565225601196289
0.34802842140197754
0.620307207107544
0.617285966873169
0.6395087242126465
0.6474549770355225
0.48640942573547363
0.47970056533813477
0.28152894973754883
0.37970924377441406
0.34390687942504883
0.16959571838378906
0.1769421100616455
0.31046104431152344
0.2985835075378418
0.3512144088745117
0.2040104866027832
0.2351083755493164
0.676692008972168
0.6843693256378174
0.6657850742340088
0.7499630451202393
0.6372432708740234
0.20582890510559082
0.24980616569519043
0.6370141506195068
0.7654659748077393
0.37537598609924316
0.34756994247436523
0.4958322048187256
0.5029330253601074
0.30542826652526855
0.19698691368103027
0.8008773326873779
0.7697925567626953
0.2795577049255371
0.34552764892578125
0.2204124927520752
0.9558556079864502
0.6558198928833008
0.16518449783325195
0.21994924545288086
0.8863997459411621
0.8286254405975342
0.706334114074707
0.6564586162567139
0.41646361351013184
0.4282515048980713
0.37815427780151367
0.707056999206543
0.46441197395324707
0.1977393627166748
0.1449129581451416
0.45418572425842285
0.45322084426879883
0.3858809471130371
0.505786657333374
0.5183959007263184
0.5571873188018799
0.20099878311157227
0.2606923580169678
0.8110055923461914
0.8024156093597412
0.6723687648773193
0.5038917064666748
0.5507776737213135
0.6119542121887207
0.5509800910949707
0.43185949325561523
0.5643954277038574
0.36461639404296875
0.6513087749481201
0.36127591133117676
0.3716316223144531
0.5478515625
0.5546298027038574
0.542910099029541
0.20840859413146973
0.7889242172241211
0.5508947372436523
0.43114352226257324
0.4325554370880127
0.24847841262817383
0.9132823944091797
0.9151508808135986
0.6878311634063721
0.2006669044494629
0.7833671569824219
0.29409360885620117
0.8125660419464111
0.35657310485839844
0.3643038272857666
0.6570241451263428
0.6460683345794678
0.6478581428527832
0.6786971092224121
0.44608521461486816
0.34593677520751953
0.5620458126068115
0.5999078750610352
0.6824181079864502
0.43547654151916504
0.4492502212524414
0.6960155963897705
0.37857770919799805
0.37452101707458496
0.5241739749908447
0.5172553062438965
0.15856242179870605
0.35893797874450684
0.45639801025390625
0.4716506004333496
0.44711804389953613
0.2203531265258789
0.5766258239746094
0.6813688278198242
0.745140790939331
0.7368192672729492
0.5288474559783936
0.6948893070220947
0.19733285903930664
0.6936593055725098
0.1617882251739502
0.6957969665527344
0.43433141708374023
0.4837064743041992
0.18384647369384766
0.8503005504608154
0.1783275604248047
0.8528544902801514
0.8965692520141602
0.7370386123657227
0.7504215240478516
0.34137773513793945
0.23138928413391113
0.475313663482666
0.39989256858825684
0.2747480869293213
0.1781480312347412
0.6316452026367188
0.16533541679382324
0.446392297744751
0.44336438179016113
0.5667660236358643
0.4453916549682617
0.4826695919036865
0.437136173248291
0.43035411834716797
0.35481905937194824
0.19938325881958008
0.151719331741333
0.24885010719299316
0.36096858978271484
0.4116709232330322
0.32498788833618164
0.404752254486084
0.6702604293823242
0.6860067844390869
0.6796128749847412
0.6804301738739014
0.7315065860748291
0.30878210067749023
0.44854187965393066
0.316009521484375
0.3228449821472168
0.3270125389099121
0.41776418685913086
0.3479893207550049
0.6062467098236084
0.597714900970459
0.5294413566589355
0.5275835990905762
0.2794187068939209
0.27401304244995117
0.462479829788208
0.517012357711792
0.5332212448120117
0.5731451511383057
0.16813302040100098
0.3158869743347168
0.44895386695861816
0.3971521854400635
1.0014991760253906
0.40925145149230957
0.3088064193725586
0.2166306972503662
0.3306419849395752
1.2565608024597168
1.1876649856567383
1.104491949081421
1.2908835411071777
1.2921035289764404
1.2282307147979736
0.3960888385772705
0.37844419479370117
0.24835705757141113
0.34582066535949707
0.351574182510376
0.44341111183166504
0.41669797897338867
0.41634583473205566
0.19216370582580566
0.18454504013061523
0.8579757213592529
0.5954318046569824
0.6594333648681641
0.665905237197876
0.4737212657928467
0.46862196922302246
0.8606977462768555
0.47090625762939453
0.653008222579956
0.19535589218139648
0.43285679817199707
0.5388100147247314
0.5577394962310791
0.20171046257019043
0.6920502185821533
0.5615081787109375
0.6627037525177002
0.6338293552398682
0.6329469680786133
0.6491498947143555
0.14591288566589355
0.34801220893859863
0.32460856437683105
0.37485432624816895
0.3026125431060791
0.44008851051330566
0.3403329849243164
0.2941548824310303
0.5130133628845215
0.45102834701538086
0.467299222946167
0.4868321418762207
0.18816828727722168
0.18653535842895508
0.1793816089630127
0.3626394271850586
0.31918835639953613
0.1681499481201172
0.5869081020355225
0.5278017520904541
0.4792749881744385
0.4174332618713379
0.41085290908813477
0.3910088539123535
0.17089033126831055
0.22292661666870117
0.21570444107055664
0.4274001121520996
0.5726869106292725
0.19739341735839844
0.16313719749450684
0.3351552486419678
0.20363759994506836
0.48850178718566895
0.4836232662200928
0.23508048057556152
0.19840168952941895
0.949796199798584
0.9497148990631104
0.9576101303100586
0.93499755859375
0.9511315822601318
0.948397159576416
0.3411827087402344
0.33629798889160156
0.32742857933044434
0.3774731159210205
0.3746922016143799
0.3744528293609619
0.3685169219970703
0.3893167972564697
0.7775981426239014
0.772409200668335
0.802619457244873
0.47343993186950684
0.7990548610687256
0.22454428672790527
0.5608961582183838
0.5518090724945068
0.56618332862854
0.29805636405944824
0.18191170692443848
0.21037960052490234
0.1640021800994873
0.5350267887115479
0.4083371162414551
0.5496482849121094
0.43198490142822266
0.7937381267547607
0.6651546955108643
0.6725289821624756
0.6065049171447754
0.20731186866760254
0.25092148780822754
0.2870199680328369
0.3559255599975586
0.35497450828552246
0.2345747947692871
0.8316662311553955
0.5136630535125732
0.4574751853942871
0.4227421283721924
0.2010211944580078
1.0395464897155762
0.9884603023529053
0.9896795749664307
0.9710128307342529
0.9273648262023926
0.17626214027404785
0.2985391616821289
0.24741244316101074
0.5291125774383545
0.15274739265441895
0.593073844909668
0.5605978965759277
0.500237226486206
0.24959516525268555
0.7427139282226562
0.6702632904052734
0.6658360958099365
0.6751189231872559
0.36049628257751465
0.2718191146850586
0.213273286819458
0.2874119281768799
0.21948528289794922
0.22418570518493652
0.5084450244903564
0.5048885345458984
0.3710923194885254
0.3977046012878418
0.3935840129852295
0.41587352752685547
0.17221426963806152
0.39802050590515137
0.5978963375091553
0.571697473526001
0.4705808162689209
0.2708420753479004
0.2707953453063965
0.5334761142730713
0.36759257316589355
0.35314440727233887
0.235429048538208
0.6261355876922607
0.34062886238098145
0.20947527885437012
0.2519547939300537
0.17038297653198242
0.460254430770874
0.47283291816711426
0.24573469161987305
0.32410573959350586
0.23734235763549805
0.34888672828674316
0.18733549118041992
0.3597240447998047
0.29671406745910645
0.26178455352783203
0.27505970001220703
0.15395641326904297
1.446603536605835
0.3051145076751709
1.5227773189544678
0.24123668670654297
1.6168420314788818
1.6152606010437012
1.6893813610076904
1.3243839740753174
1.2828843593597412
1.5403170585632324
0.39492011070251465
0.33847594261169434
0.24314308166503906
0.42457151412963867
0.4546701908111572
0.3544771671295166
0.2283482551574707
0.34085917472839355
0.19948339462280273
0.2558455467224121
0.15794801712036133
0.5501880645751953
0.5545547008514404
0.5558502674102783
0.555814266204834
0.20881342887878418
0.2217395305633545
0.2231605052947998
0.430422306060791
0.40717172622680664
0.3249523639678955
0.25298237800598145
0.20742416381835938
0.47026872634887695
0.33358192443847656
0.37676048278808594
0.5997262001037598
0.5304429531097412
0.5296115875244141
0.2474374771118164
0.13886594772338867
0.24639058113098145
0.5284955501556396
0.35292792320251465
0.42815637588500977
0.20144248008728027
0.16094589233398438
0.4317965507507324
0.15053915977478027
0.19526147842407227
0.5741889476776123
0.597966194152832
0.5929412841796875
0.15006542205810547
0.2538719177246094
0.5430145263671875
0.721013069152832
0.15733885765075684
0.20333147048950195
0.36971426010131836
0.369326114654541
0.7730791568756104
0.5849299430847168
0.7735247611999512
0.4097590446472168
0.3152141571044922
0.19910383224487305
0.17870306968688965
0.27175426483154297
0.18251919746398926
0.1974961757659912
0.22944855690002441
0.3284871578216553
0.4049339294433594
0.36669254302978516
0.3470175266265869
0.26180434226989746
0.37535524368286133
0.6375982761383057
0.6409478187561035
0.5972976684570312
0.6017897129058838
0.14862775802612305
0.19824743270874023
0.24559330940246582
0.22466826438903809
0.17669463157653809
0.2597527503967285
0.16338872909545898
0.18390583992004395
0.26287412643432617
0.17302298545837402
0.1826932430267334
0.233964204788208
0.9039714336395264
0.9177179336547852
0.9102427959442139
0.8852088451385498
0.8573818206787109
0.8848409652709961
0.3496835231781006
0.4582080841064453
0.17603659629821777
0.8803420066833496
0.19564175605773926
0.5382447242736816
0.5447943210601807
0.5701274871826172
0.47840070724487305
0.47452354431152344
0.5934817790985107
0.4514479637145996
0.6962637901306152
0.6129701137542725
0.5342350006103516
0.20958638191223145
0.22286009788513184
0.3628053665161133
0.3695828914642334
0.3615274429321289
0.3464534282684326
0.317612886428833
0.5985260009765625
0.2952437400817871
0.7272434234619141
0.6129117012023926
0.742572546005249
0.6215431690216064
0.37165164947509766
0.34545016288757324
0.7338438034057617
0.321779727935791
0.591686487197876
0.3259544372558594
0.1430044174194336
0.22103285789489746
0.7623817920684814
0.770153284072876
0.5896782875061035
0.6357672214508057
0.6842992305755615
0.6803755760192871
0.596879243850708
0.46788883209228516
0.4718480110168457
0.3991208076477051
0.4979116916656494
0.46213269233703613
0.7275028228759766
0.19643402099609375
0.6542229652404785
0.4061727523803711
0.28415536880493164
0.4048004150390625
0.44131946563720703
0.26354479789733887
0.22596001625061035
0.6945657730102539
0.5905616283416748
0.6050477027893066
0.6038947105407715
0.5683822631835938
0.41708993911743164
0.4410996437072754
0.4167790412902832
0.4176609516143799
0.356689453125
0.27594685554504395
0.3043704032897949
0.1976618766784668
0.7369849681854248
0.7314839363098145
0.6255676746368408
0.6015474796295166
0.6964147090911865
0.5008606910705566
0.2086334228515625
0.24387764930725098
0.17235612869262695
0.9393470287322998
0.923037052154541
0.895275354385376
0.5826377868652344
0.6000969409942627
0.5982468128204346
0.9668681621551514
0.5516612529754639
0.18503379821777344
0.4020092487335205
0.4362063407897949
0.15984892845153809
0.24643874168395996
0.21917057037353516
0.31023502349853516
0.16308355331420898
0.7157504558563232
0.5912809371948242
0.7299845218658447
0.6050412654876709
0.45186591148376465
0.4267137050628662
0.44536876678466797
0.26595234870910645
0.32660722732543945
0.40764546394348145
0.25858211517333984
0.20908308029174805
0.21038818359375
0.22687315940856934
0.14732146263122559
0.3111724853515625
2.003596782684326
0.2763173580169678
0.42853856086730957
1.0991547107696533
1.0892698764801025
0.2970569133758545
0.9436938762664795
0.9480319023132324
1.1853797435760498
0.7018067836761475
0.33742618560791016
0.2386469841003418
0.1564326286315918
0.23511624336242676
0.20388031005859375
0.3583991527557373
0.3898317813873291
0.39399003982543945
0.17197179794311523
0.30783867835998535
0.19744133949279785
0.1779634952545166
0.28232836723327637
0.28995728492736816
0.25743603706359863
0.28525781631469727
0.8324828147888184
0.8033909797668457
0.8228151798248291
0.7913961410522461
0.7058651447296143
0.336101770401001
0.32419824600219727
0.21265339851379395
0.39022350311279297
0.29105687141418457
0.34994053840637207
0.34163403511047363
0.42092061042785645
0.6406409740447998
0.6237726211547852
0.46263837814331055
0.4203205108642578
0.340487003326416
0.7372686862945557
0.5143327713012695
0.21793675422668457
0.6964566707611084
0.6295340061187744
0.3429074287414551
0.7531208992004395
0.5289731025695801
0.4874911308288574
0.3368377685546875
0.5611441135406494
0.3562660217285156
0.3807065486907959
0.37322044372558594
0.22268247604370117
0.4411752223968506
0.5867087841033936
0.1653735637664795
0.44634461402893066
0.4118022918701172
0.3876962661743164
0.2961592674255371
0.22485136985778809
0.7474174499511719
0.6999833583831787
0.6739945411682129
0.6831982135772705
0.36022090911865234
0.5568342208862305
0.2664802074432373
0.19807982444763184
0.5088005065917969
0.5091943740844727
0.3928546905517578
0.38790225982666016
0.4111628532409668
0.32271385192871094
0.32315635681152344
0.6963896751403809
0.19492650032043457
0.6956336498260498
0.7037322521209717
0.696171760559082
0.2632019519805908
0.18628501892089844
0.15404081344604492
0.2050001621246338
0.32745909690856934
0.31325864791870117
0.6030645370483398
0.16153883934020996
1.2279102802276611
0.2138521671295166
0.9185817241668701
0.9054985046386719
0.17320871353149414
0.23476743698120117
0.8458890914916992
1.1217916011810303
1.0869419574737549
0.3742866516113281
0.9604666233062744
0.8155543804168701
0.8035058975219727
0.5773410797119141
0.5015277862548828
0.5221312046051025
0.2149510383605957
0.5592682361602783
0.43903541564941406
0.45691561698913574
0.43697452545166016
0.5896894931793213
0.6173734664916992
0.6147780418395996
0.3397557735443115
0.48284006118774414
0.2625732421875
0.47670960426330566
0.4602785110473633
0.519033670425415
0.5153074264526367
0.5248138904571533
0.45330190658569336
0.5738122463226318
0.5681195259094238
0.3633265495300293
0.3639063835144043
0.4419729709625244
0.45212602615356445
0.4403665065765381
0.20630884170532227
0.35326170921325684
0.44466590881347656
0.5277798175811768
0.4283590316772461
0.5406267642974854
0.3107333183288574
0.2049541473388672
0.7910315990447998
0.8446264266967773
0.35721445083618164
0.2573819160461426
0.4574580192565918
0.43446826934814453
0.22519946098327637
0.5364377498626709
0.5179188251495361
0.33674049377441406
0.29642224311828613
0.2837071418762207
0.8509495258331299
0.36460041999816895
0.26294612884521484
1.019813060760498
0.9933152198791504
1.0163681507110596
0.15940356254577637
0.2054741382598877
1.1417317390441895
0.9289913177490234
0.32538747787475586
0.30658459663391113
0.1739511489868164
0.21907925605773926
0.2439558506011963
0.7881827354431152
0.7510614395141602
0.2051222324371338
0.6573646068572998
0.6686463356018066
0.6008152961730957
0.677365779876709
0.3973684310913086
0.40822434425354004
0.3440742492675781
0.23888444900512695
0.2041919231414795
0.3356606960296631
0.28476762771606445
0.26018214225769043
0.3428325653076172
1.027073860168457
0.7849273681640625
0.8539938926696777
0.9360451698303223
0.23189759254455566
0.29915952682495117
0.2603027820587158
0.25728917121887207
0.22414684295654297
0.19466161727905273
1.1201457977294922
0.9305050373077393
0.8082740306854248
0.9129178524017334
0.40137815475463867
0.40557122230529785
0.17152881622314453
0.2954518795013428
0.16030383110046387
0.293745756149292
0.29814791679382324
0.39694833755493164
0.5043907165527344
0.39380455017089844
0.46788573265075684
0.41695308685302734
0.4691324234008789
0.3045811653137207
0.2707803249359131
0.2213304042816162
0.22042012214660645
0.5176184177398682
0.48212766647338867
0.41054320335388184
0.28721117973327637
0.17557430267333984
0.31035923957824707
0.3175027370452881
0.3402988910675049
0.24864673614501953
0.32845425605773926
0.17287850379943848
0.8661801815032959
0.83902907371521
0.7489340305328369
0.8513870239257812
0.1494767665863037
0.8608577251434326
0.3362443447113037
0.25931835174560547
0.33843421936035156
0.28546953201293945
0.1878068447113037
0.7176015377044678
0.4786813259124756
0.47486042976379395
0.4980461597442627
0.21462178230285645
0.4503800868988037
0.5641882419586182
0.5469627380371094
0.20088458061218262
0.24025607109069824
0.3209683895111084
0.24447226524353027
0.26792216300964355
0.8165578842163086
0.37979817390441895
0.22613787651062012
0.8385093212127686
0.4926433563232422
0.521430492401123
0.8601834774017334
0.8601751327514648
0.8006672859191895
0.8804640769958496
0.19398140907287598
0.24921798706054688
0.3265645503997803
0.35540199279785156
0.30483269691467285
0.25267529487609863
0.3679342269897461
0.31163525581359863
0.16950130462646484
0.5540056228637695
0.6036176681518555
0.5590174198150635
0.6242392063140869
0.46364426612854004
0.35631656646728516
0.2579460144042969
0.24446964263916016
0.6361391544342041
0.92891526222229
0.3825075626373291
0.559272289276123
0.6089699268341064
0.17349863052368164
0.34571218490600586
0.33002471923828125
0.21112442016601562
0.2539505958557129
0.15726804733276367
0.1537172794342041
1.0975244045257568
1.0019452571868896
0.8637399673461914
0.8759706020355225
0.43339085578918457
0.41583704948425293
0.18973374366760254
0.22429513931274414
0.22058844566345215
0.21944761276245117
0.459179162979126
0.45400094985961914
0.4527311325073242
0.45664024353027344
0.45673394203186035
0.3695869445800781
0.28298211097717285
2.094985246658325
0.6322832107543945
1.2554967403411865
0.3658473491668701
0.4473726749420166
0.34401392936706543
0.35163426399230957
0.45276689529418945
0.44218993186950684
1.4978859424591064
0.7599771022796631
0.5404553413391113
0.5134785175323486
0.2291574478149414
0.4248678684234619
0.43454575538635254
0.5403790473937988
0.6150264739990234
0.4564957618713379
0.25945615768432617
0.474822998046875
0.4673457145690918
0.36959385871887207
0.38079285621643066
0.23122525215148926
0.2035970687866211
1.0505211353302002
1.0371019840240479
1.0386507511138916
0.8151462078094482
1.058415412902832
0.3584268093109131
0.24054169654846191
0.37604451179504395
0.4183845520019531
0.38994741439819336
0.45760679244995117
0.46344637870788574
0.6975243091583252
0.4879496097564697
0.5284364223480225
0.6584818363189697
0.6470282077789307
0.36565065383911133
0.28966736793518066
0.6954801082611084
0.6826388835906982
0.37317943572998047
0.20791912078857422
0.23923230171203613
0.475067138671875
0.46521997451782227
0.4812130928039551
0.48007726669311523
0.48703622817993164
0.331270694732666
0.37593531608581543
0.21928048133850098
0.7052409648895264
0.714627742767334
0.702946662902832
0.42415928840637207
0.2559018135070801
0.7275280952453613
0.6989827156066895
0.7538807392120361
0.7348628044128418
0.687652587890625
0.6652870178222656
0.49298620223999023
0.4890902042388916
0.1959691047668457
0.43663597106933594
0.29578542709350586
0.5749928951263428
0.639897346496582
0.6370892524719238
0.6284525394439697
0.4709739685058594
0.4774904251098633
0.5108668804168701
0.5253572463989258
0.2580275535583496
0.38361334800720215
0.30762457847595215
0.3293015956878662
0.3123738765716553
0.4404940605163574
0.2200775146484375
0.426776647567749
0.46199870109558105
0.33321356773376465
0.48071813583374023
0.23891568183898926
0.4862813949584961
0.31715822219848633
0.6511375904083252
0.443772554397583
0.21311712265014648
0.4358856678009033
0.45552635192871094
0.45491719245910645
0.13046646118164062
0.3215775489807129
0.5717475414276123
0.5951395034790039
0.5791268348693848
0.6044056415557861
0.2481975555419922
0.22515630722045898
0.2397308349609375
0.48714280128479004
0.3921842575073242
0.24328279495239258
0.19205927848815918
0.5736632347106934
0.40833520889282227
0.36143922805786133
0.28925228118896484
0.42189884185791016
0.2993814945220947
0.31715869903564453
0.8352856636047363
0.8445847034454346
0.8372781276702881
0.8234806060791016
0.7785003185272217
0.19399666786193848
0.5779159069061279
0.16773772239685059
0.4518299102783203
0.6903107166290283
0.5726544857025146
0.48109006881713867
0.6050372123718262
0.6320316791534424
0.6724979877471924
0.628887414932251
0.21014618873596191
0.2558255195617676
0.6237027645111084
0.5086507797241211
0.34555864334106445
0.3644089698791504
0.19220495223999023
0.2919044494628906
0.5424361228942871
0.449429988861084
0.3593730926513672
0.4547567367553711
0.28626441955566406
0.3779160976409912
0.28001856803894043
0.6564116477966309
0.5915706157684326
0.18427324295043945
0.5807967185974121
0.3183252811431885
0.3144683837890625
0.21283435821533203
0.6179873943328857
0.4629850387573242
0.5412154197692871
0.5332462787628174
0.3268752098083496
0.2366955280303955
0.4100937843322754
0.21740078926086426
0.1974174976348877
0.2517433166503906
0.3840031623840332
0.39167141914367676
0.8153047561645508
0.7288968563079834
0.19062280654907227
0.19250011444091797
0.6522982120513916
0.6438522338867188
0.64705491065979
0.6551258563995361
0.3968627452850342
0.43755149841308594
0.19142675399780273
0.34018921852111816
0.34481191635131836
0.32668209075927734
0.2586987018585205
0.2818293571472168
0.19547367095947266
0.3115839958190918
0.5920934677124023
0.6158521175384521
0.5649006366729736
0.5579061508178711
0.4367818832397461
0.43113088607788086
0.223618745803833
0.4120795726776123
0.22220087051391602
0.29157590866088867
0.2464444637298584
0.44225525856018066
0.3536982536315918
0.33312201499938965
0.1780991554260254
0.36319589614868164
0.3427741527557373
0.8586807250976562
0.8082523345947266
0.8268325328826904
0.8195517063140869
0.7456574440002441
0.33852434158325195
0.35868239402770996
0.444598913192749
0.22481441497802734
0.1572272777557373
0.3928649425506592
0.38964366912841797
0.31947755813598633
0.31328415870666504
0.32257938385009766
0.3239626884460449
0.2881288528442383
0.19898200035095215
0.17400431632995605
0.3809981346130371
0.39800357818603516
0.24645781517028809
0.4791145324707031
0.4842531681060791
0.4418156147003174
0.15179777145385742
0.5707235336303711
0.5852334499359131
0.5724732875823975
0.4411275386810303
0.20305347442626953
0.5186665058135986
0.5181500911712646
0.33117151260375977
0.3211348056793213
0.2075812816619873
0.44751429557800293
0.21424245834350586
0.38571763038635254
0.73885178565979
0.6546127796173096
0.6545202732086182
0.22424864768981934
0.6637845039367676
0.5072729587554932
0.4389655590057373
0.532888650894165
0.3433358669281006
0.2479398250579834
0.33712196350097656
0.5688638687133789
0.4237532615661621
0.48923492431640625
0.40196800231933594
0.2946500778198242
0.6487987041473389
0.6226673126220703
0.5646088123321533
0.3640718460083008
0.42534589767456055
0.41736388206481934
0.43712568283081055
0.31565046310424805
0.483428955078125
0.19413208961486816
0.34183597564697266
0.3417477607727051
0.3802189826965332
0.35827159881591797
0.41048383712768555
0.27846670150756836
0.5926973819732666
0.570979118347168
0.5789577960968018
0.3990764617919922
0.38332390785217285
0.21584510803222656
0.4606771469116211
0.4335825443267822
0.5887224674224854
0.3635594844818115
0.3318014144897461
0.33084869384765625
0.2998325824737549
0.20620131492614746
0.4891786575317383
0.5018966197967529
0.6284604072570801
0.7027852535247803
0.6828958988189697
0.5357913970947266
0.43715453147888184
0.19193434715270996
0.5268344879150391
0.4474217891693115
0.3538625240325928
0.48463869094848633
0.3347599506378174
0.4079890251159668
0.5371880531311035
1.0191426277160645
0.6210124492645264
0.7933435440063477
0.6596667766571045
0.82448410987854
0.2141554355621338
0.2948935031890869
0.39969539642333984
0.4926900863647461
0.3582308292388916
0.22425341606140137
0.5773105621337891
0.6742632389068604
0.6573982238769531
0.6275453567504883
0.5236122608184814
0.1934185028076172
0.3433218002319336
0.33574390411376953
0.3768177032470703
0.2555196285247803
0.24941039085388184
1.1918988227844238
0.1674187183380127
0.5069501399993896
0.5800399780273438
0.6005735397338867
0.45714497566223145
0.21236634254455566
0.6723051071166992
0.5039973258972168
0.6795146465301514
0.3463261127471924
0.5125396251678467
0.19801998138427734
1.4800901412963867
0.3358147144317627
0.29402756690979004
0.2737691402435303
0.3997166156768799
0.36745238304138184
0.40159153938293457
0.18921113014221191
0.3499770164489746
0.700047492980957
0.7065060138702393
0.7051947116851807
0.6822202205657959
0.20885467529296875
0.24372649192810059
0.5399506092071533
0.4430975914001465
0.4389684200286865
0.4245619773864746
0.318037748336792
0.33057665824890137
0.343142032623291
0.2711970806121826
0.4008150100708008
0.4286057949066162
0.4066147804260254
0.4207308292388916
0.41501569747924805
0.4220292568206787
0.22531652450561523
0.3060781955718994
0.18642711639404297
0.333834171295166
0.43773555755615234
0.40053534507751465
0.5929985046386719
0.40746569633483887
0.32479310035705566
0.5717709064483643
0.5819482803344727
0.30701446533203125
0.6246821880340576
0.6685910224914551
0.5522396564483643
0.28955912590026855
0.24203062057495117
0.1956465244293213
0.8163650035858154
0.5049262046813965
0.5725433826446533
0.5215108394622803
0.6043486595153809
0.5439295768737793
0.5544834136962891
0.23421883583068848
0.6753361225128174
0.5283229351043701
0.5173172950744629
0.5256226062774658
0.5179469585418701
0.40848636627197266
0.2842550277709961
0.5266821384429932
0.4730045795440674
0.4898653030395508
0.4707646369934082
0.4830329418182373
0.24274778366088867
0.3400886058807373
0.26631689071655273
0.33629274368286133
0.34400391578674316
0.42004966735839844
0.4294455051422119
0.44565558433532715
0.23737001419067383
0.29117822647094727
0.28398656845092773
0.20421075820922852
0.20481276512145996
0.21679997444152832
0.5524744987487793
0.5454504489898682
0.20350003242492676
0.5487754344940186
0.26959824562072754
0.2844572067260742
0.20562338829040527
0.6684863567352295
0.6657590866088867
0.6669979095458984
0.6591362953186035
0.24536490440368652
0.15168023109436035
0.3868861198425293
0.3359658718109131
0.2798604965209961
0.573127031326294
0.37608790397644043
0.29987335205078125
0.2087247371673584
0.18651390075683594
0.6374068260192871
0.5252344608306885
0.5306305885314941
0.41945457458496094
0.4464709758758545
0.26348423957824707
0.4584391117095947
0.22806930541992188
0.2399442195892334
0.2011547088623047
0.15445566177368164
0.6430017948150635
0.6906030178070068
0.49396586418151855
0.4542684555053711
0.11983299255371094
0.32453179359436035
0.14704465866088867
0.21431279182434082
0.4365224838256836
0.28243303298950195
0.18477606773376465
0.23886799812316895
0.2043931484222412
0.9660708904266357
0.977808952331543
0.906334638595581
0.8866860866546631
0.8017280101776123
1.1431615352630615
0.7181406021118164
0.5548012256622314
0.548227071762085
0.5617797374725342
0.25200891494750977
0.22902417182922363
0.37352633476257324
0.2636861801147461
0.1858665943145752
0.13713407516479492
0.20372629165649414
0.40187907218933105
0.4111049175262451
0.5951018333435059
0.5883891582489014
0.5881087779998779
0.22721576690673828
0.5664985179901123
0.4386475086212158
0.38974952697753906
0.3276035785675049
0.18247652053833008
0.27548646926879883
0.3014357089996338
0.585319995880127
0.4343526363372803
0.3222973346710205
0.4431309700012207
0.5169456005096436
0.5256516933441162
0.4490509033203125
0.240814208984375
0.16263222694396973
0.24079513549804688
0.6935937404632568
0.6340253353118896
0.2936105728149414
0.24947428703308105
0.3292429447174072
0.5261876583099365
0.23149800300598145
0.6571946144104004
0.6549379825592041
0.43386054039001465
0.48165369033813477
0.42139673233032227
0.3288462162017822
0.22140955924987793
0.6078205108642578
0.9328916072845459
0.4145810604095459
0.7321593761444092
0.3191230297088623
0.30202269554138184
0.41345930099487305
0.4164738655090332
0.3587191104888916
0.8117721080780029
0.7404904365539551
0.7533810138702393
0.7450766563415527
0.31104040145874023
0.3645048141479492
0.23572063446044922
0.5202069282531738
0.5068459510803223
0.4474327564239502
0.25475144386291504
0.5172297954559326
0.43889474868774414
0.45597004890441895
0.27032995223999023
0.5586521625518799
0.3097689151763916
0.3016655445098877
0.4317500591278076
0.2581939697265625
0.321087121963501
0.24283123016357422
0.2720601558685303
0.4546685218811035
0.4535503387451172
0.5430326461791992
0.890099287033081
0.7612407207489014
0.3287382125854492
0.6422111988067627
0.8922441005706787
0.2461709976196289
0.2653472423553467
0.15877866744995117
0.29491591453552246
0.25750041007995605
0.40224409103393555
0.25427699089050293
0.4157278537750244
0.4813203811645508
0.4009864330291748
0.20285320281982422
0.5166404247283936
0.5510916709899902
0.5559055805206299
0.5379054546356201
0.3483152389526367
0.4587843418121338
0.3928501605987549
0.3590238094329834
0.16679692268371582
0.33100247383117676
0.3358166217803955
0.506213903427124
0.4577202796936035
0.51230788230896
0.40305638313293457
0.5630950927734375
0.580697774887085
0.5659072399139404
0.7351076602935791
0.29845595359802246
0.19147157669067383
0.2593529224395752
0.31813597679138184
0.43958353996276855
0.44649291038513184
0.4479501247406006
0.7585008144378662
0.7659673690795898
0.478787899017334
0.7952020168304443
0.7891316413879395
0.8335223197937012
0.5453159809112549
0.27402830123901367
0.3923075199127197
0.21131086349487305
0.5341570377349854
0.49861693382263184
0.5999369621276855
0.58026123046875
0.6288666725158691
0.5880153179168701
0.3745601177215576
0.25065135955810547
0.20394229888916016
0.5597183704376221
0.46726226806640625
0.46354031562805176
0.48738884925842285
0.4222722053527832
0.43564891815185547
0.29758501052856445
0.1814420223236084
0.17507100105285645
0.3672950267791748
0.23050427436828613
0.2675957679748535
0.7496931552886963
0.8048396110534668
0.8183379173278809
0.6274325847625732
0.2894456386566162
0.2894155979156494
0.36780333518981934
0.15938258171081543
0.3444218635559082
0.43108606338500977
0.36522984504699707
0.208054780960083
0.8172605037689209
0.743865966796875
0.7517881393432617
0.6392948627471924
0.23023438453674316
0.7604446411132812
0.537966251373291
0.6018545627593994
0.21387314796447754
0.3448350429534912
0.24794316291809082
0.3571648597717285
0.28429222106933594
0.37490200996398926
0.13715267181396484
0.7286455631256104
0.8932502269744873
0.3402063846588135
0.7513792514801025
0.7631986141204834
0.3446464538574219
0.8088102340698242
0.5248692035675049
0.5100150108337402
0.3463287353515625
0.33524322509765625
0.5578835010528564
0.21291613578796387
0.2635939121246338
0.18620848655700684
0.3947927951812744
0.3908987045288086
0.7414305210113525
0.7699007987976074
0.7642037868499756
0.7586133480072021
0.7590031623840332
0.3361501693725586
0.3558790683746338
0.25794100761413574
0.23917484283447266
0.1980457305908203
0.27420830726623535
0.2280256748199463
0.2447948455810547
0.4842495918273926
0.4639415740966797
0.4798569679260254
0.472001314163208
0.5056684017181396
0.6550068855285645
0.4447000026702881
0.6836071014404297
0.4883439540863037
0.4883716106414795
0.41172003746032715
0.4380817413330078
0.19904017448425293
0.3630549907684326
0.2160930633544922
0.7801668643951416
0.8138110637664795
0.8504571914672852
0.5097589492797852
0.4886150360107422
0.48427677154541016
0.5019204616546631
0.4869203567504883
0.24064016342163086
0.1583232879638672
0.20624279975891113
0.4103512763977051
0.42437195777893066
0.36835741996765137
0.5686864852905273
0.48772430419921875
0.4804873466491699
0.4999542236328125
0.172804594039917
0.19176530838012695
0.5125946998596191
0.17028546333312988
0.23656964302062988
0.41913294792175293
0.2568786144256592
0.966832160949707
0.8409733772277832
0.45509886741638184
0.5746867656707764
0.6007735729217529
0.6922283172607422
0.7081267833709717
0.48354625701904297
0.4441378116607666
0.1954329013824463
0.3684732913970947
0.20214438438415527
0.211320161819458
0.4113478660583496
0.4088165760040283
0.42914891242980957
0.5686287879943848
0.16634702682495117
0.16769933700561523
0.5230991840362549
0.4416487216949463
0.30850934982299805
0.2733292579650879
0.2965869903564453
0.5101432800292969
0.4843618869781494
0.21147894859313965
0.42555832862854004
0.6406638622283936
0.6638150215148926
0.6489801406860352
0.5082194805145264
0.3091552257537842
0.3155233860015869
0.6810922622680664
0.21227765083312988
0.20190739631652832
0.5788466930389404
0.3694038391113281
0.3162193298339844
0.36455440521240234
0.33402347564697266
0.1689291000366211
0.7951419353485107
0.41785693168640137
0.9148097038269043
0.41306328773498535
0.9054551124572754
0.7906157970428467
0.7462561130523682
0.6033709049224854
