0.3110008239746094
0.3223752975463867
0.3316793441772461
0.2331533432006836
0.23866581916809082
0.30084753036499023
0.2549552917480469
0.26843976974487305
0.24918293952941895
0.27191853523254395
0.3001556396484375
0.28409695625305176
0.3403749465942383
0.3119802474975586
0.31098270416259766
0.3498802185058594
0.2753603458404541
0.2753562927246094
0.27837181091308594
0.2624974250793457
0.31830310821533203
0.3600170612335205
0.23667526245117188
0.3272244930267334
0.2744433879852295
0.24432611465454102
0.28590917587280273
0.22770190238952637
0.2396082878112793
0.23030471801757812
0.23040270805358887
0.24034905433654785
0.3155670166015625
1.291121006011963
0.2694265842437744
0.2510802745819092
0.23333406448364258
0.24347925186157227
0.3050389289855957
0.23225855827331543
0.22902965545654297
0.4010627269744873
0.2615082263946533
0.24031710624694824
0.28481388092041016
0.27004528045654297
0.30762338638305664
0.2358548641204834
0.25417232513427734
0.25634241104125977
0.24480557441711426
0.35702967643737793
0.2706575393676758
0.3955998420715332
0.2685508728027344
0.2408888339996338
0.33176493644714355
0.27594852447509766
0.2917025089263916
0.2469797134399414
0.24329686164855957
0.31366896629333496
0.2328343391418457
0.2621774673461914
