3511663
3658529
3944727
3811373
4375906
4498775
4426273
4272577
4618721
4584404
4439924
4392227
3988687
3879050
3838246
3984605
3526659
3778450
3949748
3945477
4468717
4379988
4342324
4331965
4625774
4503060
4366722
4438759
3991877
4040381
3858150
3995580
3855800
3742325
4006298
4090318
4487349
4496573
4239166
4349498
4645899
4521095
4410823
4357183
4047505
3903075
3770585
3926626
3830618
3839106
3632078
3941644
4359277
4500821
4101687
4334564
4677815
4438233
4450505
4403216
3892259
3875873
3876312
3834137
