0.5905439853668213
0.7264392375946045
0.7990179061889648
0.7262866497039795
0.8496959209442139
0.6535215377807617
0.9880876541137695
1.0541291236877441
0.9697296619415283
1.0841028690338135
1.270932912826538
1.162386417388916
1.0093443393707275
0.8414275646209717
0.9103507995605469
1.3463592529296875
1.2624845504760742
0.9399447441101074
0.9678328037261963
1.0426807403564453
1.4352927207946777
1.3449933528900146
1.3798201084136963
2.3054161071777344
2.3115696907043457
2.3306708335876465
2.3433754444122314
2.30944561958313
2.302476644515991
2.352428674697876
2.298354387283325
2.2760744094848633
2.297621250152588
2.269038677215576
2.2438509464263916
2.276620864868164
2.2509584426879883
2.259267807006836
2.1064860820770264
2.2711074352264404
1.812558650970459
1.770223617553711
2.233044385910034
1.8799567222595215
1.9380669593811035
1.8325529098510742
1.725548505783081
2.2938082218170166
1.742253303527832
2.2831594944000244
2.6640453338623047
2.633647918701172
2.553349494934082
2.535216808319092
2.5516796112060547
2.6372780799865723
2.615349531173706
2.7589032649993896
2.6925346851348877
2.2612409591674805
2.5043652057647705
2.6484732627868652
2.71268892288208
2.6241614818573
