0.35848426818847656
0.32420849800109863
0.38196492195129395
0.2669970989227295
0.39071059226989746
0.3965795040130615
0.37645959854125977
0.26958131790161133
0.31612300872802734
0.2640047073364258
0.30156421661376953
0.37006568908691406
0.28702497482299805
0.08134150505065918
0.39635300636291504
0.45118117332458496
0.4771568775177002
0.23112106323242188
0.10570645332336426
0.10017132759094238
0.4306373596191406
0.11353206634521484
0.5088319778442383
0.10953760147094727
0.11595749855041504
0.10003948211669922
0.37732529640197754
0.1041557788848877
0.10204768180847168
0.11690735816955566
0.4505777359008789
0.20103168487548828
0.41501951217651367
0.5893359184265137
0.3972163200378418
0.5573842525482178
0.28688716888427734
0.158003568649292
0.45645976066589355
0.17919206619262695
0.22533202171325684
0.1726222038269043
0.19632697105407715
0.30193305015563965
0.14463400840759277
0.1490795612335205
0.11262631416320801
0.16641736030578613
0.25598573684692383
0.3786747455596924
0.4630260467529297
0.25911450386047363
0.24409866333007812
0.5062644481658936
0.45394015312194824
0.4815394878387451
0.24416232109069824
0.09104204177856445
0.31610822677612305
0.105621337890625
0.6277041435241699
0.5225164890289307
0.4956095218658447
0.2740929126739502
0.10672116279602051
0.15163040161132812
0.14881348609924316
0.1270902156829834
0.4324312210083008
0.13234686851501465
0.34696030616760254
0.6734082698822021
0.8965833187103271
0.333951473236084
0.13780879974365234
0.14017271995544434
0.47690296173095703
0.13395905494689941
0.17222023010253906
0.5002048015594482
0.186859130859375
0.37969183921813965
0.5153183937072754
0.13914155960083008
0.13982200622558594
0.13990092277526855
0.9672176837921143
0.1406266689300537
0.3991677761077881
0.4031383991241455
0.2794468402862549
0.6228847503662109
0.2904930114746094
0.1980578899383545
0.2570509910583496
0.45803046226501465
0.23256540298461914
0.5005254745483398
0.6413774490356445
0.31627631187438965
0.2701554298400879
0.23581504821777344
0.2523171901702881
0.26615095138549805
0.23925042152404785
0.2441697120666504
0.2867152690887451
0.36412930488586426
0.38769960403442383
0.3307971954345703
0.34440040588378906
0.3293588161468506
0.4197230339050293
0.30154848098754883
0.5401930809020996
0.6074347496032715
0.29935693740844727
0.4095137119293213
0.3583557605743408
0.5562992095947266
0.44457340240478516
0.30785059928894043
0.6782512664794922
0.3601715564727783
0.32239317893981934
0.32002973556518555
0.7270305156707764
0.31905364990234375
0.32878899574279785
0.35524749755859375
0.36016082763671875
0.32828521728515625
0.11262631416320801
0.339888334274292
0.36150646209716797
0.4280123710632324
0.3216207027435303
0.363569974899292
0.3636941909790039
0.19753289222717285
0.3227083683013916
0.3299837112426758
0.3281526565551758
0.1814885139465332
0.37415146827697754
0.38895463943481445
0.357471227645874
0.35181307792663574
0.339153528213501
0.33559727668762207
0.3554565906524658
0.3354182243347168
0.3625147342681885
0.37798452377319336
0.40105271339416504
0.42704057693481445
0.4206681251525879
0.46042323112487793
0.4475984573364258
0.45700693130493164
0.43999600410461426
0.43888068199157715
0.46308350563049316
0.28856492042541504
0.48391222953796387
0.4693431854248047
0.4615011215209961
0.4645674228668213
0.4511401653289795
0.42833733558654785
0.3157947063446045
0.45855212211608887
0.4510054588317871
0.5964081287384033
0.46193742752075195
0.4926164150238037
0.649695634841919
0.4864377975463867
0.3143911361694336
0.45832133293151855
0.45751380920410156
0.44945573806762695
0.45772528648376465
0.46216535568237305
0.4598064422607422
0.459369421005249
0.4844026565551758
0.4986686706542969
0.5046014785766602
0.4772038459777832
0.5182204246520996
0.49921607971191406
0.5039732456207275
0.23297882080078125
0.5797271728515625
0.5200262069702148
0.6201403141021729
0.5154845714569092
0.6575047969818115
0.5318048000335693
0.4905819892883301
0.6326401233673096
0.49340081214904785
0.505892276763916
0.655860185623169
0.6555435657501221
0.5331642627716064
0.4839651584625244
0.5143909454345703
0.6595311164855957
0.5963029861450195
0.5913879871368408
0.6589879989624023
0.48967742919921875
0.4892458915710449
0.47844529151916504
0.5138006210327148
0.5192830562591553
0.5446734428405762
0.4937732219696045
0.49670982360839844
0.5116772651672363
0.6985654830932617
0.506150484085083
0.5066628456115723
0.7160780429840088
0.7261664867401123
0.599062442779541
0.6054177284240723
0.7465851306915283
0.7586147785186768
0.6304574012756348
0.7892851829528809
0.7841708660125732
0.5776410102844238
0.6790730953216553
0.8094758987426758
0.5226073265075684
0.6371948719024658
0.5020561218261719
0.505690336227417
0.9500541687011719
0.5370419025421143
0.6420621871948242
0.8568074703216553
0.7074179649353027
1.0147743225097656
0.6625087261199951
0.7654316425323486
0.8583993911743164
0.64697265625
0.8789370059967041
0.6710464954376221
1.0877037048339844
0.6721484661102295
0.7545642852783203
0.6853969097137451
0.6665353775024414
0.7597076892852783
0.759009599685669
0.6738841533660889
0.8394515514373779
0.9858319759368896
0.7096242904663086
0.7906491756439209
0.728708028793335
1.0215342044830322
0.7345092296600342
0.8893132209777832
0.9152965545654297
1.0604138374328613
0.8618419170379639
0.8090212345123291
0.8884155750274658
1.3180632591247559
0.9307830333709717
1.3909287452697754
1.0665764808654785
1.3253974914550781
1.0180926322937012
0.7863521575927734
1.076129674911499
0.978085994720459
1.3246817588806152
1.1603875160217285
1.4938733577728271
1.263300895690918
1.1485199928283691
1.0450234413146973
1.2538120746612549
1.0739877223968506
1.1593170166015625
1.2483394145965576
1.1775331497192383
1.1924974918365479
1.273909091949463
1.2820804119110107
1.2003202438354492
1.1885662078857422
1.1892709732055664
0.7039291858673096
1.1683337688446045
0.6912963390350342
1.065187692642212
1.0328631401062012
1.373265266418457
1.1374335289001465
0.7000072002410889
1.167729377746582
1.1975440979003906
1.1324889659881592
1.0134286880493164
0.9826617240905762
1.2074882984161377
1.4047651290893555
1.1495201587677002
0.9992885589599609
0.9922513961791992
1.7416529655456543
1.1909725666046143
0.9849519729614258
0.9076001644134521
0.9694223403930664
1.399193286895752
1.2878382205963135
0.9614946842193604
1.1839499473571777
0.9632575511932373
1.2085084915161133
1.3960795402526855
0.8251903057098389
0.8587818145751953
1.3103001117706299
1.3278985023498535
1.168839454650879
0.8486917018890381
0.8421494960784912
0.7858254909515381
1.1756136417388916
0.8440735340118408
1.0896801948547363
0.762725830078125
1.1169006824493408
1.1366736888885498
1.6259214878082275
0.8081374168395996
1.3276500701904297
1.105140209197998
1.1019668579101562
1.0354301929473877
0.799919605255127
1.2843708992004395
0.7738399505615234
1.0949101448059082
0.8033761978149414
0.8765723705291748
0.9393537044525146
1.2396519184112549
1.2732446193695068
1.1214568614959717
0.7665896415710449
0.7683291435241699
1.1872038841247559
1.0684678554534912
0.9688818454742432
0.7463150024414062
1.1581788063049316
1.6005864143371582
1.2574353218078613
1.5553665161132812
0.6731133460998535
1.3417105674743652
0.6739437580108643
1.2546169757843018
0.23150992393493652
1.4952945709228516
0.9414966106414795
0.9129550457000732
1.5139360427856445
0.9540660381317139
0.24547958374023438
1.2295756340026855
0.47763514518737793
0.9696710109710693
1.5864756107330322
1.2299830913543701
1.2462961673736572
0.48885059356689453
0.9183449745178223
0.43222689628601074
0.9105775356292725
0.9235444068908691
1.1778922080993652
0.4542198181152344
0.9258966445922852
0.444793701171875
1.2915136814117432
0.4042961597442627
0.39298081398010254
0.39018797874450684
1.4926209449768066
1.0937914848327637
0.8201229572296143
0.7890965938568115
0.40068554878234863
0.4069788455963135
0.6636548042297363
0.4031095504760742
1.114760160446167
0.6407837867736816
0.40598416328430176
0.4089822769165039
0.40291357040405273
0.5908336639404297
0.4084177017211914
0.41193079948425293
1.38545823097229
0.60005784034729
1.358327865600586
1.3846898078918457
1.412379503250122
0.6396162509918213
0.4144744873046875
1.537696123123169
0.3005855083465576
0.41780638694763184
1.1848957538604736
0.6124305725097656
0.5992436408996582
1.421417236328125
1.6743049621582031
0.565589189529419
0.30567145347595215
0.3267195224761963
1.5476818084716797
1.0490572452545166
1.7403430938720703
0.5470092296600342
1.4228174686431885
0.5907888412475586
1.8458404541015625
1.0365793704986572
1.7228505611419678
0.58685302734375
0.594778299331665
0.8038191795349121
0.5450160503387451
1.066056251525879
0.4343869686126709
0.7847998142242432
0.5548129081726074
0.4573969841003418
0.4426705837249756
0.44294023513793945
0.31958794593811035
0.4377119541168213
1.291565179824829
1.472935676574707
0.4255058765411377
1.7363545894622803
0.41877007484436035
0.5343594551086426
1.482198715209961
0.5244300365447998
1.4808604717254639
0.4081130027770996
0.4207444190979004
0.5353553295135498
0.5191717147827148
0.41378355026245117
0.5528135299682617
0.8694150447845459
0.60024094581604
0.9089205265045166
1.3609731197357178
0.633866548538208
0.40692853927612305
0.5214705467224121
1.8189830780029297
0.5176708698272705
0.5177009105682373
0.6127588748931885
0.27661657333374023
0.45073461532592773
1.643092393875122
0.6192526817321777
0.6189186573028564
0.7291765213012695
1.2407066822052002
0.6717581748962402
0.6276800632476807
0.5206658840179443
0.4629983901977539
0.5189342498779297
0.4593980312347412
1.1935091018676758
0.46765780448913574
0.28395700454711914
0.6204311847686768
1.4106590747833252
0.6403427124023438
0.6039383411407471
0.36835312843322754
0.5228176116943359
1.7909293174743652
0.5268361568450928
0.5251235961914062
0.6313419342041016
1.7247588634490967
0.5843462944030762
0.6975080966949463
0.7751426696777344
0.5342521667480469
0.6237521171569824
0.5338306427001953
0.6014900207519531
0.7357995510101318
0.28337883949279785
0.4577486515045166
0.4542076587677002
0.6241326332092285
1.0637907981872559
0.5364444255828857
0.6878082752227783
0.45917272567749023
0.8581345081329346
0.6135177612304688
0.6379473209381104
0.607064962387085
0.7546095848083496
0.539379358291626
0.6181578636169434
0.45716285705566406
0.288379430770874
0.6564574241638184
0.6581566333770752
0.46665215492248535
0.6748669147491455
0.6055099964141846
0.5299298763275146
0.36131763458251953
0.6442599296569824
0.6764440536499023
0.6050841808319092
0.47458457946777344
0.48102235794067383
0.6565232276916504
0.6796648502349854
0.5240523815155029
0.5324385166168213
0.5935351848602295
0.2964658737182617
0.5727779865264893
0.4965643882751465
0.7519257068634033
0.35271620750427246
0.4829978942871094
0.4863088130950928
0.48342299461364746
0.4853372573852539
0.8568158149719238
0.41109800338745117
0.9771912097930908
0.484508752822876
0.4917149543762207
0.4882519245147705
0.4944479465484619
0.4927942752838135
0.5514271259307861
0.4924302101135254
1.786930799484253
0.5859942436218262
0.4970109462738037
0.5476791858673096
0.4954493045806885
0.5448410511016846
0.5967333316802979
0.5035998821258545
0.596423864364624
0.49660658836364746
0.2977151870727539
0.49056291580200195
0.59389328956604
0.7638108730316162
0.46076440811157227
0.7064208984375
0.5300514698028564
0.766956090927124
0.48247742652893066
0.35843777656555176
0.5561778545379639
0.7237281799316406
0.7047913074493408
0.76898193359375
0.7554411888122559
0.6695523262023926
0.6424746513366699
0.2971622943878174
0.4921302795410156
0.6083633899688721
0.6776318550109863
0.5496253967285156
1.026146650314331
0.5242819786071777
0.6756532192230225
0.27385735511779785
0.7225768566131592
0.48566627502441406
0.30088019371032715
0.7299156188964844
0.4877011775970459
0.49974751472473145
0.580075740814209
0.5371713638305664
0.2648141384124756
0.49283552169799805
0.2570223808288574
0.5432124137878418
0.7303376197814941
0.5248878002166748
0.49234700202941895
0.49486255645751953
1.7228505611419678
0.58685302734375
0.49913930892944336
0.26643848419189453
0.2629702091217041
0.5093379020690918
0.4983944892883301
0.5071709156036377
0.5079524517059326
0.563215970993042
0.49461841583251953
0.492717981338501
0.6764016151428223
0.27626776695251465
0.5058174133300781
0.6442599296569824
0.5021240711212158
0.576484203338623
0.5237953662872314
0.512164831161499
0.5028934478759766
0.5012993812561035
0.7340037822723389
0.5968260765075684
0.5035855770111084
0.5402295589447021
0.6312017440795898
0.5106678009033203
0.529217004776001
0.5208015441894531
1.179394245147705
0.5318775177001953
0.5050637722015381
0.280590295791626
0.5118324756622314
0.5259408950805664
0.27527832984924316
0.5105741024017334
0.514073371887207
0.5191686153411865
0.5048418045043945
0.5455937385559082
0.5069129467010498
0.5208015441894531
0.5270352363586426
0.7107510566711426
0.851529598236084
0.5943377017974854
0.5104448795318604
0.7851192951202393
0.49161267280578613
0.5057733058929443
0.49903225898742676
0.7685723304748535
0.722959041595459
0.9451603889465332
0.5012679100036621
0.49857163429260254
0.4998197555541992
0.5078988075256348
0.2808983325958252
0.7354063987731934
0.496640682220459
0.503612756729126
0.751375675201416
0.4976468086242676
0.4984440803527832
0.7223458290100098
0.7877886295318604
0.5003275871276855
0.4995408058166504
0.7527279853820801
0.5029184818267822
0.5015382766723633
0.49944043159484863
0.4963061809539795
0.4939918518066406
0.4969334602355957
0.494189977645874
0.7286179065704346
0.4943082332611084
0.494861364364624
0.4967670440673828
0.4961826801300049
0.4987325668334961
0.758049488067627
0.5092592239379883
0.9377105236053467
0.4970710277557373
0.7431783676147461
0.4938807487487793
0.49071431159973145
0.7496881484985352
0.49634718894958496
0.4953927993774414
0.7365834712982178
0.49998998641967773
0.5062415599822998
0.741520881652832
0.7634687423706055
0.5038418769836426
0.4968132972717285
0.5124294757843018
0.4937281608581543
0.7725503444671631
0.4991757869720459
0.2522616386413574
0.4945950508117676
0.2439892292022705
0.49723148345947266
0.5009572505950928
0.5047726631164551
0.5039925575256348
0.5071723461151123
0.25258684158325195
0.2514803409576416
0.49604177474975586
0.25496768951416016
0.25549817085266113
0.512091875076294
0.4962902069091797
0.49872636795043945
0.5136406421661377
0.5113110542297363
0.5085303783416748
0.5073630809783936
0.5115706920623779
0.5074703693389893
0.5064125061035156
0.5035014152526855
0.4985175132751465
0.4946174621582031
0.5005381107330322
0.504070520401001
1.0043165683746338
0.2475271224975586
0.23752522468566895
0.4907231330871582
0.49212026596069336
0.5013697147369385
0.49527931213378906
1.0959620475769043
0.4969627857208252
0.4986555576324463
0.5010058879852295
0.24554443359375
0.503803014755249
0.506256103515625
0.24805903434753418
0.5071117877960205
0.49260854721069336
0.4896354675292969
0.4861009120941162
0.4979076385498047
0.48737549781799316
0.48773717880249023
0.24419569969177246
0.49295973777770996
0.4911472797393799
0.49094319343566895
0.49031829833984375
0.48526573181152344
0.48502039909362793
0.48140811920166016
0.47725653648376465
0.49411821365356445
0.499525785446167
0.2647891044616699
0.5063574314117432
0.5091421604156494
0.7535285949707031
0.5080509185791016
0.4998779296875
0.500680685043335
0.272186279296875
0.5096609592437744
0.7698962688446045
0.5254480838775635
0.7654192447662354
0.764629602432251
0.29057955741882324
0.29929518699645996
0.5205888748168945
0.5316562652587891
0.5277364253997803
0.5325441360473633
0.3684542179107666
0.541877269744873
0.5234024524688721
0.517533540725708
0.304182767868042
0.5327563285827637
0.5300197601318359
0.5240068435668945
0.5309605598449707
0.5319719314575195
0.5307254791259766
0.5303707122802734
0.5199077129364014
0.5136640071868896
0.5207877159118652
0.5205812454223633
0.2975952625274658
0.5253086090087891
0.5285632610321045
0.5283572673797607
0.525723934173584
0.7759637832641602
0.775256872177124
0.5311582088470459
0.5312480926513672
0.532214879989624
0.7824664115905762
0.5353238582611084
0.30857348442077637
0.5294547080993652
0.5364947319030762
0.5312390327453613
0.5293745994567871
0.3065674304962158
0.533383846282959
0.7754223346710205
0.7783558368682861
0.5383787155151367
0.2992377281188965
0.5364758968353271
0.5404832363128662
0.2979741096496582
0.30283212661743164
0.31583237648010254
0.5174298286437988
0.5215640068054199
0.284487247467041
0.5673801898956299
0.27902817726135254
0.26345062255859375
0.526970624923706
0.5335969924926758
0.5181336402893066
0.2703871726989746
0.5795331001281738
1.0016322135925293
0.5203628540039062
0.5200302600860596
0.7575507164001465
0.5881695747375488
0.6237344741821289
0.7423598766326904
0.752173900604248
0.5085761547088623
0.6118912696838379
0.5327825546264648
0.26887941360473633
0.5209414958953857
0.5668151378631592
0.6383273601531982
0.604222297668457
0.6076805591583252
0.6165192127227783
0.7545979022979736
0.5230720043182373
0.5612773895263672
0.2587130069732666
0.7979209423065186
0.56302809715271
0.7371411323547363
0.25525665283203125
0.54183030128479
0.2564396858215332
0.7332565784454346
0.2762472629547119
0.7493724822998047
0.5757045745849609
0.6433734893798828
0.5433719158172607
0.24497032165527344
0.27681994438171387
0.2590780258178711
0.7528717517852783
0.6464159488677979
0.6502854824066162
0.7571287155151367
0.5663917064666748
0.32584309577941895
0.06453347206115723
0.6544647216796875
0.77642822265625
0.2710082530975342
0.29979968070983887
0.6249127388000488
0.559929609298706
0.2732679843902588
0.5668046474456787
0.6763875484466553
0.3717997074127197
0.8992741107940674
0.6757829189300537
0.8274831771850586
0.7978410720825195
0.6209120750427246
1.0246312618255615
0.7901825904846191
0.9166431427001953
0.5285933017730713
0.8266422748565674
0.49238061904907227
0.7738518714904785
0.7010860443115234
1.0315930843353271
0.532111406326294
0.6542782783508301
0.5484189987182617
0.5719947814941406
0.7908687591552734
0.653860330581665
0.49864673614501953
0.8113341331481934
0.29057955741882324
0.7878491878509521
0.5218181610107422
0.6943306922912598
0.5467073917388916
0.29358339309692383
0.7917864322662354
0.8544723987579346
0.5304234027862549
0.5287308692932129
0.5271375179290771
0.8278133869171143
0.5674753189086914
0.5443081855773926
0.5981950759887695
0.8300197124481201
0.5794994831085205
0.5827956199645996
0.8242952823638916
0.5495517253875732
0.3237631320953369
0.6389100551605225
0.924349308013916
0.5354182720184326
0.5285811424255371
0.4991171360015869
0.877321720123291
0.28505635261535645
0.5373423099517822
0.5970077514648438
1.3196768760681152
0.3329281806945801
0.29703497886657715
0.553307294845581
0.5322103500366211
0.5660896301269531
0.5361380577087402
0.5302436351776123
0.6172990798950195
0.5312817096710205
0.3048584461212158
0.30646681785583496
0.33946919441223145
0.5415291786193848
0.3006935119628906
0.6168332099914551
0.5411288738250732
0.3363466262817383
0.5823690891265869
0.6418318748474121
0.8564362525939941
0.5675404071807861
0.5491135120391846
1.0875434875488281
1.059352159500122
0.6390478610992432
0.9010360240936279
0.784930944442749
0.5568780899047852
1.0085334777832031
0.579359769821167
0.5746991634368896
1.070685863494873
0.45915985107421875
0.5791237354278564
0.2992594242095947
1.059267282485962
0.5886270999908447
0.788550615310669
0.6090302467346191
0.7105636596679688
0.5604956150054932
0.5797579288482666
1.0685062408447266
0.8370180130004883
0.7791860103607178
0.564326286315918
1.0660004615783691
0.5874588489532471
0.6205508708953857
0.7905290126800537
0.5724132061004639
0.7205674648284912
1.0517032146453857
0.7725892066955566
0.5939435958862305
0.3539621829986572
0.8221073150634766
0.8583469390869141
0.5689327716827393
0.5471751689910889
0.5323793888092041
0.8160302639007568
0.5365633964538574
0.5594606399536133
0.5302903652191162
0.7891757488250732
0.5547006130218506
0.7883622646331787
0.5607192516326904
0.5549452304840088
0.5615689754486084
0.7917838096618652
0.5642893314361572
0.5426239967346191
0.5497293472290039
0.5499472618103027
0.7865617275238037
0.5602774620056152
0.556175708770752
0.5601282119750977
0.5768780708312988
0.2963283061981201
0.542766809463501
0.5388269424438477
0.5413877964019775
0.5700840950012207
0.5493960380554199
1.060793399810791
0.9418878555297852
0.5560824871063232
0.5631577968597412
0.5668368339538574
0.5594031810760498
0.29711246490478516
1.0714809894561768
0.559978723526001
0.6030380725860596
0.5531339645385742
0.6035232543945312
0.599585771560669
0.9813361167907715
0.5860536098480225
0.3279235363006592
0.8513712882995605
1.2140424251556396
0.8083028793334961
0.31126880645751953
0.3007969856262207
1.0507488250732422
0.5376620292663574
0.5659728050231934
0.32576894760131836
0.31848955154418945
0.9101400375366211
0.35851025581359863
0.29920506477355957
0.2916698455810547
0.30687594413757324
0.8347806930541992
1.1916751861572266
0.8644235134124756
0.2998340129852295
1.364797830581665
0.839616060256958
1.086564302444458
0.8193721771240234
0.2933075428009033
0.29378747940063477
0.5399007797241211
0.6548333168029785
0.30266857147216797
0.31061840057373047
0.3080573081970215
0.6612293720245361
0.4282686710357666
0.6739144325256348
0.2755250930786133
0.5582315921783447
0.37775683403015137
1.0588586330413818
0.6874485015869141
0.281829833984375
0.293956995010376
0.556898832321167
0.5587244033813477
0.39659547805786133
0.5653173923492432
0.3022346496582031
0.8180017471313477
0.6717913150787354
0.5995171070098877
0.5848643779754639
1.234187364578247
0.6587083339691162
0.28623318672180176
0.3302454948425293
0.827646017074585
0.6952869892120361
0.2964596748352051
0.5665922164916992
0.6658236980438232
0.598679780960083
0.8058254718780518
0.5629894733428955
0.30620265007019043
0.28029513359069824
0.591134786605835
0.36791515350341797
0.635613203048706
0.8497500419616699
0.5595741271972656
0.6261732578277588
0.6438052654266357
0.6766993999481201
0.7142524719238281
0.8114557266235352
0.5881180763244629
0.7089841365814209
0.5548977851867676
0.806964635848999
0.3828089237213135
0.422332763671875
0.5511653423309326
0.5554864406585693
0.67582106590271
0.5808300971984863
0.619408369064331
1.1784107685089111
0.8102931976318359
0.6111977100372314
0.7343862056732178
0.7934427261352539
0.5414881706237793
0.5525345802307129
0.5253996849060059
0.6562881469726562
0.5219244956970215
0.8037400245666504
0.8013980388641357
0.28832507133483887
0.5247044563293457
0.7945890426635742
0.8020329475402832
0.6158699989318848
0.2721402645111084
0.5256991386413574
1.0789093971252441
0.832916259765625
0.5514936447143555
0.5503756999969482
1.0781588554382324
0.5510520935058594
0.8337178230285645
0.8079147338867188
0.5339162349700928
0.52211594581604
0.78155517578125
0.5252211093902588
0.5215122699737549
0.5211648941040039
0.5291597843170166
0.8115139007568359
1.345311164855957
0.8389854431152344
0.5435822010040283
0.2931215763092041
0.5528445243835449
1.0532546043395996
0.48076915740966797
0.47414398193359375
0.4606969356536865
0.4489758014678955
0.7098376750946045
0.6838505268096924
0.9945392608642578
0.46297383308410645
0.46140503883361816
0.4471316337585449
0.7529745101928711
0.6886794567108154
0.45840001106262207
0.48191165924072266
0.44572997093200684
0.698441743850708
1.4711172580718994
0.8411757946014404
1.2038872241973877
1.0037686824798584
0.4762399196624756
1.0631651878356934
0.7818408012390137
0.9782423973083496
0.4781050682067871
1.2534806728363037
1.048508882522583
0.7602770328521729
0.7928600311279297
1.3651573657989502
0.4878520965576172
0.5071911811828613
0.5303575992584229
1.777780294418335
0.7519247531890869
0.8658814430236816
0.48345303535461426
0.9748928546905518
0.8255577087402344
0.49400925636291504
0.795910120010376
0.5066928863525391
0.5077791213989258
0.5112109184265137
0.7736570835113525
1.0064091682434082
0.7154788970947266
1.0799479484558105
1.2349119186401367
0.9006826877593994
0.5257556438446045
0.8053853511810303
0.8711137771606445
0.8942680358886719
0.5324828624725342
0.49128150939941406
1.002748727798462
0.8990986347198486
0.6021809577941895
0.7432684898376465
0.9973788261413574
0.7441525459289551
0.7287230491638184
0.8084027767181396
0.9983699321746826
1.2498970031738281
0.504218339920044
0.33769869804382324
0.3371915817260742
1.246058464050293
0.7261180877685547
0.9916050434112549
0.9280848503112793
0.9989469051361084
0.3751680850982666
0.3590984344482422
0.3510012626647949
0.35449695587158203
0.8376309871673584
0.3551206588745117
0.8052961826324463
0.7524857521057129
0.7708315849304199
0.8051414489746094
0.8808310031890869
1.1004266738891602
1.1020009517669678
0.686682939529419
0.9944124221801758
0.9312372207641602
0.8908669948577881
1.0045082569122314
0.8635587692260742
1.0959064960479736
0.45777249336242676
0.7456400394439697
0.9891071319580078
0.785731315612793
0.7984278202056885
0.785750150680542
0.7546689510345459
0.7526240348815918
0.7567756175994873
1.541447639465332
1.0576837062835693
0.7795679569244385
1.2769978046417236
0.832017183303833
1.2809741497039795
0.7497475147247314
0.7786085605621338
0.812403678894043
0.7529435157775879
0.7507696151733398
0.7555980682373047
0.7547183036804199
0.7537598609924316
1.0441110134124756
0.8535594940185547
1.2416644096374512
0.7508339881896973
0.8478748798370361
1.0732083320617676
1.176041841506958
0.7790582180023193
1.1173317432403564
0.792320966720581
1.0258362293243408
1.0364060401916504
0.7839915752410889
0.8893346786499023
1.1257948875427246
0.7361726760864258
1.3003818988800049
0.769775390625
1.0112202167510986
0.7353522777557373
1.2800962924957275
1.2632808685302734
0.7392709255218506
0.9987916946411133
0.5698225498199463
0.9857912063598633
0.5951426029205322
1.2674286365509033
0.8500869274139404
1.2564961910247803
0.6180083751678467
0.5794439315795898
0.604684591293335
1.304814338684082
1.1332530975341797
0.9843363761901855
0.569286584854126
0.5535216331481934
0.5677485466003418
0.5879063606262207
0.591759443283081
0.2888660430908203
0.5471611022949219
0.5453038215637207
0.5456466674804688
0.543449878692627
0.5418508052825928
0.5427124500274658
0.5462257862091064
0.6040403842926025
0.5516302585601807
0.5531294345855713
0.6305687427520752
0.5461840629577637
0.5412802696228027
0.5449275970458984
0.5445022583007812
0.5451076030731201
0.5426766872406006
0.547307014465332
0.5511856079101562
1.2587225437164307
0.5545997619628906
0.5525438785552979
0.5462901592254639
0.5529627799987793
0.5592372417449951
1.1204702854156494
0.2627222537994385
0.5503814220428467
0.26302337646484375
0.5531330108642578
0.5599172115325928
0.5545556545257568
0.26409125328063965
1.4204719066619873
0.5405588150024414
0.5407631397247314
0.5399446487426758
0.5465621948242188
0.5529494285583496
1.2407686710357666
0.5468955039978027
0.5366513729095459
0.527301549911499
0.9576640129089355
0.5218181610107422
0.5211269855499268
0.5159769058227539
0.5112879276275635
0.5122320652008057
0.5101666450500488
0.5166816711425781
0.5136349201202393
0.5338783264160156
0.5107450485229492
0.27411484718322754
0.8345246315002441
0.5685410499572754
0.8095030784606934
0.5429768562316895
0.546715259552002
0.5505447387695312
0.5440187454223633
0.5396819114685059
0.275820255279541
0.2802441120147705
0.5366969108581543
0.5490036010742188
0.556572437286377
0.5565955638885498
0.5514049530029297
0.5484626293182373
0.5619971752166748
0.3084235191345215
0.5576515197753906
0.5687036514282227
0.5657570362091064
0.5768859386444092
0.8712818622589111
0.5936319828033447
1.8716599941253662
0.588629961013794
0.588047981262207
0.579364538192749
0.5824763774871826
0.578970193862915
0.5821709632873535
0.5814218521118164
0.5858457088470459
0.5608642101287842
0.3343794345855713
0.3270707130432129
0.3244895935058594
0.3347327709197998
0.5834159851074219
0.34299778938293457
0.8163471221923828
0.34302496910095215
0.3331031799316406
0.35576558113098145
0.7989397048950195
0.34220314025878906
0.34483814239501953
0.601402759552002
0.3445911407470703
0.7734055519104004
0.5779445171356201
0.30980706214904785
0.5701415538787842
0.2919189929962158
0.7940905094146729
0.40493321418762207
0.7706551551818848
0.5532128810882568
0.7791285514831543
0.4233429431915283
0.31096768379211426
0.7591938972473145
0.5897862911224365
0.5268828868865967
0.7626090049743652
1.0444750785827637
0.2725818157196045
0.35759568214416504
0.578301191329956
0.5561351776123047
0.6055707931518555
0.7270810604095459
0.7222096920013428
0.7611136436462402
0.3568401336669922
0.6609184741973877
0.7879476547241211
0.6954586505889893
0.5775268077850342
0.6563677787780762
0.7337913513183594
0.9613993167877197
0.733330249786377
0.7030425071716309
0.23799586296081543
0.2537212371826172
0.7636339664459229
0.7142877578735352
0.33281803131103516
0.9555191993713379
0.8089988231658936
0.7063314914703369
0.4759254455566406
1.2048454284667969
0.4330565929412842
0.3975942134857178
1.0257658958435059
0.8483037948608398
0.49607372283935547
0.35098814964294434
0.8453311920166016
0.856006383895874
0.8798356056213379
0.34818077087402344
0.9053606986999512
0.8092765808105469
0.28728675842285156
0.7303926944732666
0.6874103546142578
0.7290706634521484
0.8883805274963379
0.5423519611358643
0.8060853481292725
0.7782626152038574
0.29373741149902344
0.5598466396331787
0.896141767501831
0.7334184646606445
0.41242527961730957
0.8033478260040283
0.27533411979675293
0.6962003707885742
0.9310667514801025
0.878272533416748
0.28562450408935547
0.28656983375549316
0.8048105239868164
0.8792057037353516
0.7477514743804932
0.9776101112365723
0.48842358589172363
0.7057223320007324
0.2979617118835449
0.927342414855957
0.48331189155578613
0.960536003112793
0.881890058517456
0.3123941421508789
0.30532407760620117
1.030853509902954
1.0300202369689941
0.4841179847717285
0.5144631862640381
0.3045969009399414
0.9075605869293213
0.979257345199585
0.30845141410827637
1.0034534931182861
1.104161024093628
0.44525647163391113
0.6263630390167236
0.49569129943847656
0.5020227432250977
0.628772497177124
0.3325841426849365
0.4270644187927246
0.33942246437072754
0.43322324752807617
1.0650618076324463
0.8825278282165527
0.9446253776550293
0.32366442680358887
1.0233793258666992
1.1668272018432617
1.3042213916778564
0.9914956092834473
0.31826233863830566
0.42811083793640137
0.47479915618896484
0.6014418601989746
0.8075528144836426
0.5628659725189209
0.5550012588500977
0.7784349918365479
0.33037900924682617
1.025057077407837
1.0393872261047363
0.486081600189209
1.210251808166504
0.4903442859649658
0.6160106658935547
0.49309515953063965
1.2054479122161865
0.827263355255127
1.0454342365264893
0.34107398986816406
0.4964485168457031
0.3457908630371094
1.1180729866027832
1.313683271408081
0.7313354015350342
1.1732103824615479
1.307511329650879
0.5721700191497803
1.2560820579528809
0.5142464637756348
1.1956310272216797
0.9070498943328857
0.5209834575653076
0.5848803520202637
1.391662836074829
0.7534546852111816
1.1471779346466064
1.2459907531738281
0.9345548152923584
1.3239386081695557
0.58453369140625
1.1382052898406982
0.5850257873535156
0.5214920043945312
0.6613094806671143
0.5871338844299316
0.5040192604064941
0.6226305961608887
0.8340566158294678
0.5112264156341553
1.225329875946045
0.7512013912200928
1.2048454284667969
0.5885345935821533
1.1858577728271484
0.531358003616333
0.3083803653717041
0.720649242401123
0.60371994972229
1.2523105144500732
0.517744779586792
0.43426942825317383
0.5224430561065674
1.4689092636108398
0.852806568145752
0.7016022205352783
0.35084056854248047
0.5463550090789795
0.5827276706695557
1.025033712387085
0.35614848136901855
0.5202631950378418
0.5255799293518066
0.568699836730957
0.5215933322906494
0.5431830883026123
0.5648727416992188
0.5608642101287842
0.5410351753234863
0.7127370834350586
0.5252220630645752
0.5325944423675537
0.5287144184112549
0.5502231121063232
0.5290238857269287
0.5507810115814209
0.7540278434753418
0.5288352966308594
0.585054874420166
0.5270557403564453
0.28060483932495117
0.732682466506958
0.7989630699157715
0.5361073017120361
0.7947344779968262
0.5512216091156006
0.5399534702301025
0.5347325801849365
0.6257772445678711
1.188563585281372
1.0252504348754883
0.2706565856933594
0.7857961654663086
0.5308945178985596
0.7843925952911377
1.0108070373535156
0.9698061943054199
0.5265376567840576
0.5246317386627197
1.1392414569854736
0.8834400177001953
0.5988814830780029
0.5376789569854736
1.189742088317871
0.535367488861084
0.9158017635345459
0.6481273174285889
1.6451117992401123
0.27312541007995605
0.7417593002319336
0.5394759178161621
0.2702522277832031
1.130758285522461
1.1397461891174316
0.5258655548095703
0.26031970977783203
0.543729305267334
0.2677145004272461
0.5730719566345215
1.5836217403411865
0.516716718673706
0.7350504398345947
0.2551865577697754
0.8958580493927002
0.5203719139099121
0.5138232707977295
0.5191717147827148
1.0804400444030762
0.5201189517974854
0.7545962333679199
0.509716272354126
0.5064291954040527
0.7956752777099609
0.5024621486663818
0.06989336013793945
0.2715625762939453
0.5333218574523926
0.5331988334655762
0.7677381038665771
0.7861497402191162
0.5405838489532471
0.533771276473999
0.5131912231445312
0.5360877513885498
0.5676133632659912
0.5410764217376709
0.5453453063964844
0.5497462749481201
0.28027772903442383
0.7892665863037109
0.5472583770751953
0.543076753616333
0.5460474491119385
1.032869577407837
0.538628339767456
0.28978943824768066
0.5474967956542969
0.5473763942718506
0.2871685028076172
0.5473759174346924
0.9990768432617188
1.0088160037994385
0.2680685520172119
0.7779626846313477
0.26915431022644043
0.2686655521392822
0.26818299293518066
0.5228030681610107
0.497830867767334
0.5648131370544434
0.7552647590637207
0.7460715770721436
0.759502649307251
0.7523560523986816
0.32721447944641113
0.8267021179199219
0.744065523147583
0.34002065658569336
0.5910956859588623
0.7557933330535889
0.333998441696167
1.0665440559387207
0.7699582576751709
0.35968661308288574
0.6592481136322021
0.39583444595336914
0.6511731147766113
0.7869341373443604
0.44709110260009766
0.7867071628570557
0.5986168384552002
0.3489072322845459
0.8027865886688232
0.4252941608428955
0.34602999687194824
0.4520726203918457
0.8979969024658203
0.6419179439544678
0.31587910652160645
0.3886423110961914
0.9981095790863037
0.3150818347930908
0.6339607238769531
0.8094732761383057
0.7528173923492432
0.5144927501678467
0.8105247020721436
0.9711093902587891
0.5910751819610596
0.6165845394134521
0.8285167217254639
0.5869481563568115
0.7840659618377686
0.31787872314453125
0.5149266719818115
0.5781066417694092
0.3847661018371582
0.5308182239532471
0.504631519317627
0.8680126667022705
0.8072628974914551
0.32750844955444336
0.3179645538330078
0.8031251430511475
0.9129791259765625
0.6667449474334717
0.6706759929656982
0.5495140552520752
1.1609833240509033
0.5268869400024414
0.3961644172668457
0.7333428859710693
0.2861757278442383
0.7523577213287354
0.48040294647216797
0.7987339496612549
0.712756872177124
0.2751154899597168
0.5444769859313965
0.2862813472747803
1.6263179779052734
0.27480196952819824
0.7490706443786621
0.903662919998169
0.7676963806152344
0.7529082298278809
0.619084358215332
0.8694562911987305
0.5255153179168701
0.6901075839996338
0.9288110733032227
0.6103622913360596
0.8587923049926758
0.8991842269897461
0.43427109718322754
0.9244189262390137
0.5506672859191895
0.6189758777618408
0.5267326831817627
0.7710115909576416
0.7319269180297852
0.9764959812164307
1.0170042514801025
0.8811938762664795
1.0691452026367188
0.9647071361541748
0.7108805179595947
0.6915571689605713
1.1224403381347656
0.8994438648223877
0.59159255027771
0.589813232421875
0.5842888355255127
1.0334837436676025
0.8613545894622803
0.4551808834075928
0.9364805221557617
0.36435556411743164
0.8350443840026855
0.7050824165344238
0.7009897232055664
1.0920915603637695
1.0584332942962646
0.8751010894775391
0.5390846729278564
1.1593070030212402
0.5805096626281738
0.8021283149719238
0.5913839340209961
0.6907544136047363
1.2037444114685059
0.4481358528137207
1.0423102378845215
0.862506628036499
1.1731774806976318
1.078505516052246
0.7704508304595947
0.6856749057769775
0.5014448165893555
0.5061132907867432
0.9919028282165527
0.9665119647979736
0.36661863327026367
1.169600009918213
0.980492115020752
0.7918250560760498
0.6854453086853027
0.955413818359375
0.6740283966064453
0.6449739933013916
0.6738169193267822
0.6278064250946045
0.5767006874084473
0.5801761150360107
0.5765795707702637
1.1898410320281982
0.5283248424530029
0.5310039520263672
0.5255172252655029
0.5333266258239746
0.5773391723632812
1.4153354167938232
1.1823556423187256
0.34978604316711426
0.5820865631103516
0.8982784748077393
0.5284717082977295
0.5905799865722656
0.5900931358337402
1.3237311840057373
0.5295240879058838
0.5865223407745361
0.8389871120452881
1.0816149711608887
0.53409743309021
0.6286630630493164
1.2493000030517578
0.6291186809539795
1.2384669780731201
0.9095377922058105
0.5260083675384521
0.5424985885620117
1.0326673984527588
0.5257840156555176
1.6999249458312988
0.5292260646820068
0.8524265289306641
0.5341639518737793
0.36240243911743164
0.6228094100952148
0.35701847076416016
0.31201839447021484
0.48526573181152344
1.081786870956421
1.1465134620666504
0.5589215755462646
0.5392050743103027
0.3025679588317871
1.027186632156372
0.5419318675994873
0.5418555736541748
0.5417451858520508
0.7288956642150879
0.5460176467895508
0.5389101505279541
0.5341973304748535
0.5376033782958984
0.5365591049194336
0.8000271320343018
0.7744221687316895
0.5491266250610352
0.5481090545654297
0.8065900802612305
0.5356042385101318
0.534473180770874
0.5349941253662109
0.27796077728271484
0.5408816337585449
1.2761249542236328
0.7962963581085205
0.5491290092468262
0.5508577823638916
0.30274319648742676
0.5372517108917236
0.536414623260498
0.53385329246521
0.5344576835632324
0.5349326133728027
0.5254459381103516
0.5385763645172119
0.5294961929321289
0.5289521217346191
0.5262413024902344
0.5175385475158691
0.5312535762786865
0.5230350494384766
0.5253994464874268
0.5327911376953125
0.845710039138794
0.5344424247741699
0.75760817527771
1.1597931385040283
0.8097548484802246
0.529505729675293
0.6669566631317139
0.5307660102844238
0.026835203170776367
1.4197452068328857
0.8413894176483154
0.5348484516143799
0.9103024005889893
0.8415162563323975
0.8171567916870117
1.5028481483459473
0.27510762214660645
0.7790770530700684
0.8084280490875244
0.5359270572662354
0.5385749340057373
0.5383257865905762
0.5414814949035645
0.7949988842010498
0.28475403785705566
0.5471327304840088
0.5446994304656982
0.5400478839874268
0.5375964641571045
0.5366172790527344
0.824699878692627
0.5398063659667969
0.9719562530517578
0.54148268699646
0.7930927276611328
0.6304011344909668
0.5422449111938477
0.5370023250579834
0.5352778434753418
0.5389511585235596
0.5347471237182617
0.5394198894500732
0.5432009696960449
0.5541534423828125
0.7944846153259277
0.5370957851409912
0.5359499454498291
0.5529308319091797
0.5601637363433838
0.5637476444244385
0.5547811985015869
0.5604197978973389
0.5467751026153564
0.58669114112854
0.31378936767578125
0.606475830078125
0.6174497604370117
0.6071300506591797
0.3460569381713867
0.6191086769104004
0.608543872833252
0.6067461967468262
0.16128873825073242
0.8668441772460938
0.612443208694458
0.47353601455688477
0.3403589725494385
0.6188974380493164
0.3512542247772217
0.8521742820739746
0.3299384117126465
1.5341994762420654
0.3270835876464844
1.20412015914917
0.6101226806640625
0.5869863033294678
0.5927674770355225
0.6600067615509033
0.5787498950958252
0.3196713924407959
0.2950444221496582
1.519132137298584
0.32479381561279297
0.5832843780517578
0.5722641944885254
0.5674686431884766
1.1011505126953125
0.6807894706726074
0.5849723815917969
0.5748980045318604
0.3083209991455078
0.672457218170166
0.33121490478515625
0.3167412281036377
0.30071187019348145
0.8133869171142578
0.8068304061889648
0.31220555305480957
0.3591654300689697
0.36575865745544434
0.5652902126312256
0.6760711669921875
0.2952721118927002
0.7257537841796875
0.7961421012878418
0.6068520545959473
0.33956265449523926
0.7948324680328369
0.6520943641662598
0.27514028549194336
0.27549004554748535
0.6491985321044922
0.5361840724945068
0.4707026481628418
0.8071460723876953
0.6007370948791504
0.635596752166748
0.6729307174682617
0.8021883964538574
0.39164018630981445
2.1540844440460205
0.5523800849914551
0.7460646629333496
0.22418498992919922
0.6029036045074463
0.549048900604248
0.6978127956390381
0.6063284873962402
0.6422688961029053
0.8360097408294678
0.6304018497467041
0.6689894199371338
0.5113942623138428
0.2649497985839844
0.35714006423950195
0.63472580909729
0.6098508834838867
0.6863410472869873
0.5694572925567627
0.7873961925506592
0.768791675567627
1.0017268657684326
0.9944579601287842
0.576042652130127
1.073049545288086
0.9821732044219971
0.5831496715545654
0.29772210121154785
0.7195537090301514
0.2594263553619385
0.7545230388641357
0.2689809799194336
0.47182416915893555
0.9637486934661865
0.5533554553985596
0.2719705104827881
0.7020688056945801
0.9180526733398438
0.5034418106079102
0.7502262592315674
0.7436797618865967
0.7627878189086914
0.6396257877349854
0.2719917297363281
0.9832563400268555
0.5353503227233887
0.24904704093933105
0.2526736259460449
0.9861958026885986
0.30852794647216797
0.6865806579589844
0.25873851776123047
0.25715112686157227
0.4704878330230713
0.7166872024536133
0.5960767269134521
0.4444305896759033
0.44753265380859375
0.9272096157073975
0.6823990345001221
0.2576627731323242
0.7859153747558594
0.7341065406799316
0.8993358612060547
0.6560213565826416
0.41547727584838867
0.7529985904693604
0.8860867023468018
0.7973282337188721
0.8666074275970459
0.7933058738708496
0.9104585647583008
0.9839498996734619
0.8066353797912598
0.477022647857666
0.493563175201416
0.9511537551879883
0.4954352378845215
1.2044262886047363
0.35137343406677246
0.3729410171508789
0.5036625862121582
0.49776506423950195
0.6084139347076416
0.4585144519805908
0.45885539054870605
1.1994407176971436
1.0137956142425537
0.6673929691314697
0.4656045436859131
1.074277400970459
0.5122370719909668
0.4897737503051758
0.5624914169311523
0.5762677192687988
0.7153034210205078
0.4422183036804199
0.44577550888061523
0.4097330570220947
0.8427398204803467
0.5122768878936768
0.4476497173309326
0.3271338939666748
0.5020217895507812
1.0718672275543213
0.5978996753692627
0.3213677406311035
0.29459404945373535
0.3876681327819824
0.5209381580352783
0.9242386817932129
0.30860447883605957
0.3081786632537842
0.4961967468261719
0.5065982341766357
0.48657846450805664
0.5991549491882324
0.678152322769165
0.5974628925323486
0.8751730918884277
0.9248843193054199
0.2981114387512207
0.5619163513183594
0.5027995109558105
1.3318085670471191
0.5776119232177734
0.3196380138397217
0.7499244213104248
0.5056846141815186
0.5123088359832764
0.6740233898162842
0.8849034309387207
0.5956935882568359
0.7968392372131348
0.7822773456573486
0.594984769821167
0.5415875911712646
0.7182912826538086
0.7045097351074219
1.0088810920715332
0.6085915565490723
0.5393533706665039
0.7000863552093506
0.5402464866638184
0.3893282413482666
0.510810136795044
0.3323659896850586
0.34520864486694336
0.3440096378326416
0.5383970737457275
0.603386402130127
1.2415399551391602
0.7097384929656982
0.8688755035400391
0.42789554595947266
0.6366395950317383
0.49169230461120605
0.6019389629364014
0.6927554607391357
0.625826358795166
0.9030947685241699
0.31217193603515625
0.42617344856262207
0.592097282409668
0.5342850685119629
0.5274200439453125
0.41791272163391113
0.779426097869873
0.7802221775054932
0.989708662033081
0.5291099548339844
1.269139289855957
0.857588529586792
0.5330021381378174
0.6604199409484863
0.5032050609588623
0.40465235710144043
0.6071786880493164
0.6468837261199951
0.744114875793457
0.3421955108642578
0.650820255279541
1.0714318752288818
0.5884277820587158
0.7883205413818359
0.5497803688049316
0.4957265853881836
1.3613159656524658
0.5491547584533691
0.8753602504730225
0.5436077117919922
0.7788591384887695
0.5382411479949951
0.7408404350280762
0.28272318840026855
0.8555803298950195
0.8154995441436768
1.6162869930267334
0.6957941055297852
0.5387611389160156
1.4050326347351074
0.6097428798675537
0.3372046947479248
0.5707676410675049
0.7524957656860352
0.34102439880371094
0.6065983772277832
0.8235337734222412
0.5470473766326904
0.937241792678833
0.7475032806396484
0.5697193145751953
1.6967155933380127
0.5975971221923828
0.7070567607879639
0.5770397186279297
0.9414494037628174
0.7575836181640625
0.8934204578399658
0.9158189296722412
0.8177785873413086
0.8429291248321533
1.129131555557251
0.7221455574035645
0.5978107452392578
0.7391667366027832
0.6335487365722656
0.6096105575561523
0.5641348361968994
0.7001776695251465
1.6301767826080322
0.5519266128540039
0.5476806163787842
0.5847203731536865
0.5738728046417236
0.7311487197875977
0.6105575561523438
0.574162483215332
0.5699470043182373
0.6227295398712158
0.8999295234680176
1.0238933563232422
0.5836949348449707
0.3143136501312256
0.5729959011077881
0.9469201564788818
0.5688302516937256
0.5670144557952881
1.0475349426269531
0.3036205768585205
0.5728273391723633
0.8915207386016846
0.981088399887085
0.7028663158416748
0.5819206237792969
0.576664924621582
0.5652542114257812
0.5636177062988281
0.5782749652862549
0.5667376518249512
1.1240196228027344
1.2534775733947754
0.5725016593933105
1.0457260608673096
0.696927547454834
0.8399162292480469
0.5820322036743164
0.5721771717071533
0.5668938159942627
0.7510266304016113
0.681962251663208
0.5702264308929443
1.1305828094482422
0.568148136138916
0.8333320617675781
0.573350191116333
0.8754630088806152
0.5663836002349854
0.30506038665771484
0.5814461708068848
1.1924078464508057
1.6815595626831055
0.5805878639221191
0.29773736000061035
0.5742089748382568
0.8271229267120361
0.2977871894836426
0.5755395889282227
0.587782621383667
1.1392996311187744
0.5776584148406982
0.5648109912872314
0.5698416233062744
1.811711072921753
0.5701916217803955
0.924835205078125
1.031468152999878
0.8217947483062744
0.969435453414917
1.025280475616455
0.8576672077178955
0.5634362697601318
0.853233814239502
0.5713727474212646
1.3224265575408936
0.5777952671051025
0.5703890323638916
1.3586633205413818
0.571953535079956
0.5757215023040771
0.8323509693145752
0.5716838836669922
0.8597414493560791
0.3190286159515381
0.5919837951660156
0.5885872840881348
0.5787622928619385
0.5788862705230713
0.6002006530761719
0.5955624580383301
0.30543971061706543
0.599947452545166
0.5957567691802979
1.496856689453125
0.5932431221008301
0.298342227935791
0.5906288623809814
0.5871062278747559
0.5901303291320801
0.5825464725494385
0.5867722034454346
0.5741713047027588
0.5897581577301025
0.6206140518188477
0.3238334655761719
1.047450304031372
0.6223254203796387
0.6102297306060791
0.6087596416473389
0.6149477958679199
0.34320497512817383
0.6127293109893799
0.6046504974365234
0.6107327938079834
0.6303524971008301
0.6278114318847656
0.6523575782775879
0.6484549045562744
0.6519227027893066
0.6557712554931641
1.2055785655975342
0.6581048965454102
1.4435033798217773
0.6525278091430664
0.664597749710083
0.6569771766662598
0.3930974006652832
1.219892978668213
0.3634681701660156
0.3889498710632324
1.1714508533477783
0.34963536262512207
0.35619020462036133
0.8902831077575684
0.3326888084411621
0.31162595748901367
0.3520998954772949
0.7222187519073486
0.8725390434265137
0.39593505859375
0.6097898483276367
0.8680610656738281
0.29792046546936035
0.5774273872375488
0.6028482913970947
0.35410451889038086
0.8461356163024902
0.3304142951965332
0.604017972946167
0.29218387603759766
0.3096890449523926
0.8549182415008545
0.3534977436065674
0.26206302642822266
0.4958040714263916
0.2690126895904541
0.5931627750396729
0.889826774597168
0.848029375076294
0.8441762924194336
0.3436856269836426
0.7177481651306152
0.7475876808166504
0.7383811473846436
0.8399877548217773
0.795748233795166
0.26711225509643555
0.3994424343109131
0.27188873291015625
0.8017070293426514
0.5947978496551514
0.24377155303955078
0.7153327465057373
0.5176093578338623
0.3182225227355957
0.7748050689697266
0.6312093734741211
1.044703722000122
0.7630274295806885
0.472811222076416
0.8491780757904053
1.0183143615722656
0.8910667896270752
0.726550817489624
0.8922028541564941
0.7383213043212891
0.808305025100708
0.6947853565216064
0.37192702293395996
0.519780158996582
0.7578487396240234
0.7486217021942139
0.7673013210296631
0.26656293869018555
0.716667652130127
0.7828149795532227
0.6445400714874268
0.6691067218780518
0.6669747829437256
0.2586488723754883
0.39421939849853516
0.270524263381958
0.24792814254760742
0.9235048294067383
0.23302102088928223
0.7607154846191406
0.23704266548156738
0.23005342483520508
0.33023953437805176
0.7112033367156982
0.7863278388977051
1.2262399196624756
0.8881838321685791
0.21267223358154297
0.21817374229431152
0.20873498916625977
0.2050776481628418
0.7023735046386719
0.7028858661651611
0.22251462936401367
1.004286289215088
0.3424239158630371
0.9720511436462402
0.7772912979125977
0.8871197700500488
1.2165720462799072
0.339557409286499
0.40415096282958984
0.6510543823242188
0.6173856258392334
0.9416091442108154
0.35513782501220703
0.9362461566925049
0.5992045402526855
0.6147303581237793
0.24924206733703613
0.6369388103485107
0.7516813278198242
0.3340938091278076
0.4018113613128662
0.8840899467468262
0.793083906173706
0.4288954734802246
0.9063713550567627
0.264904260635376
0.4457392692565918
0.7696137428283691
0.4478158950805664
0.8289196491241455
0.7002644538879395
1.0648143291473389
1.0470352172851562
0.3542773723602295
0.27815818786621094
0.9528746604919434
0.9713454246520996
0.5664300918579102
0.9504773616790771
0.8087730407714844
0.5339326858520508
0.4225437641143799
0.8076024055480957
0.9739789962768555
0.27844882011413574
0.5440776348114014
0.4210350513458252
0.37105393409729004
0.8585023880004883
0.416257381439209
0.9805779457092285
0.40616798400878906
0.40930867195129395
1.0709154605865479
0.2721595764160156
1.1890478134155273
0.3809795379638672
0.9897212982177734
0.2833130359649658
0.404951810836792
0.2808218002319336
0.4083132743835449
0.27574801445007324
0.5022079944610596
0.3980550765991211
0.2790040969848633
0.5788614749908447
0.31453847885131836
1.022749900817871
0.4143404960632324
0.726586103439331
0.6117548942565918
0.5461394786834717
0.5902104377746582
0.5551159381866455
0.41197657585144043
0.6661844253540039
0.4116859436035156
0.28289079666137695
0.40499114990234375
0.3985722064971924
0.8862490653991699
0.4156026840209961
0.2772402763366699
0.677842378616333
0.4547913074493408
0.547985315322876
0.4142274856567383
0.4146599769592285
0.5402965545654297
0.41385531425476074
1.356497049331665
0.40671682357788086
1.2655689716339111
0.6209394931793213
1.344388723373413
0.8643686771392822
0.6238172054290771
0.6256935596466064
0.7183470726013184
0.6255037784576416
0.6261563301086426
0.8661177158355713
0.6268424987792969
0.6304478645324707
1.365166187286377
0.907771110534668
1.23201322555542
0.8308882713317871
0.6971995830535889
0.6496419906616211
0.7216713428497314
0.9018959999084473
0.7104113101959229
0.8506178855895996
0.8664238452911377
0.6581449508666992
1.2048835754394531
1.5869202613830566
0.8405935764312744
0.923738956451416
1.507962703704834
0.7439470291137695
0.675940752029419
0.8231849670410156
0.6804568767547607
1.1931931972503662
0.7519078254699707
0.8578815460205078
0.5485858917236328
0.8583054542541504
0.6155571937561035
0.7487297058105469
0.8547019958496094
0.694432258605957
0.9063713550567627
0.6847171783447266
0.9267489910125732
0.5319511890411377
1.660491704940796
0.6984262466430664
0.7458536624908447
1.7088556289672852
0.7021691799163818
1.195573329925537
0.6963002681732178
0.7031595706939697
0.6968588829040527
0.8115267753601074
0.5153467655181885
0.9941532611846924
0.8353214263916016
0.7513632774353027
0.8900799751281738
0.8827638626098633
0.8053500652313232
0.8118195533752441
0.7026629447937012
0.8870086669921875
0.7023701667785645
0.8960113525390625
0.7040572166442871
0.8814966678619385
0.7138855457305908
0.7229838371276855
0.7615528106689453
0.753939151763916
0.771392822265625
1.4051718711853027
1.0384085178375244
0.8978033065795898
0.7147488594055176
0.749690055847168
0.7213802337646484
0.7637555599212646
0.318448543548584
0.9215450286865234
0.9219744205474854
0.920130729675293
1.0915274620056152
0.7357463836669922
0.9193923473358154
1.0802125930786133
1.8177258968353271
0.8468978404998779
0.7368752956390381
0.7661771774291992
0.7661309242248535
0.7576420307159424
1.7314691543579102
0.8329434394836426
0.2802252769470215
0.7627370357513428
1.1030731201171875
0.8264913558959961
0.7407271862030029
0.7278716564178467
0.7312588691711426
0.7507646083831787
0.7734782695770264
1.4326670169830322
0.9012176990509033
0.7478334903717041
0.9516839981079102
0.2800941467285156
0.7256460189819336
0.7255339622497559
1.2871322631835938
0.7215805053710938
0.7145898342132568
1.563699722290039
0.8678977489471436
0.7867147922515869
0.9642457962036133
0.7218434810638428
0.7249424457550049
1.8520619869232178
1.1760272979736328
0.5363857746124268
0.5365848541259766
0.284515380859375
0.5388994216918945
0.5307385921478271
1.149787425994873
0.29006481170654297
0.5353150367736816
0.5321605205535889
0.2797064781188965
0.5516560077667236
0.5314781665802002
0.9709603786468506
0.5372464656829834
1.3591415882110596
0.5334877967834473
1.131150245666504
2.1340298652648926
0.5453009605407715
0.5422844886779785
1.0272953510284424
1.2257709503173828
0.5368549823760986
0.5373842716217041
0.5388791561126709
1.076814889907837
1.1267306804656982
1.1367521286010742
1.081573247909546
1.132606029510498
0.5315709114074707
0.5366625785827637
0.5291802883148193
0.5281879901885986
0.5265851020812988
0.5324487686157227
0.5298492908477783
0.5391607284545898
0.9840564727783203
1.067760705947876
0.9857633113861084
0.9521095752716064
0.2651221752166748
0.5193872451782227
0.9714782238006592
0.9709963798522949
0.2674224376678467
0.5184080600738525
0.5099139213562012
0.2539687156677246
0.5192346572875977
0.5262801647186279
0.5234649181365967
0.523017406463623
0.5277094841003418
0.5320816040039062
1.002729892730713
0.9801223278045654
0.5269303321838379
0.2697300910949707
0.5386691093444824
1.2547318935394287
0.578333854675293
0.5799558162689209
0.585160493850708
0.3127584457397461
0.5677313804626465
0.5882344245910645
0.5812082290649414
0.8315513134002686
0.8262908458709717
0.5776524543762207
0.3133881092071533
0.10685968399047852
0.5843930244445801
0.5816035270690918
0.3319857120513916
0.32863330841064453
0.5885734558105469
0.6003971099853516
0.5877561569213867
0.5853245258331299
0.5979466438293457
0.3278651237487793
0.6026065349578857
0.6071019172668457
0.6045739650726318
0.5787882804870605
0.5850598812103271
0.5801091194152832
0.5805468559265137
0.5794715881347656
0.5844845771789551
0.5496351718902588
0.5828583240509033
1.3071293830871582
0.550180196762085
0.5579090118408203
0.30259180068969727
0.3130166530609131
0.7992265224456787
0.5724000930786133
0.5641660690307617
0.29814696311950684
1.2842795848846436
0.3082396984100342
1.2522904872894287
0.8000288009643555
1.4597790241241455
0.3062880039215088
0.7917287349700928
0.3026547431945801
0.304140567779541
0.606250524520874
0.7850189208984375
0.805182695388794
0.6585288047790527
0.6651997566223145
0.34575366973876953
0.5411174297332764
0.29979634284973145
0.3169376850128174
0.5812504291534424
0.3564143180847168
0.8955302238464355
0.32441091537475586
0.38607311248779297
0.808387279510498
0.4248030185699463
0.7466950416564941
0.6287941932678223
0.7114753723144531
0.6869046688079834
0.6440689563751221
0.674224853515625
0.7229213714599609
0.6723365783691406
0.6297173500061035
0.2899143695831299
0.2925078868865967
0.6831934452056885
0.5917747020721436
0.4317190647125244
0.3305027484893799
0.6099472045898438
0.33945322036743164
0.6769633293151855
0.8508415222167969
0.5856289863586426
0.2871415615081787
0.9539957046508789
0.6508443355560303
0.9049804210662842
0.5837631225585938
0.609827995300293
0.6814663410186768
0.5869567394256592
0.8172085285186768
0.5896148681640625
0.6797125339508057
0.5964682102203369
0.5917305946350098
0.7492468357086182
0.5957903861999512
0.6982710361480713
0.5951542854309082
0.5919044017791748
0.6014623641967773
0.7313065528869629
0.8594958782196045
0.5972106456756592
0.4511866569519043
0.6369926929473877
0.37599730491638184
0.9018962383270264
0.6583285331726074
0.6275601387023926
0.6001443862915039
0.7538771629333496
0.5520117282867432
0.6389760971069336
0.37331509590148926
0.30721569061279297
0.6252694129943848
0.5632412433624268
0.6153795719146729
0.2701404094696045
0.8090581893920898
0.8568496704101562
0.28806209564208984
0.5812532901763916
0.8494412899017334
0.5298843383789062
0.8420424461364746
0.8038280010223389
0.6000347137451172
0.9384911060333252
0.524735689163208
0.5117619037628174
0.8738498687744141
0.8594248294830322
0.5215435028076172
0.5185449123382568
0.5148236751556396
0.5812532901763916
0.8087468147277832
0.5138564109802246
0.5122261047363281
0.5044147968292236
0.8209786415100098
0.8137187957763672
0.514307975769043
0.5225992202758789
0.8088188171386719
0.5194580554962158
0.9232556819915771
0.5027039051055908
0.5039429664611816
0.5146925449371338
0.5155491828918457
0.5348057746887207
0.27974867820739746
0.823502779006958
0.5230991840362549
0.522742748260498
0.5203995704650879
0.8628993034362793
0.5295639038085938
0.2737398147583008
0.533247709274292
0.2806665897369385
0.5263936519622803
0.28346824645996094
0.5290725231170654
0.5243346691131592
0.5263733863830566
0.5271077156066895
0.5270018577575684
0.525519609451294
0.5287630558013916
0.5236084461212158
0.8023571968078613
0.28423500061035156
0.5280981063842773
0.5256741046905518
0.5310907363891602
0.9542653560638428
0.5851173400878906
0.9403302669525146
1.046436071395874
0.8613216876983643
1.1173286437988281
0.5285320281982422
0.5353994369506836
0.5336384773254395
0.533496618270874
1.12300705909729
0.5683131217956543
0.28338050842285156
0.5496120452880859
1.1757867336273193
0.5462033748626709
0.29176831245422363
0.5406138896942139
0.5487170219421387
0.547407865524292
1.0968959331512451
0.806053638458252
0.7883923053741455
0.5581274032592773
0.5554962158203125
0.789165735244751
0.5446481704711914
0.5465712547302246
0.5492813587188721
0.30374789237976074
0.5651681423187256
0.3033919334411621
0.5538110733032227
0.5449693202972412
0.5499939918518066
0.5499351024627686
0.5544452667236328
0.7945394515991211
0.5505335330963135
0.5393152236938477
0.5385434627532959
0.30576086044311523
0.5507171154022217
0.804603099822998
0.552666425704956
0.5524225234985352
0.7888994216918945
0.5448179244995117
0.5400135517120361
0.5364646911621094
0.5386650562286377
0.5431866645812988
0.7958259582519531
0.5405170917510986
1.3802189826965332
0.5415143966674805
0.7860403060913086
0.8144352436065674
0.5821800231933594
0.5824596881866455
0.5854165554046631
0.5913026332855225
0.5943398475646973
0.8519611358642578
0.33771228790283203
0.3384969234466553
0.5985312461853027
0.6027641296386719
0.6081333160400391
0.342043399810791
0.5848855972290039
0.5866050720214844
0.5925798416137695
1.3702890872955322
0.6060488224029541
0.8564236164093018
0.5933091640472412
0.33548450469970703
0.5950360298156738
0.5852906703948975
1.455937385559082
0.5897035598754883
0.317124605178833
0.5829977989196777
0.586667537689209
0.8353860378265381
0.5752308368682861
0.2973520755767822
0.8398609161376953
0.5675301551818848
0.30202269554138184
0.8227958679199219
0.30361509323120117
0.5691945552825928
0.8039851188659668
0.30254173278808594
0.810539960861206
0.5627660751342773
0.7761166095733643
0.6515069007873535
0.2691516876220703
0.2772257328033447
0.5453395843505859
0.31253671646118164
0.3001749515533447
1.0242688655853271
0.554772138595581
1.0387821197509766
0.3564002513885498
0.3273956775665283
0.5706429481506348
0.5443556308746338
0.28223466873168945
0.7055058479309082
0.27768850326538086
0.2725377082824707
0.3017861843109131
0.2906677722930908
0.542853593826294
0.7165029048919678
0.6033363342285156
0.31810736656188965
0.7918505668640137
0.603198766708374
0.38654422760009766
0.326934814453125
0.6995930671691895
0.7268991470336914
0.6672375202178955
0.7092440128326416
0.5976870059967041
0.241868257522583
0.7733259201049805
0.5480029582977295
0.6935651302337646
0.619182825088501
0.6082680225372314
0.6081333160400391
0.6052951812744141
0.6853702068328857
0.5515666007995605
0.236100435256958
0.23054218292236328
0.6297154426574707
0.7242851257324219
0.6777336597442627
0.6357347965240479
0.22535967826843262
0.5840320587158203
0.580592155456543
0.5436446666717529
0.7171757221221924
0.790539026260376
0.23888516426086426
0.5841882228851318
0.6275596618652344
0.5351417064666748
0.6768157482147217
0.7682147026062012
0.8076736927032471
0.343609094619751
0.8635036945343018
0.5957016944885254
0.499178409576416
0.7722344398498535
0.8661487102508545
0.8292644023895264
0.2648482322692871
0.3226931095123291
0.5120043754577637
0.3852853775024414
0.803856611251831
0.518913745880127
1.1148014068603516
1.1154277324676514
0.5813567638397217
0.2670571804046631
0.7666723728179932
0.5118193626403809
0.5074417591094971
0.639286994934082
0.9817872047424316
0.5682432651519775
0.26317405700683594
0.2538902759552002
0.550584077835083
0.48093557357788086
0.44512414932250977
0.30987119674682617
0.34046268463134766
0.7586448192596436
0.8263905048370361
0.5364348888397217
0.2992734909057617
0.6822845935821533
0.44645047187805176
0.5394542217254639
0.44428277015686035
0.7828924655914307
0.6067163944244385
0.5756151676177979
0.878554105758667
0.7404978275299072
0.8024373054504395
0.7622110843658447
0.4367337226867676
0.42945027351379395
0.8600118160247803
0.7797253131866455
1.073934555053711
0.24297261238098145
0.8145487308502197
0.48015451431274414
0.46611475944519043
0.24169373512268066
0.7097272872924805
0.4697732925415039
0.4730720520019531
0.43102216720581055
0.7855727672576904
1.1535255908966064
0.6354272365570068
0.7870025634765625
0.5150113105773926
0.24166107177734375
0.4352550506591797
0.4269556999206543
0.4710712432861328
0.762178897857666
0.9628655910491943
0.9758293628692627
0.4472343921661377
0.489501953125
0.7881314754486084
0.5973193645477295
0.4937171936035156
0.45978307723999023
0.5941581726074219
0.6384508609771729
1.2830605506896973
0.8092825412750244
0.867598295211792
0.4088728427886963
0.44077634811401367
0.5855398178100586
0.6183459758758545
0.6489851474761963
0.6153912544250488
1.3956942558288574
0.5859255790710449
1.004699945449829
0.652846097946167
0.5741958618164062
0.5317542552947998
0.8103947639465332
0.563262939453125
0.757835865020752
0.592595100402832
0.5899128913879395
0.5542747974395752
1.001391887664795
0.5806581974029541
0.6248035430908203
0.5543396472930908
0.5387606620788574
0.5878446102142334
0.5356197357177734
0.534541130065918
0.41340184211730957
0.49028611183166504
0.5406811237335205
0.542121171951294
0.5526700019836426
0.5513551235198975
0.5309898853302002
0.5644526481628418
0.541881799697876
0.674626350402832
0.557354211807251
0.7090432643890381
0.5283582210540771
0.5469694137573242
0.521686315536499
0.5581717491149902
0.5251436233520508
0.52935791015625
0.7105348110198975
0.5220954418182373
0.5156352519989014
0.5536587238311768
0.5198616981506348
0.5583086013793945
0.5380914211273193
0.6897878646850586
0.5057978630065918
0.4925673007965088
0.5020287036895752
0.485551118850708
0.6722445487976074
0.47975587844848633
0.49234628677368164
0.49028587341308594
0.4711647033691406
0.48502206802368164
0.460155725479126
0.45779871940612793
0.44847583770751953
0.45082926750183105
0.4358541965484619
0.42583441734313965
0.42108678817749023
0.4163172245025635
0.41840434074401855
0.41361212730407715
0.593970775604248
0.7790911197662354
