0.3437380790710449
0.40785956382751465
0.1720576286315918
0.18182373046875
0.4470036029815674
0.4738435745239258
0.21576166152954102
0.20688295364379883
0.15819954872131348
0.1825883388519287
0.20308208465576172
0.18057966232299805
0.20182013511657715
0.26845765113830566
0.2188398838043213
0.2097470760345459
0.1558837890625
0.14324331283569336
0.22676610946655273
0.21640586853027344
0.19402718544006348
0.2080831527709961
0.22172784805297852
0.20831680297851562
0.17629790306091309
0.19914841651916504
0.20207476615905762
0.21576547622680664
0.2517542839050293
0.25168538093566895
0.28879666328430176
0.2163088321685791
0.24411463737487793
0.19696617126464844
0.3907496929168701
0.2048029899597168
0.18262314796447754
0.19858288764953613
0.22382259368896484
0.23215389251708984
0.18818235397338867
0.17121529579162598
0.22527813911437988
0.21116113662719727
0.24442768096923828
0.19129109382629395
0.2037646770477295
0.17066073417663574
0.15108203887939453
0.1993119716644287
0.16687655448913574
0.20453429222106934
0.1860966682434082
0.19839906692504883
0.19973993301391602
0.23167872428894043
0.2316586971282959
0.15711712837219238
0.23324084281921387
0.20981478691101074
0.19188404083251953
0.18588733673095703
0.19504308700561523
0.1818859577178955
0.20902490615844727
0.1449756622314453
0.1754453182220459
0.1831963062286377
0.22074079513549805
0.21671271324157715
0.18149423599243164
0.8374216556549072
0.18897199630737305
0.17520356178283691
0.24263620376586914
0.2193739414215088
0.19767975807189941
0.18100523948669434
0.17170000076293945
0.24366092681884766
0.19455337524414062
0.1878671646118164
0.2165987491607666
0.15053391456604004
0.18213796615600586
0.18370461463928223
0.14546704292297363
0.20148372650146484
0.18614506721496582
0.20163249969482422
0.23017525672912598
0.22464418411254883
0.16941452026367188
0.21071958541870117
0.20363163948059082
0.21185064315795898
0.2154369354248047
0.1870121955871582
0.18669581413269043
0.18261146545410156
0.20378684997558594
0.1959524154663086
0.19724273681640625
0.2028214931488037
0.20070314407348633
0.2131505012512207
0.19739413261413574
0.21562457084655762
0.30841588973999023
0.24077868461608887
0.19850635528564453
0.18255186080932617
0.21358799934387207
0.24057698249816895
0.17943716049194336
0.1746077537536621
0.22104620933532715
0.2540254592895508
0.18884611129760742
0.2023472785949707
0.22823071479797363
0.2091977596282959
0.15837478637695312
0.1560521125793457
0.2104964256286621
0.21515607833862305
0.16506528854370117
0.18486762046813965
0.19920969009399414
0.20142292976379395
0.23114562034606934
0.2246997356414795
0.18253779411315918
0.19584393501281738
0.17936205863952637
0.1899406909942627
0.21619057655334473
0.21201133728027344
0.22877001762390137
0.18980002403259277
0.19880390167236328
0.19574952125549316
0.39528560638427734
0.18559026718139648
0.17976164817810059
0.18668198585510254
0.1807260513305664
0.18601155281066895
0.19143128395080566
0.1721663475036621
0.1996312141418457
0.19053435325622559
0.18990755081176758
0.23187565803527832
0.18711447715759277
0.34450554847717285
0.19694304466247559
0.21416807174682617
0.20357990264892578
0.18771696090698242
0.18472504615783691
0.1641380786895752
0.20196080207824707
0.19371414184570312
0.22273921966552734
0.2583122253417969
0.1895589828491211
0.22368979454040527
0.1347208023071289
0.18285346031188965
0.18355751037597656
0.17712712287902832
0.19655823707580566
0.2055199146270752
0.15871858596801758
0.14430570602416992
0.1800086498260498
0.2287752628326416
0.20357918739318848
0.1778264045715332
0.1915755271911621
0.18405389785766602
0.18775725364685059
0.18416690826416016
0.19706201553344727
0.19638442993164062
0.2740774154663086
0.20154976844787598
0.15188193321228027
0.21469855308532715
0.18558025360107422
0.20995450019836426
0.21683025360107422
0.1942310333251953
0.1956465244293213
0.18210935592651367
0.20364046096801758
0.18560123443603516
0.1893000602722168
0.21935701370239258
0.15509867668151855
0.21445226669311523
0.17412877082824707
0.21618437767028809
0.13195085525512695
0.18167424201965332
0.20823144912719727
0.24090099334716797
0.2036447525024414
0.19403624534606934
0.17777132987976074
0.19228529930114746
0.2000277042388916
0.1820683479309082
0.25776052474975586
0.19800066947937012
0.15729880332946777
0.17927217483520508
1.188988447189331
0.17193102836608887
0.13856983184814453
0.2413330078125
0.16269779205322266
0.22528576850891113
0.14729857444763184
0.1991119384765625
0.22435951232910156
0.18597149848937988
0.20290184020996094
0.23561644554138184
0.1976022720336914
0.19455528259277344
0.14488911628723145
0.19496679306030273
0.19482088088989258
0.17296314239501953
0.19959306716918945
0.15738749504089355
0.18635916709899902
0.17157506942749023
0.2054915428161621
0.22585654258728027
0.23006749153137207
0.2018120288848877
0.19092011451721191
0.15345072746276855
0.20623230934143066
0.1815803050994873
0.2347111701965332
0.23864984512329102
0.17484045028686523
0.18440580368041992
0.1953120231628418
0.21321725845336914
0.24677824974060059
0.18543100357055664
0.23299026489257812
0.19182682037353516
0.21122384071350098
0.19238543510437012
0.18263006210327148
0.17257356643676758
0.1814723014831543
0.19491171836853027
0.15900325775146484
0.21506619453430176
0.1907966136932373
0.21327710151672363
0.17803573608398438
0.14290404319763184
0.1865394115447998
0.18095016479492188
0.23486948013305664
0.18191218376159668
0.1873931884765625
0.1755359172821045
0.17097973823547363
0.17162299156188965
0.18465542793273926
0.17013072967529297
0.19180583953857422
0.2323150634765625
0.24931693077087402
0.1810445785522461
0.17010927200317383
0.17737174034118652
0.25652194023132324
0.20273232460021973
0.18817138671875
1.634258508682251
0.23825359344482422
0.22622299194335938
0.20313358306884766
0.19342827796936035
0.2009291648864746
0.22695374488830566
0.21503925323486328
0.20196294784545898
0.18140625953674316
0.19419455528259277
0.19348907470703125
0.19451189041137695
0.20617032051086426
0.1862037181854248
0.16971468925476074
0.22605395317077637
0.18131184577941895
0.17501044273376465
0.19295835494995117
0.23885011672973633
0.21154522895812988
0.1742403507232666
0.17887616157531738
0.3590867519378662
0.20698332786560059
0.22173261642456055
0.1949760913848877
0.17024970054626465
0.2117304801940918
0.25287365913391113
0.2026517391204834
0.17914724349975586
0.22727060317993164
0.16913533210754395
0.19059991836547852
0.23742914199829102
0.18376731872558594
0.19090032577514648
0.24431705474853516
0.18805384635925293
0.1937718391418457
0.19220805168151855
0.1890876293182373
0.24083805084228516
0.1872861385345459
0.16191434860229492
0.1999063491821289
0.1828148365020752
0.16678547859191895
0.21070194244384766
0.22066640853881836
0.20134305953979492
0.2042090892791748
0.20412707328796387
0.20675444602966309
0.17884445190429688
0.23686861991882324
0.1843578815460205
0.20624589920043945
0.19086956977844238
0.18612408638000488
0.17926764488220215
0.18639850616455078
0.18653106689453125
0.17440199851989746
0.18668174743652344
0.24997973442077637
0.17964768409729004
0.2186896800994873
0.19189453125
0.17970943450927734
0.17156338691711426
0.13965964317321777
0.2448892593383789
0.20160794258117676
0.19544029235839844
0.186659574508667
0.15329337120056152
0.23139452934265137
0.17400002479553223
0.18923139572143555
0.1862475872039795
0.184403657913208
0.1881098747253418
0.21766161918640137
0.19388175010681152
0.2068040370941162
0.2070462703704834
0.1741929054260254
0.22939705848693848
0.17912745475769043
0.23932313919067383
0.17956829071044922
0.15034818649291992
0.20726513862609863
0.17430853843688965
0.1933736801147461
0.202972412109375
0.18722128868103027
0.20487499237060547
0.1860954761505127
0.14275312423706055
0.24446868896484375
0.21296191215515137
0.1959395408630371
0.18929314613342285
0.23783183097839355
0.2105093002319336
0.1879277229309082
0.18400812149047852
0.19827556610107422
0.19411730766296387
0.18855714797973633
0.17664837837219238
0.1841118335723877
0.18071842193603516
0.1531994342803955
0.24901342391967773
0.19895219802856445
0.18930363655090332
0.20477557182312012
0.1858830451965332
0.18399286270141602
0.18274903297424316
0.2344348430633545
0.23015189170837402
0.18776392936706543
0.2917454242706299
0.2095937728881836
0.19988751411437988
0.1921522617340088
0.18719005584716797
0.13575124740600586
0.2157273292541504
0.181060791015625
0.18945837020874023
0.23661279678344727
0.18349552154541016
0.1872265338897705
0.20522570610046387
0.19122862815856934
0.18407297134399414
0.2234506607055664
0.1874558925628662
0.1831042766571045
0.20723605155944824
0.1446995735168457
0.2104177474975586
0.22276878356933594
0.1837151050567627
0.15832018852233887
0.14434337615966797
0.183912992477417
0.20720529556274414
0.18331384658813477
0.14142370223999023
0.1770164966583252
0.21274209022521973
0.19234824180603027
0.17415237426757812
0.17661213874816895
0.22957825660705566
0.20175695419311523
0.18059849739074707
0.22980523109436035
0.20438194274902344
0.2414844036102295
0.29816460609436035
0.19881272315979004
0.20455002784729004
0.18139982223510742
0.19916582107543945
0.20714426040649414
0.17981982231140137
0.22151660919189453
0.1473991870880127
0.25078392028808594
0.20617151260375977
0.19619035720825195
0.18996381759643555
0.15222907066345215
0.19062066078186035
0.18769168853759766
0.20579171180725098
0.1669008731842041
0.20743370056152344
0.2154707908630371
0.18062782287597656
0.18723535537719727
0.2112715244293213
0.1850442886352539
0.1794600486755371
0.19988560676574707
0.18131327629089355
0.2506392002105713
0.28758811950683594
0.19469594955444336
0.16509437561035156
0.19754862785339355
0.2533121109008789
0.2318558692932129
0.21273589134216309
0.14697504043579102
0.19806241989135742
0.1981668472290039
0.18105745315551758
0.18976426124572754
0.15758371353149414
0.21070098876953125
0.17884302139282227
0.18267011642456055
0.19054555892944336
0.1829993724822998
0.21087098121643066
0.18884062767028809
0.17965030670166016
0.1874532699584961
0.1726076602935791
0.23366832733154297
0.19423651695251465
1.2367897033691406
0.16075706481933594
0.20066094398498535
0.18836021423339844
0.18018364906311035
0.1445474624633789
0.16305041313171387
0.18143939971923828
0.2306499481201172
0.22350001335144043
0.22821426391601562
0.19420862197875977
0.184859037399292
0.34171366691589355
0.19163894653320312
0.16505026817321777
0.19629836082458496
0.18637609481811523
0.20263910293579102
0.1918628215789795
0.19991588592529297
0.14892959594726562
0.21144771575927734
0.15290284156799316
0.18092036247253418
0.17910289764404297
0.1525413990020752
0.14997458457946777
0.19817733764648438
0.18551397323608398
0.19222521781921387
0.19965696334838867
0.28794026374816895
0.1864914894104004
0.24006891250610352
0.20254135131835938
0.15013957023620605
0.21263957023620605
0.1853930950164795
0.240708589553833
0.2142810821533203
0.162431001663208
0.19684720039367676
0.19460082054138184
0.2022237777709961
0.19901204109191895
0.2243659496307373
0.1984386444091797
0.17541027069091797
0.19017696380615234
0.2184593677520752
0.14138293266296387
0.2333698272705078
0.19633865356445312
0.1870567798614502
0.19535446166992188
0.22396159172058105
0.18546557426452637
0.14594531059265137
0.19623017311096191
0.23084688186645508
0.20123076438903809
0.18699860572814941
0.24143505096435547
0.2088148593902588
0.16720199584960938
0.20928668975830078
0.17255544662475586
0.18568658828735352
0.20424365997314453
0.14821171760559082
0.14315032958984375
0.2803375720977783
0.17626523971557617
0.19785737991333008
0.18396663665771484
0.19827842712402344
0.2605433464050293
0.1890699863433838
0.2148723602294922
0.2712087631225586
0.22017741203308105
0.15941929817199707
0.18676090240478516
0.19753360748291016
0.20350909233093262
0.24123883247375488
0.23279142379760742
0.19101262092590332
0.18295598030090332
0.22961783409118652
0.1441643238067627
0.1444687843322754
0.2200758457183838
0.18814826011657715
0.22113823890686035
0.19438838958740234
0.14937567710876465
0.22000408172607422
0.18784713745117188
0.19159817695617676
0.20336508750915527
0.20039629936218262
0.23447585105895996
0.14466643333435059
0.2087266445159912
0.19348359107971191
0.17798924446105957
0.17469215393066406
0.3369877338409424
0.19502592086791992
0.18418645858764648
0.1858687400817871
0.19555115699768066
0.18519949913024902
0.14364004135131836
0.2357184886932373
0.19529318809509277
0.20670628547668457
0.19535136222839355
0.1931934356689453
0.26288294792175293
0.20792198181152344
0.18308162689208984
0.20602631568908691
0.20215201377868652
0.22022795677185059
0.14177989959716797
0.20778346061706543
0.22765088081359863
0.2441251277923584
0.18744707107543945
0.18778491020202637
0.19775843620300293
0.1434931755065918
0.18874597549438477
0.14909911155700684
0.1449899673461914
0.19828414916992188
0.1829063892364502
0.20200347900390625
0.196821928024292
0.2067244052886963
0.19402194023132324
0.20151424407958984
0.19984006881713867
0.19617843627929688
1.193432331085205
0.1976311206817627
0.1858203411102295
0.20397734642028809
0.2140665054321289
0.24311494827270508
0.1937577724456787
0.19902420043945312
0.18630552291870117
0.1572721004486084
0.22046375274658203
0.20869660377502441
0.18845248222351074
0.15956902503967285
0.23372578620910645
0.20001769065856934
0.2005622386932373
0.2001512050628662
0.18900179862976074
0.13705921173095703
0.14162015914916992
0.22518563270568848
0.40204358100891113
0.2049405574798584
0.19915056228637695
0.19805216789245605
0.19289350509643555
0.1965186595916748
0.21597743034362793
0.19766998291015625
0.1926562786102295
0.22333836555480957
0.20669102668762207
0.1883084774017334
0.19604849815368652
0.18203997611999512
0.21719908714294434
0.19668865203857422
0.19801807403564453
0.1699063777923584
0.21219253540039062
0.1946873664855957
0.19348430633544922
0.179856538772583
0.20124483108520508
0.20552873611450195
0.14650368690490723
0.2530219554901123
0.1887054443359375
0.19346022605895996
0.24981474876403809
0.24433636665344238
0.19183993339538574
0.2945437431335449
0.20971989631652832
0.1934809684753418
0.19086551666259766
0.18924903869628906
0.17558002471923828
0.2814192771911621
0.1811840534210205
0.17206072807312012
0.22996020317077637
0.1857612133026123
0.17533111572265625
0.20363092422485352
0.19379520416259766
0.2067725658416748
0.4041459560394287
0.19164681434631348
1.1934728622436523
0.15140891075134277
0.19764375686645508
0.194291353225708
0.20640873908996582
0.21605896949768066
0.19730472564697266
0.22728323936462402
0.182023286819458
0.19875049591064453
0.1969623565673828
0.19281339645385742
0.2451496124267578
0.23127532005310059
0.17557501792907715
0.12734746932983398
0.17327570915222168
0.18512749671936035
0.18172740936279297
0.20266962051391602
0.31894373893737793
0.20933151245117188
0.2176828384399414
0.18981266021728516
0.18622612953186035
0.1956024169921875
0.24000763893127441
0.1877284049987793
0.20088672637939453
0.1891183853149414
0.20150017738342285
0.2075328826904297
0.18792414665222168
0.24416899681091309
0.1861112117767334
0.18812870979309082
0.237532377243042
0.2148897647857666
0.18528366088867188
0.2182016372680664
0.20784902572631836
0.15708684921264648
0.19392776489257812
0.22778534889221191
0.14980244636535645
0.1445002555847168
0.1406688690185547
0.2352449893951416
0.19071006774902344
0.21126437187194824
0.1753847599029541
0.21941423416137695
0.1971580982208252
0.2300875186920166
0.17375516891479492
0.18811702728271484
0.17980051040649414
0.17375707626342773
0.20005130767822266
0.19362401962280273
0.2528831958770752
0.17913174629211426
0.1788954734802246
0.13727116584777832
0.12679576873779297
0.20133161544799805
0.265242338180542
0.18776702880859375
0.407681941986084
0.23177599906921387
0.14717602729797363
0.23287510871887207
0.19840598106384277
0.18995928764343262
0.18812298774719238
0.26793909072875977
0.17125225067138672
0.19002962112426758
0.21714353561401367
0.2234652042388916
0.20369386672973633
0.2260432243347168
0.15302062034606934
0.1739492416381836
0.17940235137939453
0.15938544273376465
0.18594050407409668
0.18726634979248047
0.19613146781921387
0.20372986793518066
0.15981149673461914
0.1981339454650879
0.24242115020751953
0.2016916275024414
0.21275758743286133
0.1390089988708496
0.15093350410461426
0.21269631385803223
0.1927809715270996
0.23761749267578125
0.20438098907470703
0.13367295265197754
0.1549239158630371
0.13999080657958984
0.15409183502197266
0.20625948905944824
0.18656063079833984
0.22493505477905273
0.14882826805114746
0.17297124862670898
0.14802956581115723
0.1812608242034912
0.22002196311950684
0.2882206439971924
0.20766639709472656
0.20106720924377441
0.19696855545043945
0.19943451881408691
0.18711566925048828
0.19769573211669922
0.18026185035705566
0.13638854026794434
0.14447379112243652
0.17404675483703613
0.17755627632141113
0.18531417846679688
0.19790077209472656
0.19021987915039062
0.17198991775512695
0.21648836135864258
0.24188733100891113
0.19057297706604004
0.201751708984375
0.1898658275604248
0.25697755813598633
0.18587398529052734
0.23467159271240234
0.23578691482543945
0.16927242279052734
0.1450822353363037
0.1892251968383789
0.18576407432556152
0.16340422630310059
0.1926586627960205
0.1743791103363037
0.2567768096923828
0.1486492156982422
1.2462189197540283
0.3239924907684326
0.19974064826965332
0.20805764198303223
0.16871142387390137
0.14934921264648438
0.19184279441833496
0.2576909065246582
0.15783095359802246
0.17926764488220215
0.1955242156982422
0.2180159091949463
0.19060015678405762
0.1793806552886963
0.18905878067016602
0.1808619499206543
0.19491243362426758
0.24530935287475586
0.24596834182739258
0.1887977123260498
0.21224546432495117
0.21018075942993164
0.1647167205810547
0.21097588539123535
0.1845254898071289
0.20039033889770508
0.1993091106414795
0.19125843048095703
0.22691941261291504
0.22544527053833008
0.3481123447418213
0.19504976272583008
0.18788909912109375
0.2339491844177246
0.20018839836120605
0.19627094268798828
0.18987727165222168
0.2131967544555664
0.20326900482177734
0.19162869453430176
0.18588566780090332
0.22289586067199707
0.1569833755493164
0.14178085327148438
0.14770722389221191
0.18349981307983398
0.21406292915344238
0.17657995223999023
0.1927957534790039
0.16354107856750488
0.1894392967224121
0.20678496360778809
0.2000267505645752
0.1942911148071289
0.17437410354614258
0.14235663414001465
0.18304038047790527
0.20716261863708496
0.31206297874450684
0.18876862525939941
0.22299838066101074
0.14343690872192383
0.2595794200897217
0.18721222877502441
0.19371485710144043
0.23108386993408203
0.18607854843139648
0.18108701705932617
0.14658164978027344
0.14651060104370117
0.1741471290588379
0.22659015655517578
0.17359280586242676
0.19359493255615234
0.1815502643585205
0.12251901626586914
0.22265028953552246
0.18619656562805176
0.20113253593444824
0.2525184154510498
0.20069122314453125
0.18244409561157227
0.20754432678222656
0.1855618953704834
0.1840829849243164
0.14254021644592285
0.1995851993560791
0.25272631645202637
0.20449590682983398
0.2468268871307373
0.18114948272705078
0.2013556957244873
0.20334482192993164
0.18095827102661133
0.1913282871246338
0.24032926559448242
0.1860659122467041
0.19446301460266113
0.18303537368774414
0.21634626388549805
0.18147516250610352
0.17968201637268066
0.23403596878051758
0.23450899124145508
0.17183470726013184
0.16838574409484863
0.19972753524780273
0.15286517143249512
0.2093045711517334
0.19794178009033203
0.22356319427490234
0.27176976203918457
0.20341897010803223
0.2294292449951172
0.16587233543395996
0.23435235023498535
0.19191741943359375
0.2407703399658203
0.18704581260681152
0.19054746627807617
0.18858933448791504
0.18074798583984375
0.14946532249450684
0.19246363639831543
0.19050002098083496
0.2112123966217041
0.1928541660308838
0.18752288818359375
0.23696208000183105
0.21080470085144043
0.1961209774017334
0.21211791038513184
0.15348148345947266
0.14920592308044434
0.21018242835998535
0.2997283935546875
0.19806385040283203
0.22114872932434082
0.1804509162902832
0.1596992015838623
0.2203524112701416
0.24039626121520996
0.18993020057678223
0.1721210479736328
0.21946048736572266
0.1965928077697754
0.2049274444580078
0.21717405319213867
0.20389056205749512
0.22168636322021484
0.1869504451751709
0.2131640911102295
0.2104816436767578
0.2070629596710205
0.20911145210266113
0.20877671241760254
0.23064017295837402
0.19200801849365234
0.19219183921813965
0.15993881225585938
0.1814289093017578
0.18030858039855957
0.17988348007202148
0.33658552169799805
0.18777227401733398
0.16599154472351074
0.19077324867248535
0.24262309074401855
0.14867830276489258
0.1479806900024414
0.14887452125549316
0.1420743465423584
0.22166967391967773
0.1847090721130371
0.3941073417663574
0.23303461074829102
0.1941208839416504
0.2115786075592041
0.25100064277648926
0.21361231803894043
0.15692710876464844
0.19968152046203613
0.19127511978149414
0.23510193824768066
0.15273642539978027
0.1808631420135498
0.22438597679138184
0.18907904624938965
0.183729887008667
0.17865467071533203
0.18227171897888184
0.2472236156463623
0.1860659122467041
0.17613482475280762
0.25669360160827637
0.16250920295715332
0.19028902053833008
0.18780899047851562
0.21998834609985352
0.20949077606201172
0.21226263046264648
0.19170117378234863
0.19157171249389648
0.20389437675476074
0.1963520050048828
0.20856857299804688
0.21317768096923828
0.19532251358032227
0.16593384742736816
0.20225834846496582
0.21944808959960938
0.24083852767944336
0.2085733413696289
0.15939116477966309
0.21771860122680664
0.19344425201416016
0.2350161075592041
0.21443390846252441
1.2329339981079102
0.1968076229095459
0.1854228973388672
0.1431114673614502
0.1738572120666504
0.16244888305664062
0.1762065887451172
0.2282562255859375
0.21402359008789062
0.17714524269104004
0.20132064819335938
0.19253110885620117
0.26380085945129395
0.20193791389465332
0.2114565372467041
0.21562695503234863
0.1972942352294922
0.1798992156982422
0.17809820175170898
0.24542498588562012
0.2520020008087158
0.19602227210998535
0.19567441940307617
0.23340797424316406
0.19389867782592773
0.20824170112609863
0.18505620956420898
0.20330214500427246
0.19020652770996094
0.18042993545532227
0.27689146995544434
0.19088172912597656
0.22098302841186523
0.1974501609802246
0.13814544677734375
0.2026233673095703
0.2270064353942871
0.14503836631774902
0.23482084274291992
0.21204400062561035
0.21421360969543457
0.20824360847473145
0.20044469833374023
0.19434452056884766
0.18712973594665527
0.17541217803955078
0.19386076927185059
0.19585323333740234
0.19031524658203125
0.18909335136413574
0.19534540176391602
0.2480485439300537
0.23244261741638184
0.17898344993591309
0.26725029945373535
0.17888426780700684
0.20065903663635254
0.20540237426757812
0.18459773063659668
0.25324130058288574
0.21905732154846191
0.2170088291168213
0.17785882949829102
0.2029561996459961
0.18459153175354004
0.18756794929504395
0.2319185733795166
0.21267008781433105
0.21006226539611816
0.14059162139892578
0.1713705062866211
0.1556110382080078
0.24402999877929688
0.19478344917297363
0.18114519119262695
0.19129180908203125
0.3118898868560791
0.1947779655456543
0.18320345878601074
0.19909358024597168
0.20891189575195312
0.1903846263885498
0.20747709274291992
0.2305302619934082
0.21564507484436035
0.19326472282409668
0.20684456825256348
0.14455223083496094
0.13622355461120605
0.21551299095153809
0.17296218872070312
0.20272111892700195
0.20684528350830078
0.24287939071655273
0.15116000175476074
0.15180349349975586
0.2184162139892578
0.23015928268432617
0.186903715133667
0.19562649726867676
0.1845393180847168
0.25560736656188965
0.1864941120147705
0.19310498237609863
0.21075773239135742
0.3165857791900635
0.2754018306732178
0.19342637062072754
0.18065214157104492
0.1903979778289795
0.1859722137451172
0.19661569595336914
0.18774175643920898
0.19816374778747559
0.20534396171569824
0.20518708229064941
0.1808009147644043
0.19287514686584473
0.18341994285583496
0.171983003616333
0.18353652954101562
0.26352477073669434
0.1831510066986084
0.20109915733337402
0.1831495761871338
0.20360493659973145
0.1530747413635254
0.2144176959991455
0.210097074508667
0.1833655834197998
0.191880464553833
0.18682003021240234
0.22149229049682617
0.1831350326538086
0.1977066993713379
0.19202446937561035
0.15686845779418945
0.2042984962463379
0.19523143768310547
0.17464184761047363
0.24190068244934082
0.19148516654968262
0.1758556365966797
0.158311128616333
1.1915857791900635
0.3149144649505615
0.1871030330657959
0.21209287643432617
0.18124818801879883
0.17707419395446777
0.2231905460357666
0.14164137840270996
0.20057415962219238
0.21272611618041992
0.17813801765441895
0.23317551612854004
0.17557883262634277
0.209517240524292
0.20206260681152344
0.17668771743774414
0.19332337379455566
0.1883225440979004
0.22767424583435059
0.1904618740081787
0.19432687759399414
0.1878681182861328
0.1852104663848877
0.2119143009185791
0.1809241771697998
0.2136380672454834
0.1680443286895752
0.18992352485656738
0.1970963478088379
0.14334607124328613
0.14067673683166504
0.19067049026489258
0.21152329444885254
0.186448335647583
0.19956731796264648
0.2388467788696289
0.2305293083190918
0.18950295448303223
0.21390008926391602
0.15646672248840332
0.17760396003723145
0.18084096908569336
0.19282770156860352
0.1863865852355957
0.17289519309997559
0.20383524894714355
0.2367391586303711
0.25050973892211914
0.16636967658996582
0.14399194717407227
0.1903693675994873
0.19616913795471191
0.22277188301086426
0.18699002265930176
0.18848705291748047
0.17852115631103516
0.20673608779907227
0.17773747444152832
0.21059155464172363
0.2136061191558838
0.21416449546813965
0.14314723014831543
0.1894855499267578
0.19624686241149902
0.1608598232269287
0.18721914291381836
0.1704268455505371
0.16057395935058594
0.19378137588500977
0.19390463829040527
0.17893385887145996
0.15902972221374512
0.19019126892089844
0.23538947105407715
0.2282085418701172
0.18028473854064941
0.20018577575683594
0.22943449020385742
0.20670104026794434
0.185957670211792
0.18244647979736328
0.21365928649902344
0.18914341926574707
0.18987131118774414
0.17330646514892578
0.1891157627105713
0.18579769134521484
0.20419049263000488
0.15409135818481445
0.18640732765197754
0.20991873741149902
0.18183135986328125
0.19290971755981445
0.24415111541748047
0.22619938850402832
0.2934417724609375
0.20017671585083008
0.17274188995361328
0.18080997467041016
0.21062707901000977
0.19476914405822754
0.17936372756958008
0.21833276748657227
0.1990046501159668
0.18794727325439453
0.19408535957336426
0.28123950958251953
0.1950664520263672
0.18448758125305176
0.21062278747558594
0.24033665657043457
0.19609785079956055
0.22955965995788574
0.18511748313903809
0.1923201084136963
0.20576858520507812
0.19572138786315918
0.19720149040222168
0.2543151378631592
0.21155118942260742
0.20916175842285156
0.15690326690673828
0.1513378620147705
0.14133095741271973
0.15831232070922852
0.18082571029663086
0.18832898139953613
0.17890620231628418
0.2359168529510498
0.1955249309539795
0.2120509147644043
0.19934892654418945
0.17546582221984863
0.20952534675598145
0.20144271850585938
0.1898515224456787
0.19056487083435059
0.24993157386779785
0.19050073623657227
0.17314743995666504
0.15807366371154785
0.19927430152893066
0.25750255584716797
0.1397082805633545
0.20795178413391113
0.19710946083068848
0.190382719039917
0.17376971244812012
0.14550089836120605
1.2073006629943848
0.2383284568786621
0.1868610382080078
0.20445632934570312
0.26401615142822266
0.1934070587158203
0.19908952713012695
0.19948863983154297
0.21789908409118652
0.21970796585083008
0.17163562774658203
0.19246363639831543
0.14240026473999023
0.15057969093322754
0.20133566856384277
0.24457097053527832
0.21381068229675293
0.15226411819458008
0.2240467071533203
0.19747424125671387
0.19838356971740723
0.20383167266845703
0.18665337562561035
0.19104647636413574
0.1923842430114746
0.1795825958251953
0.20338749885559082
0.18411636352539062
0.17312002182006836
0.18441247940063477
0.2313838005065918
0.18992137908935547
0.19040918350219727
0.22814726829528809
0.15697503089904785
0.1491708755493164
0.19545722007751465
0.17960643768310547
0.1835803985595703
0.19064998626708984
0.211897611618042
0.1794567108154297
0.17378473281860352
0.20817160606384277
0.20312023162841797
0.18780040740966797
0.2401716709136963
0.12244367599487305
0.1916201114654541
0.1825120449066162
0.32549262046813965
0.20467805862426758
0.1859421730041504
0.16623640060424805
0.18085050582885742
0.1999070644378662
0.19211053848266602
0.19817042350769043
0.19235992431640625
0.24212026596069336
0.1464860439300537
0.16855239868164062
0.22264671325683594
0.18500185012817383
0.2011089324951172
0.22361326217651367
0.21848559379577637
0.41031455993652344
0.4613049030303955
0.1962730884552002
0.18327760696411133
0.22387981414794922
0.1457061767578125
0.38426899909973145
0.5006937980651855
0.18398046493530273
0.20058894157409668
0.21145081520080566
0.14115691184997559
0.19540810585021973
0.15227150917053223
0.1905512809753418
0.20184993743896484
0.19550800323486328
0.17348003387451172
0.19811224937438965
0.19899892807006836
0.19878077507019043
0.23443174362182617
0.19316601753234863
0.19413185119628906
0.20663142204284668
0.19183635711669922
0.1893019676208496
0.20858025550842285
0.18380379676818848
0.20606350898742676
0.19785237312316895
0.2291557788848877
0.21311211585998535
0.19814848899841309
0.19035053253173828
0.19964814186096191
0.3055896759033203
0.3157026767730713
0.2801370620727539
0.23671340942382812
0.2344493865966797
0.19314885139465332
0.22287702560424805
0.18239545822143555
0.24394583702087402
0.24696898460388184
0.19246125221252441
0.19698286056518555
0.2133939266204834
0.24127721786499023
0.1872704029083252
0.19933509826660156
0.15903902053833008
0.18113422393798828
0.21318411827087402
0.19070959091186523
0.17359185218811035
0.1728353500366211
0.18940234184265137
0.18565130233764648
0.20874261856079102
0.14310836791992188
0.17649197578430176
0.18594646453857422
0.21771621704101562
0.17015862464904785
0.19591426849365234
0.20991158485412598
0.19996881484985352
0.1993401050567627
0.14229798316955566
0.18666815757751465
0.1846332550048828
0.19732975959777832
0.17609357833862305
0.22877073287963867
0.23041462898254395
0.19776248931884766
0.20886445045471191
0.18325114250183105
0.18905973434448242
0.2228224277496338
0.22082877159118652
0.22800254821777344
0.18140172958374023
0.17760276794433594
0.22648334503173828
0.18759369850158691
0.18683528900146484
0.1955714225769043
0.17659759521484375
0.14048385620117188
0.18812179565429688
0.19568514823913574
0.18200445175170898
0.2647547721862793
0.18055105209350586
0.1756126880645752
0.15164470672607422
0.19265127182006836
0.17258691787719727
0.28867149353027344
0.16885614395141602
0.20789194107055664
0.4548637866973877
0.19961857795715332
0.21381139755249023
0.1439974308013916
0.14086389541625977
0.20133256912231445
0.21378087997436523
0.20313644409179688
0.14583468437194824
0.19034790992736816
0.22479629516601562
0.23737144470214844
0.19295620918273926
0.18135476112365723
0.1810140609741211
0.18697714805603027
0.16803717613220215
0.20508956909179688
0.23446893692016602
0.19567346572875977
0.1892390251159668
0.19216632843017578
0.1873326301574707
0.19651317596435547
0.20807504653930664
0.20577263832092285
0.2116227149963379
0.21046781539916992
0.18242311477661133
0.19478940963745117
0.19960618019104004
0.18476176261901855
0.18961548805236816
0.1879591941833496
0.2088479995727539
0.1602013111114502
0.17384052276611328
0.23518085479736328
0.1889030933380127
0.18951630592346191
0.18607592582702637
0.23982453346252441
0.2096090316772461
0.19627118110656738
0.17239880561828613
0.18837690353393555
0.20009207725524902
0.2177596092224121
0.18365168571472168
0.19445252418518066
0.18365240097045898
0.16124868392944336
0.1992504596710205
0.20171189308166504
0.19335341453552246
0.21557092666625977
0.1880176067352295
0.186676025390625
0.21307754516601562
0.16080403327941895
0.184844970703125
0.24926114082336426
0.2051544189453125
0.22300481796264648
0.17781519889831543
0.17730951309204102
0.15672612190246582
0.20119643211364746
0.1536235809326172
0.20262503623962402
0.17758703231811523
0.18587708473205566
0.18268299102783203
0.18872809410095215
0.2006220817565918
0.22806406021118164
0.1912384033203125
0.196791410446167
0.20567679405212402
0.1840226650238037
0.18910574913024902
0.2446451187133789
0.20091629028320312
0.1965630054473877
0.18141388893127441
0.18738937377929688
0.18051981925964355
0.17546343803405762
0.1881580352783203
0.2062535285949707
0.19488239288330078
0.17893099784851074
0.2016909122467041
0.21900272369384766
0.19436192512512207
0.19059038162231445
0.17652487754821777
0.21864104270935059
0.1461048126220703
0.15055060386657715
0.1921696662902832
0.19553756713867188
0.2232046127319336
0.2073664665222168
0.221435546875
0.20694732666015625
0.19710278511047363
0.2066495418548584
0.18819856643676758
0.23383402824401855
0.2192223072052002
0.22191476821899414
0.2296764850616455
0.1799910068511963
0.23231911659240723
0.18526792526245117
0.17471551895141602
0.23970794677734375
0.18071842193603516
0.17143607139587402
0.18260502815246582
0.21208667755126953
1.233365535736084
0.19183588027954102
0.19803977012634277
0.1981523036956787
0.20784473419189453
0.26433300971984863
0.16444182395935059
0.22173309326171875
0.20409870147705078
0.26389193534851074
0.18339180946350098
0.21693205833435059
0.18500185012817383
0.21448087692260742
0.21199464797973633
0.19015049934387207
0.18201351165771484
0.1958296298980713
0.2715415954589844
0.19364094734191895
0.2333545684814453
0.16359782218933105
0.21760106086730957
0.2033534049987793
0.24272704124450684
0.17269515991210938
0.1992325782775879
0.21112060546875
0.1827249526977539
0.19714903831481934
0.19553446769714355
0.14928412437438965
0.1846768856048584
0.2558479309082031
0.14663052558898926
0.15384840965270996
0.1489253044128418
0.2206881046295166
0.184478759765625
0.1970062255859375
0.18903636932373047
0.18271732330322266
0.20746588706970215
0.20048165321350098
0.19060325622558594
0.22165775299072266
0.18672990798950195
0.19619965553283691
0.223954439163208
0.20607781410217285
0.21119403839111328
0.18483877182006836
0.18374848365783691
0.15303516387939453
0.17766404151916504
0.19339919090270996
0.248779296875
0.18596744537353516
0.26394081115722656
0.18645238876342773
0.20143532752990723
0.1867058277130127
0.24102115631103516
0.15391921997070312
0.1517329216003418
0.19482707977294922
0.18662023544311523
0.1851811408996582
0.1946394443511963
0.2232038974761963
0.19359803199768066
0.20091867446899414
0.19125604629516602
0.19946694374084473
0.19840741157531738
0.1449439525604248
0.1942138671875
0.1392660140991211
0.18694162368774414
0.22173166275024414
0.2719728946685791
0.3325953483581543
0.20827174186706543
0.18416404724121094
0.20383501052856445
0.17540812492370605
0.18761467933654785
0.20583319664001465
0.19685578346252441
0.1878221035003662
0.17650508880615234
0.21492505073547363
0.19278645515441895
0.1859433650970459
0.23546743392944336
0.1749114990234375
0.19367742538452148
0.18762660026550293
0.14871525764465332
0.19147968292236328
0.21850132942199707
0.22966980934143066
0.21001315116882324
0.18532228469848633
0.19824790954589844
0.18215370178222656
0.1858210563659668
0.29105496406555176
0.22663450241088867
0.16825437545776367
0.19252395629882812
0.18810367584228516
0.20065712928771973
0.1784815788269043
0.25766706466674805
0.19956016540527344
0.1859283447265625
0.18004751205444336
0.20644569396972656
0.21855640411376953
0.17999839782714844
0.18764328956604004
0.18288159370422363
0.2225964069366455
0.22874784469604492
0.2219400405883789
0.17351627349853516
0.1974503993988037
0.184767484664917
0.19336533546447754
0.1954057216644287
0.19582796096801758
0.21622705459594727
0.20418143272399902
0.18157076835632324
0.18413567543029785
0.24007272720336914
0.18507671356201172
0.19557595252990723
0.21416854858398438
0.18224668502807617
0.199049711227417
0.1591813564300537
0.18951773643493652
0.20720863342285156
0.20252251625061035
0.23705148696899414
0.19189739227294922
0.1980431079864502
0.2032771110534668
0.2013561725616455
0.20083832740783691
0.23239827156066895
0.15480422973632812
0.15609145164489746
0.21767377853393555
0.201063871383667
0.18294429779052734
0.2819390296936035
0.19442296028137207
0.21474599838256836
0.19641613960266113
0.24026751518249512
0.18446040153503418
0.19409513473510742
0.18664884567260742
0.2123560905456543
0.19488883018493652
0.17547941207885742
0.20022034645080566
0.20701265335083008
0.21145200729370117
0.1803877353668213
0.26371049880981445
0.21738600730895996
0.1948387622833252
0.21219158172607422
0.1842045783996582
0.19612765312194824
0.1966996192932129
0.2535426616668701
0.19566869735717773
0.15450763702392578
0.1756300926208496
0.25453734397888184
0.2083899974822998
0.19426393508911133
0.2325422763824463
0.2003340721130371
0.20864367485046387
0.195204496383667
0.15048575401306152
0.15376925468444824
0.1974940299987793
0.188767671585083
0.1991722583770752
0.18715929985046387
0.20101046562194824
0.19065022468566895
0.17371225357055664
0.25216102600097656
0.19348812103271484
0.25223755836486816
0.18871688842773438
0.21598291397094727
0.21167802810668945
0.20079278945922852
0.17215943336486816
0.1831047534942627
0.18775081634521484
0.21300363540649414
0.19344639778137207
0.210845947265625
0.22163701057434082
0.17962431907653809
0.19454741477966309
0.19989705085754395
0.19637608528137207
0.3799312114715576
0.18529891967773438
0.18451404571533203
0.19120478630065918
0.2151014804840088
0.1597604751586914
0.1488032341003418
0.14619112014770508
0.18648314476013184
0.20693087577819824
0.18030333518981934
0.17196273803710938
0.1912989616394043
0.20841240882873535
0.20850825309753418
0.17327189445495605
0.15685701370239258
0.14271211624145508
0.20639729499816895
0.18442416191101074
0.20603013038635254
0.25212860107421875
0.19080853462219238
0.21898317337036133
0.1965639591217041
0.22574758529663086
0.20516681671142578
0.1600501537322998
0.2202296257019043
0.22368860244750977
0.14353322982788086
0.13871216773986816
0.22475075721740723
0.18741750717163086
0.19185781478881836
0.19484281539916992
0.19771575927734375
0.1811540126800537
0.2256934642791748
0.16052556037902832
0.23789191246032715
0.20896482467651367
0.2406327724456787
0.22885537147521973
0.19631624221801758
0.17716741561889648
0.19414424896240234
0.2106151580810547
0.19887876510620117
0.15621447563171387
0.2125413417816162
0.19171524047851562
0.19579148292541504
0.19050145149230957
0.18128108978271484
0.20425891876220703
0.1861739158630371
0.12967944145202637
0.1945185661315918
0.15647506713867188
0.2281475067138672
0.22521114349365234
0.2139887809753418
0.18879318237304688
0.21290946006774902
0.19500374794006348
0.15854358673095703
0.1675879955291748
0.19995665550231934
0.15771818161010742
0.23600459098815918
0.1944568157196045
0.2014608383178711
0.19041991233825684
0.17911124229431152
0.20197677612304688
0.17896127700805664
0.18663763999938965
0.18695998191833496
0.15717554092407227
0.13597536087036133
0.17323827743530273
0.23706293106079102
0.20600295066833496
0.20609021186828613
0.2198193073272705
0.19790339469909668
0.18257570266723633
0.1689145565032959
0.18709802627563477
0.1838057041168213
0.13227367401123047
0.17340397834777832
0.2115318775177002
0.21075034141540527
0.19573330879211426
0.19661355018615723
0.1897587776184082
0.2008380889892578
0.19835901260375977
0.17245221138000488
0.23821783065795898
0.18242716789245605
0.21619606018066406
0.1987931728363037
0.22440481185913086
0.18087124824523926
0.1564927101135254
0.13988327980041504
0.18300843238830566
0.19176506996154785
0.17532587051391602
0.2363595962524414
0.19771862030029297
0.19810032844543457
0.22449350357055664
0.22336649894714355
0.1632843017578125
0.22211599349975586
0.1988530158996582
0.17209625244140625
0.18428778648376465
0.19305205345153809
0.1704115867614746
0.17903757095336914
0.19224119186401367
0.24350380897521973
0.18350911140441895
0.20316362380981445
0.18281149864196777
0.18271923065185547
0.19661164283752441
0.23761391639709473
0.16248083114624023
0.2100224494934082
0.14696884155273438
0.13703608512878418
0.20497775077819824
0.2098093032836914
0.2589116096496582
0.20559239387512207
0.2222599983215332
0.20415925979614258
0.20786809921264648
0.25242018699645996
0.17137980461120605
0.18066644668579102
0.20694613456726074
0.18359994888305664
0.19903278350830078
0.1937541961669922
0.14946269989013672
0.14254474639892578
0.17986798286437988
0.2271137237548828
0.1513371467590332
0.22076630592346191
0.22786450386047363
0.190690279006958
0.18815159797668457
0.19575953483581543
0.24551653861999512
0.27655744552612305
0.1948533058166504
0.2326512336730957
0.1787738800048828
0.1898200511932373
0.24346423149108887
0.17580699920654297
0.19225811958312988
0.1608726978302002
0.1951305866241455
0.20623159408569336
0.1830158233642578
0.192521333694458
0.1849672794342041
0.25688767433166504
0.22203922271728516
0.19403910636901855
0.1444859504699707
0.14754366874694824
0.23935174942016602
0.20952749252319336
0.23320364952087402
0.18998289108276367
0.17574095726013184
0.21096038818359375
0.18657135963439941
0.19275355339050293
0.18137717247009277
0.15665268898010254
0.27496838569641113
0.3581678867340088
0.18114519119262695
0.3051776885986328
0.21006202697753906
0.18126821517944336
0.24241089820861816
0.1942005157470703
0.18831515312194824
0.22317147254943848
0.1949148178100586
0.18184447288513184
0.19350075721740723
0.15944719314575195
0.1954355239868164
0.2130889892578125
0.2767634391784668
0.15732312202453613
0.26317596435546875
0.22881865501403809
0.18100571632385254
0.17316770553588867
0.1766362190246582
0.23514938354492188
0.20325756072998047
0.17719578742980957
0.19283676147460938
0.2230222225189209
0.19634628295898438
0.19697284698486328
0.18430328369140625
0.1342463493347168
0.184495210647583
0.1887357234954834
0.223982572555542
0.19249796867370605
0.18340563774108887
1.6042070388793945
0.1965618133544922
0.199676513671875
0.16557002067565918
0.24632549285888672
0.18243670463562012
0.15204644203186035
0.18990492820739746
0.20931267738342285
0.247208833694458
0.15957427024841309
0.18765544891357422
0.18820500373840332
0.16013264656066895
0.27449488639831543
0.19007134437561035
0.18925809860229492
0.15408611297607422
0.21469473838806152
0.1918036937713623
0.15117931365966797
0.2045128345489502
0.2179727554321289
0.21594858169555664
0.21159982681274414
0.18126368522644043
0.18558740615844727
0.2026681900024414
0.22822928428649902
0.20047569274902344
0.17931199073791504
0.15722179412841797
0.14057374000549316
0.18905353546142578
0.1880650520324707
0.21729516983032227
0.19799065589904785
0.14737677574157715
0.1889653205871582
0.18039608001708984
0.18994975090026855
0.19289183616638184
0.20732712745666504
0.23143935203552246
0.17322945594787598
0.19371271133422852
0.2530193328857422
0.16672134399414062
0.18154621124267578
0.20574641227722168
0.18437719345092773
0.18362951278686523
0.20622920989990234
0.1882791519165039
0.20332980155944824
0.18747639656066895
0.1710987091064453
0.18425345420837402
0.2560751438140869
0.23832941055297852
0.19305086135864258
0.20227265357971191
0.18209552764892578
0.2057790756225586
0.14617586135864258
0.20984220504760742
0.20800399780273438
0.18576502799987793
0.15781044960021973
0.20197772979736328
0.18402314186096191
0.22079229354858398
0.18272161483764648
0.21214675903320312
0.20301389694213867
0.18175864219665527
0.15474772453308105
0.14777112007141113
0.1957111358642578
0.13504433631896973
0.17679786682128906
0.17966485023498535
0.1693098545074463
0.23853302001953125
0.17014026641845703
0.19997477531433105
0.19545245170593262
0.17071318626403809
0.23172903060913086
0.21093225479125977
0.19681811332702637
0.18221569061279297
0.1834118366241455
0.18369126319885254
0.18841981887817383
0.20354008674621582
0.1424696445465088
0.2313241958618164
0.2282710075378418
0.2094109058380127
0.1697077751159668
0.17957520484924316
0.19626426696777344
0.1748065948486328
0.14305591583251953
0.1827535629272461
0.18974566459655762
0.20566630363464355
0.18096327781677246
0.19727301597595215
0.1624741554260254
0.18016552925109863
0.23672223091125488
0.19440007209777832
0.17542481422424316
0.23288393020629883
0.17384076118469238
0.17981600761413574
0.13994741439819336
0.13899660110473633
0.16762185096740723
0.19165897369384766
0.19532561302185059
0.19620347023010254
0.1805896759033203
0.14371466636657715
0.1394786834716797
0.14030933380126953
0.17731857299804688
0.20216751098632812
0.1933591365814209
0.19633126258850098
0.21709680557250977
0.1877138614654541
0.23689603805541992
0.18277215957641602
0.1442859172821045
0.19402384757995605
0.20194339752197266
0.1935582160949707
0.17724370956420898
0.27237892150878906
0.18869853019714355
0.1713545322418213
0.19876360893249512
0.1507093906402588
0.19162797927856445
0.2027454376220703
0.2099909782409668
0.45821595191955566
0.19425654411315918
0.19582867622375488
0.1885511875152588
0.19278454780578613
0.1938915252685547
0.1832120418548584
0.19298768043518066
0.1779334545135498
0.1984260082244873
0.20131158828735352
0.23732686042785645
0.190964937210083
0.191117525100708
0.23717498779296875
0.2503385543823242
0.20004916191101074
0.20909357070922852
0.1976170539855957
0.21428871154785156
0.2770540714263916
0.19330143928527832
0.1906723976135254
0.1880803108215332
0.2535240650177002
0.1710214614868164
0.19585013389587402
0.19728970527648926
0.21811747550964355
0.18425703048706055
0.1830124855041504
0.17281293869018555
0.21065115928649902
0.1879138946533203
0.17538046836853027
0.21075677871704102
0.15476751327514648
0.1918776035308838
0.21433472633361816
0.21131610870361328
0.1824965476989746
0.13007664680480957
0.19127202033996582
0.1938169002532959
0.1830277442932129
0.21226835250854492
0.12899565696716309
0.1882338523864746
0.1890089511871338
0.1891322135925293
0.15230703353881836
0.17578530311584473
0.19525957107543945
0.19766616821289062
0.19110417366027832
0.18499207496643066
0.19607138633728027
0.21151113510131836
0.18599152565002441
0.1913928985595703
0.1956169605255127
0.17834043502807617
0.1945934295654297
0.18722844123840332
0.18739652633666992
0.17417144775390625
0.20157074928283691
0.18822479248046875
0.22041630744934082
0.21107196807861328
0.25356435775756836
0.2062065601348877
0.1856849193572998
0.21714568138122559
0.18950414657592773
0.20973467826843262
0.23199033737182617
0.18981719017028809
1.2379546165466309
0.24219870567321777
0.18660306930541992
0.19930315017700195
0.1421523094177246
0.16946744918823242
0.16235589981079102
0.2209458351135254
0.13942599296569824
0.20878076553344727
0.1506214141845703
0.2041940689086914
0.20207571983337402
0.2155144214630127
0.17284321784973145
0.17931175231933594
0.16244959831237793
0.25406861305236816
0.1408984661102295
0.19282269477844238
0.20586776733398438
0.1417853832244873
0.1793217658996582
0.20795273780822754
0.19666385650634766
0.1894521713256836
0.20500874519348145
0.20434284210205078
0.18421316146850586
0.20227694511413574
0.19088268280029297
0.22038745880126953
0.3480415344238281
0.26098084449768066
0.19291329383850098
0.2524099349975586
0.1851353645324707
0.1840803623199463
0.20276856422424316
0.1968975067138672
0.22626543045043945
0.19638562202453613
0.1815037727355957
0.20452070236206055
0.19721484184265137
0.23719501495361328
0.20002436637878418
0.22189021110534668
0.24473786354064941
0.22980856895446777
0.15764451026916504
0.2072594165802002
0.20219063758850098
0.17001581192016602
0.20529460906982422
0.2069864273071289
0.1443462371826172
0.18886160850524902
0.19415950775146484
0.1845874786376953
0.1975092887878418
0.16964340209960938
0.20122528076171875
0.17799043655395508
0.18131661415100098
0.201371431350708
0.19009685516357422
0.23000025749206543
0.4126241207122803
0.200272798538208
0.19724678993225098
0.1911776065826416
0.27916836738586426
0.21667981147766113
0.16403555870056152
0.17993998527526855
0.18368911743164062
0.1404120922088623
0.19072985649108887
0.2416677474975586
0.20220494270324707
0.1908431053161621
0.1844499111175537
0.18741822242736816
0.18854880332946777
0.19490575790405273
0.17453861236572266
0.20135283470153809
0.1446394920349121
0.2161111831665039
0.20214271545410156
0.20812726020812988
0.2334141731262207
0.19976377487182617
0.192732572555542
0.21198725700378418
0.19753241539001465
0.2078549861907959
0.17636322975158691
0.15221095085144043
0.23661375045776367
0.17908620834350586
0.2907242774963379
0.2153472900390625
0.2611856460571289
0.19447803497314453
0.1445155143737793
0.18185853958129883
0.2006068229675293
0.1889796257019043
0.15958213806152344
0.1459949016571045
0.14483213424682617
0.1933915615081787
0.15827417373657227
0.18098735809326172
0.2202625274658203
0.18601608276367188
0.20926737785339355
0.21314215660095215
0.2158679962158203
0.1798560619354248
0.20660042762756348
0.17485451698303223
0.18574857711791992
0.1516406536102295
0.1732771396636963
0.2102656364440918
0.18421196937561035
0.16654396057128906
0.24791336059570312
0.213454008102417
0.2545599937438965
0.18697667121887207
0.18517541885375977
0.18056583404541016
0.18722295761108398
0.20256710052490234
0.1700303554534912
0.21009254455566406
0.19389009475708008
0.18139171600341797
0.18296527862548828
0.18695664405822754
0.21071386337280273
0.18680429458618164
0.17882966995239258
0.14107298851013184
0.21326208114624023
0.2057788372039795
0.14084553718566895
0.14461588859558105
0.14013886451721191
0.19917750358581543
0.18776202201843262
0.1878037452697754
0.1703345775604248
0.19080042839050293
0.18802905082702637
0.1878659725189209
0.22572040557861328
0.1828169822692871
0.19042634963989258
0.19748950004577637
0.1859910488128662
0.19379901885986328
0.21175217628479004
0.18296575546264648
0.19929099082946777
0.18554186820983887
0.19972729682922363
0.19069647789001465
0.18160057067871094
0.1926422119140625
0.1802511215209961
0.2328014373779297
0.1459517478942871
0.14851117134094238
0.199021577835083
0.20981431007385254
0.19634127616882324
0.2097926139831543
0.19778752326965332
0.21480679512023926
0.1837310791015625
0.15181589126586914
0.19790101051330566
0.21480154991149902
0.1915440559387207
0.2447967529296875
0.17872047424316406
0.17990684509277344
0.14644861221313477
0.1455237865447998
0.2301185131072998
0.1972653865814209
0.2076101303100586
0.18851017951965332
0.20463061332702637
0.1888420581817627
0.20114564895629883
0.21097993850708008
0.19904017448425293
0.20407342910766602
0.21237468719482422
0.20008349418640137
0.25037384033203125
0.20014238357543945
0.23419785499572754
0.15237760543823242
0.18581271171569824
0.19219398498535156
0.20714426040649414
0.20332050323486328
0.19385910034179688
0.14768552780151367
0.14382290840148926
0.23953652381896973
0.22242331504821777
0.14417576789855957
0.22697949409484863
0.29364752769470215
0.8130760192871094
0.18226885795593262
0.2128465175628662
0.20966243743896484
0.1932389736175537
0.18743395805358887
0.20236682891845703
0.19113659858703613
0.2357933521270752
0.18909764289855957
0.20005035400390625
0.1995995044708252
0.20826435089111328
0.18291854858398438
0.18557357788085938
0.17481207847595215
0.21125388145446777
0.20449280738830566
0.22410941123962402
0.23001551628112793
0.18975043296813965
0.16626524925231934
0.2737860679626465
0.20558643341064453
0.19334816932678223
0.18397903442382812
0.1420273780822754
0.16858482360839844
1.1983575820922852
0.17672276496887207
0.19120287895202637
0.19708585739135742
0.15742087364196777
0.2388148307800293
0.21353411674499512
0.1825237274169922
0.19995903968811035
0.17322993278503418
0.23905277252197266
0.20037317276000977
0.18578553199768066
0.18925952911376953
0.18916559219360352
0.19395136833190918
0.1898517608642578
0.2251131534576416
0.15126323699951172
0.2072608470916748
0.17566967010498047
0.18645477294921875
0.17920541763305664
0.1927938461303711
0.23313307762145996
0.2088325023651123
0.14431405067443848
0.19243669509887695
0.21187400817871094
0.3094058036804199
0.20152020454406738
0.1891345977783203
0.1738431453704834
0.15540790557861328
0.1915597915649414
0.2042236328125
0.19684243202209473
0.21276402473449707
0.1614518165588379
0.19352483749389648
0.18877530097961426
1.203556776046753
0.21890997886657715
0.17931413650512695
0.17766308784484863
0.24294543266296387
0.233839750289917
0.2118668556213379
0.20855450630187988
0.18311095237731934
0.18721580505371094
0.21193695068359375
0.2334284782409668
0.21206068992614746
0.1829226016998291
0.12931346893310547
0.16918420791625977
0.18085289001464844
0.1877577304840088
0.15073490142822266
0.1870870590209961
0.19062566757202148
0.18761730194091797
0.2025132179260254
0.19635987281799316
0.19199848175048828
0.19383549690246582
0.15244531631469727
0.2149055004119873
0.21425628662109375
0.22196078300476074
0.2397172451019287
0.21425437927246094
0.35158300399780273
0.3855712413787842
0.23955297470092773
0.20827865600585938
0.22924399375915527
0.2065882682800293
0.18242263793945312
0.19663357734680176
0.18027758598327637
0.19818353652954102
0.21987223625183105
0.25168466567993164
0.2773594856262207
0.2335643768310547
0.18343782424926758
0.19355392456054688
0.16468214988708496
0.19070053100585938
0.1809711456298828
0.19244384765625
0.244520902633667
0.1873798370361328
0.1888105869293213
0.18469810485839844
0.18276119232177734
0.16774916648864746
0.1842653751373291
0.21101880073547363
0.20748114585876465
0.2759058475494385
0.2327132225036621
0.18869352340698242
0.21655869483947754
0.20337653160095215
0.3634212017059326
0.18729615211486816
0.18937468528747559
0.1914231777191162
0.18817663192749023
0.19099664688110352
0.16644716262817383
0.19727659225463867
0.18700098991394043
0.16399693489074707
0.24222660064697266
0.21567893028259277
0.18918085098266602
0.2037816047668457
0.2197742462158203
0.1841738224029541
0.1613483428955078
0.24131560325622559
0.17613554000854492
0.17943787574768066
0.1878831386566162
0.20241093635559082
0.1875622272491455
0.14223504066467285
0.20871663093566895
0.19722628593444824
0.16630768775939941
0.22649598121643066
0.16050982475280762
0.1995713710784912
0.19095778465270996
0.18435454368591309
1.1938140392303467
0.23196005821228027
0.20556426048278809
0.2085268497467041
0.163985013961792
0.20933294296264648
0.18130874633789062
0.18212389945983887
0.21131658554077148
0.1800704002380371
0.13332819938659668
0.19081521034240723
0.18343710899353027
0.17225289344787598
0.23119497299194336
0.14754223823547363
0.2426743507385254
0.1867687702178955
0.19314336776733398
0.18883919715881348
0.1976163387298584
0.14439177513122559
0.19055724143981934
0.19655299186706543
0.2246100902557373
0.20614171028137207
0.18685460090637207
0.18387269973754883
0.20628738403320312
0.1835188865661621
0.1987135410308838
0.18758773803710938
0.1993117332458496
0.18987703323364258
0.20282745361328125
0.17677640914916992
0.23140859603881836
0.17568492889404297
0.19277453422546387
0.2251720428466797
0.19062042236328125
1.1874935626983643
0.21939611434936523
0.19846200942993164
0.19811010360717773
0.18097639083862305
0.24216628074645996
0.2315382957458496
0.186720609664917
0.17930054664611816
0.21617531776428223
0.19180870056152344
0.21465396881103516
0.187974214553833
0.14415621757507324
0.19144320487976074
0.16322755813598633
0.18484210968017578
0.2528953552246094
0.22648167610168457
0.19211077690124512
0.20425701141357422
0.20573997497558594
0.19408154487609863
0.21587920188903809
0.2307109832763672
0.2143254280090332
0.18808650970458984
0.19257378578186035
0.16556358337402344
0.16676568984985352
0.19702744483947754
0.14607024192810059
0.23062849044799805
0.24178838729858398
0.22945880889892578
0.16779184341430664
0.1581592559814453
0.22248363494873047
0.3136112689971924
0.2623915672302246
0.20113325119018555
0.1815953254699707
0.15412569046020508
0.19540905952453613
0.20072674751281738
0.18834328651428223
0.20522832870483398
0.21559810638427734
0.22780680656433105
0.18575263023376465
0.22967982292175293
0.21145415306091309
0.1931617259979248
0.17845416069030762
0.21222543716430664
0.20974469184875488
0.19820618629455566
0.18462038040161133
0.17983055114746094
0.1943831443786621
0.18761277198791504
0.1850419044494629
0.21793770790100098
0.28551697731018066
0.2266087532043457
0.1852879524230957
0.18428349494934082
0.18169736862182617
0.45322751998901367
0.1769561767578125
0.17781925201416016
1.1976280212402344
0.1939406394958496
0.21555280685424805
0.19153356552124023
0.16233134269714355
0.13869547843933105
0.1702260971069336
0.18212485313415527
0.1867077350616455
0.2031252384185791
0.17676806449890137
0.2220454216003418
0.18459272384643555
0.187605619430542
0.15561532974243164
0.19057345390319824
0.15351152420043945
0.1922609806060791
0.18354201316833496
0.2227039337158203
0.1886122226715088
0.1497194766998291
0.20796871185302734
0.18159818649291992
0.21328234672546387
0.19787240028381348
0.20245909690856934
0.15978002548217773
0.17940449714660645
0.20930743217468262
0.19214630126953125
0.24494123458862305
0.2072010040283203
0.18352651596069336
0.2082052230834961
0.20791959762573242
0.18089675903320312
0.2741672992706299
0.1848125457763672
0.17886018753051758
0.20479750633239746
0.18659663200378418
0.1958620548248291
0.19028019905090332
0.18382978439331055
0.18558430671691895
0.17614507675170898
0.17279458045959473
0.19295763969421387
0.1821455955505371
0.19272851943969727
0.1449129581451416
0.19974231719970703
0.17867350578308105
0.2518043518066406
0.18072938919067383
0.17434120178222656
0.21431851387023926
0.18692851066589355
0.2120835781097412
0.21312975883483887
0.1812746524810791
0.14070415496826172
0.1779026985168457
0.17664885520935059
0.18747615814208984
0.23080134391784668
0.19424748420715332
0.3795323371887207
0.4448397159576416
0.19935011863708496
0.21834826469421387
0.1816544532775879
0.2494947910308838
0.6475176811218262
0.35724306106567383
0.1939868927001953
0.19415760040283203
0.2145707607269287
0.19057440757751465
0.19030499458312988
0.19292211532592773
0.22053217887878418
0.185638427734375
0.22065210342407227
0.17350363731384277
0.20236849784851074
0.2301013469696045
0.17943692207336426
0.2012767791748047
0.2381293773651123
0.210648775100708
0.18068671226501465
0.15135908126831055
0.1893019676208496
0.19281435012817383
0.23836565017700195
0.1813209056854248
0.18694829940795898
0.16381549835205078
0.20505523681640625
0.21019339561462402
0.4710562229156494
0.2606492042541504
0.24670648574829102
0.19019103050231934
0.19175958633422852
0.14658737182617188
0.18909025192260742
0.19786739349365234
0.22838878631591797
0.2254786491394043
0.1650400161743164
0.20936036109924316
0.2108018398284912
0.1562361717224121
0.14024138450622559
0.18592476844787598
0.17162537574768066
0.19911456108093262
0.20025992393493652
0.14281868934631348
0.24420833587646484
0.19400429725646973
0.17357206344604492
0.14106464385986328
0.21138262748718262
0.19063425064086914
0.1764216423034668
0.16364812850952148
0.15928363800048828
0.25401902198791504
0.1714768409729004
0.1853806972503662
0.25995898246765137
0.17976117134094238
0.19251155853271484
0.19018077850341797
0.23183560371398926
0.39589691162109375
0.1854076385498047
0.22029399871826172
0.19475793838500977
0.18871831893920898
0.20145702362060547
0.27296924591064453
0.19013428688049316
0.20200800895690918
0.1908550262451172
0.1959543228149414
0.2566518783569336
0.1815354824066162
0.1910390853881836
0.1898665428161621
0.16016221046447754
0.18909358978271484
0.2077791690826416
0.23980951309204102
0.2029268741607666
0.2072896957397461
0.2334747314453125
0.21119904518127441
0.1804802417755127
0.19827508926391602
0.18596410751342773
0.37253332138061523
0.18443918228149414
0.22358465194702148
0.20204734802246094
0.299623966217041
0.17577767372131348
0.1815028190612793
0.19483184814453125
0.16406512260437012
0.22019219398498535
0.17943406105041504
0.1754741668701172
0.1398158073425293
0.20332717895507812
0.20726990699768066
0.1901860237121582
0.25283265113830566
0.22848033905029297
0.21434736251831055
0.18600893020629883
0.1449437141418457
0.17915773391723633
0.19461607933044434
0.27042341232299805
0.1882495880126953
0.2145993709564209
0.24942898750305176
0.1872246265411377
0.1289372444152832
0.18382930755615234
0.1867525577545166
0.20066165924072266
0.18892621994018555
0.21646761894226074
0.23714351654052734
0.18870878219604492
0.20889616012573242
0.1885058879852295
0.19072651863098145
0.1911628246307373
0.17030119895935059
0.18481111526489258
0.19512343406677246
0.20621943473815918
0.13906311988830566
0.1959383487701416
0.16715478897094727
0.14883041381835938
0.1792905330657959
0.19284629821777344
0.14680933952331543
0.23552250862121582
0.1706068515777588
0.1987605094909668
0.1947944164276123
0.17552781105041504
0.18755626678466797
0.17621421813964844
0.19245672225952148
0.18806791305541992
0.2145681381225586
0.23681926727294922
0.1938464641571045
0.22798776626586914
0.17851805686950684
0.20382356643676758
0.1592097282409668
0.1929492950439453
0.20453310012817383
0.19663047790527344
0.17969965934753418
0.18987321853637695
0.17326879501342773
0.23735332489013672
0.24549579620361328
0.1575610637664795
0.20095324516296387
0.20647192001342773
0.18562841415405273
0.1846141815185547
0.23111867904663086
0.19560933113098145
0.18276453018188477
0.23713397979736328
0.182112455368042
0.1542682647705078
0.18558096885681152
0.19226360321044922
0.19450759887695312
0.22139406204223633
0.15212345123291016
0.20835661888122559
0.18288469314575195
0.23975539207458496
0.1888291835784912
0.18842434883117676
0.20303821563720703
0.2031848430633545
0.1844472885131836
0.21198511123657227
0.17196393013000488
0.1874079704284668
0.19662022590637207
0.18113183975219727
0.17226457595825195
0.180680513381958
0.16519451141357422
0.19422364234924316
0.21602821350097656
0.18098974227905273
0.17902541160583496
0.19023823738098145
0.20905160903930664
0.18128037452697754
0.2045440673828125
0.18309926986694336
0.23919963836669922
0.21253347396850586
0.21797418594360352
0.21847820281982422
0.1926267147064209
0.25568628311157227
0.14526891708374023
0.21335840225219727
0.18994927406311035
0.22882890701293945
0.1384420394897461
0.1859128475189209
0.19048500061035156
0.18280386924743652
0.20279955863952637
0.21102166175842285
0.1931309700012207
0.23786568641662598
0.18546295166015625
0.2001326084136963
0.18364381790161133
0.14172077178955078
0.19913697242736816
0.2342665195465088
0.15485763549804688
0.1988694667816162
0.1765751838684082
0.16700291633605957
0.18331456184387207
0.2332909107208252
0.17492127418518066
0.1896069049835205
0.21767163276672363
0.18382501602172852
0.18213415145874023
0.2014603614807129
0.20823383331298828
0.18477368354797363
0.1513233184814453
0.27006983757019043
0.41603922843933105
0.2128582000732422
0.2439274787902832
0.242706298828125
0.21199965476989746
0.24800443649291992
0.23023128509521484
0.19999456405639648
0.19639015197753906
0.18935203552246094
0.17566585540771484
0.14057517051696777
0.18633222579956055
0.18595075607299805
0.21471929550170898
0.18742704391479492
0.18407988548278809
0.20679378509521484
0.17642450332641602
0.20620131492614746
0.239548921585083
0.16881108283996582
0.18524909019470215
0.2027111053466797
0.15388035774230957
0.21612811088562012
0.18349957466125488
0.18736624717712402
0.15271711349487305
0.20017695426940918
0.12717771530151367
0.18728232383728027
0.1428990364074707
0.18905925750732422
0.1944892406463623
0.18165254592895508
0.23943734169006348
0.2624976634979248
0.1773531436920166
0.23731279373168945
0.1598050594329834
0.1789841651916504
0.18364238739013672
0.2780189514160156
0.2345130443572998
0.20010781288146973
0.21156525611877441
0.2110764980316162
0.19286704063415527
0.19202160835266113
0.19354677200317383
0.3049166202545166
0.22626590728759766
0.18799924850463867
0.19158935546875
0.25365543365478516
0.17736124992370605
0.23399782180786133
0.2500782012939453
0.1976165771484375
0.1828300952911377
0.18355178833007812
0.18567919731140137
0.15035486221313477
0.2021496295928955
0.14989233016967773
0.19742369651794434
0.4092230796813965
0.27637195587158203
0.19349336624145508
0.19858789443969727
0.2017977237701416
0.19608616828918457
0.20164060592651367
0.20311474800109863
0.21493816375732422
0.16234970092773438
0.1942274570465088
0.19251155853271484
0.30121493339538574
0.1844615936279297
0.1753983497619629
0.18540143966674805
0.1438455581665039
0.2652256488800049
0.1886763572692871
0.14187908172607422
0.18613505363464355
0.24949407577514648
0.21459698677062988
0.13627839088439941
0.23320794105529785
0.2061309814453125
0.18220114707946777
0.18927216529846191
0.19936537742614746
0.2527925968170166
0.19426584243774414
0.17751717567443848
0.18836760520935059
0.23467803001403809
0.2102360725402832
0.16186976432800293
0.15439248085021973
0.1802074909210205
0.19406461715698242
0.18630433082580566
0.19377851486206055
0.17816543579101562
0.15925002098083496
0.1986544132232666
0.2900257110595703
0.18791723251342773
0.22043681144714355
0.1955091953277588
0.199387788772583
0.20485258102416992
0.18620681762695312
0.18853998184204102
0.2315058708190918
0.1512923240661621
0.15065526962280273
0.1747751235961914
0.2028663158416748
0.18813872337341309
0.22074317932128906
0.17909598350524902
0.23537659645080566
0.18627429008483887
0.2267909049987793
0.1987149715423584
0.20305776596069336
0.2137460708618164
0.150130033493042
0.19037175178527832
0.18525457382202148
0.21806764602661133
0.17857813835144043
0.17055916786193848
0.26109838485717773
0.22971534729003906
0.22019624710083008
0.18250465393066406
0.20146656036376953
0.20424795150756836
0.1936817169189453
0.2137751579284668
0.19344329833984375
0.18032193183898926
0.19533872604370117
0.21277666091918945
0.21103763580322266
0.21584129333496094
0.18007588386535645
0.21654534339904785
0.20722198486328125
0.18197083473205566
0.20475149154663086
0.28345370292663574
0.1936511993408203
0.1430666446685791
0.22870802879333496
0.19208121299743652
0.1962132453918457
0.18820476531982422
0.24084782600402832
0.20303654670715332
0.12759113311767578
0.18616771697998047
0.2050786018371582
0.15827512741088867
0.22780919075012207
0.1770339012145996
0.20171475410461426
0.19434690475463867
0.1555774211883545
0.1936337947845459
0.19922685623168945
0.18421506881713867
0.23125314712524414
0.18638086318969727
0.19777250289916992
0.2398524284362793
0.21287083625793457
0.2312638759613037
0.19070935249328613
0.20617318153381348
0.14868903160095215
0.15904784202575684
0.2592747211456299
0.1758565902709961
0.2012012004852295
0.16245245933532715
0.16504502296447754
0.2136542797088623
0.2139739990234375
0.14493393898010254
0.19057822227478027
0.1938190460205078
0.1853041648864746
0.19630861282348633
0.2288529872894287
0.1780099868774414
0.27089357376098633
0.18441367149353027
0.1862189769744873
0.2044374942779541
0.1965503692626953
0.14553523063659668
0.23528766632080078
0.18214082717895508
0.16294002532958984
0.1895151138305664
0.2412567138671875
0.18632125854492188
0.18301796913146973
0.22599244117736816
0.15436077117919922
0.1903221607208252
0.19747328758239746
0.19268274307250977
0.18744277954101562
0.20058941841125488
0.18323397636413574
0.1886460781097412
0.21731996536254883
0.18009376525878906
