0.44461512565612793
0.49748778343200684
0.4981803894042969
0.5677881240844727
0.6065609455108643
0.6400482654571533
0.6210122108459473
0.25181126594543457
0.8137037754058838
1.0121126174926758
0.8153426647186279
0.8794605731964111
1.0494861602783203
0.6984741687774658
0.9521455764770508
0.8715262413024902
1.1064045429229736
0.8038060665130615
1.0635123252868652
1.031648874282837
1.146254062652588
0.49751996994018555
0.6984298229217529
1.257105827331543
1.2560234069824219
1.2136549949645996
1.1354446411132812
1.0967671871185303
1.1738109588623047
0.2097001075744629
1.1175642013549805
1.0557303428649902
1.0687339305877686
0.6771862506866455
1.3853325843811035
1.1954634189605713
0.839017391204834
0.9848144054412842
1.042187213897705
1.1400153636932373
0.7888824939727783
0.7993340492248535
0.8086428642272949
0.905872106552124
0.9679436683654785
0.3399348258972168
0.38480305671691895
0.363161563873291
1.064051866531372
1.0824098587036133
1.1119980812072754
1.2199668884277344
1.093571424484253
0.7579004764556885
1.0855739116668701
1.5413696765899658
0.6926529407501221
0.5819175243377686
1.3856656551361084
1.8273522853851318
0.9902307987213135
0.9942736625671387
0.9235901832580566
0.8088545799255371
1.406717300415039
1.532289743423462
1.3751826286315918
1.0965325832366943
1.1522207260131836
1.6564960479736328
1.2822144031524658
1.599205732345581
0.7338695526123047
0.8832564353942871
0.8617277145385742
1.8178825378417969
1.8009943962097168
1.6158556938171387
1.1382782459259033
1.1661994457244873
0.8923661708831787
1.071749210357666
1.3018608093261719
1.6973872184753418
2.018089771270752
0.9586949348449707
1.5272562503814697
0.6405010223388672
0.9535434246063232
1.4031410217285156
1.9652369022369385
1.759535789489746
1.160308837890625
1.1491234302520752
1.5484848022460938
0.648078203201294
0.8124616146087646
0.811004638671875
0.519298791885376
2.4623961448669434
2.292018413543701
2.087146043777466
1.6403555870056152
1.9853787422180176
1.9632384777069092
1.9727067947387695
1.6174542903900146
1.8182168006896973
1.986715316772461
1.5683860778808594
1.5504894256591797
2.4295997619628906
2.04162335395813
1.4648432731628418
1.4213659763336182
2.2715864181518555
1.571012258529663
1.7691831588745117
0.5395221710205078
1.2218191623687744
0.8193087577819824
2.0957653522491455
1.632645845413208
1.6721513271331787
0.8157141208648682
2.169548273086548
2.246718645095825
2.196683406829834
1.5573925971984863
1.5137553215026855
1.4461989402770996
0.3899211883544922
0.36627793312072754
1.8656857013702393
1.2773070335388184
1.5399131774902344
1.830322027206421
1.8294577598571777
0.9314813613891602
2.0924222469329834
1.757920503616333
1.7276442050933838
1.3783843517303467
1.2729918956756592
1.2960734367370605
1.7924222946166992
1.4116828441619873
2.17228102684021
2.055734634399414
1.885606288909912
1.4841313362121582
1.3726694583892822
1.3700604438781738
1.4052557945251465
1.9538166522979736
0.6562619209289551
0.6881933212280273
1.2951645851135254
0.3178894519805908
1.9066309928894043
1.3890879154205322
2.039088487625122
2.1141490936279297
1.320192813873291
1.137598991394043
1.442070722579956
0.9177353382110596
1.6128003597259521
2.434624433517456
1.9577829837799072
1.6895709037780762
1.6439952850341797
2.3477344512939453
2.5419821739196777
1.3450183868408203
2.386127233505249
2.5986902713775635
2.352095127105713
1.7306108474731445
2.626404285430908
2.5400664806365967
1.905585765838623
2.342808723449707
0.6423413753509521
0.3977694511413574
2.0353660583496094
2.3649165630340576
1.5211665630340576
1.4653029441833496
1.584139108657837
0.6885051727294922
1.349193811416626
1.6440057754516602
0.814424991607666
0.857689380645752
0.7716536521911621
0.8657920360565186
1.0719058513641357
4.171619892120361
0.24132370948791504
2.472656488418579
2.1499245166778564
1.9801037311553955
1.4937162399291992
1.6283960342407227
1.4902381896972656
1.470810890197754
1.5201992988586426
2.2307558059692383
1.9596338272094727
2.721280336380005
2.3486223220825195
2.2238826751708984
2.0859298706054688
0.8349981307983398
0.8520097732543945
0.8653886318206787
0.2899637222290039
1.804772138595581
0.20201396942138672
0.3416132926940918
0.4072258472442627
0.34304165840148926
0.2630796432495117
2.3957605361938477
2.6684324741363525
1.2882719039916992
2.794661045074463
1.7031292915344238
1.6190645694732666
1.9693894386291504
1.2235426902770996
0.5003175735473633
0.42357635498046875
2.4997384548187256
0.2416234016418457
2.778273344039917
2.5134479999542236
2.2292537689208984
1.7539777755737305
2.1490180492401123
1.429389476776123
2.2190473079681396
2.7616424560546875
2.965277671813965
2.1740119457244873
1.220872163772583
2.6037757396698
1.998774766921997
2.4514100551605225
2.2311320304870605
0.7469253540039062
0.30437612533569336
0.5301566123962402
0.3023700714111328
0.535836935043335
1.910060167312622
0.4902794361114502
0.6466641426086426
0.950294017791748
1.716439962387085
1.6910789012908936
1.1820714473724365
1.9874234199523926
2.0069808959960938
3.053180694580078
2.00883150100708
1.207470178604126
0.45823216438293457
0.45552754402160645
0.44596147537231445
0.21182656288146973
2.1787939071655273
1.624547004699707
0.8403668403625488
2.7010836601257324
0.49526286125183105
2.2521486282348633
1.4479899406433105
1.3835902214050293
2.910531759262085
2.8253278732299805
3.5233936309814453
2.2053654193878174
3.5278148651123047
3.826068639755249
1.925321340560913
1.0875639915466309
0.8776051998138428
2.8556289672851562
2.108403444290161
2.7754950523376465
3.415637969970703
2.8606295585632324
0.6446452140808105
0.6877255439758301
2.3557441234588623
1.6987428665161133
2.011716842651367
1.7162747383117676
1.274566888809204
1.5680627822875977
1.162698745727539
3.413484573364258
1.3450803756713867
4.66633939743042
4.602244138717651
4.788747787475586
2.502187490463257
1.3278276920318604
1.336899757385254
1.1992285251617432
5.191411018371582
4.258258581161499
1.168306589126587
1.215503454208374
0.734036922454834
0.729194164276123
0.7300989627838135
2.1654675006866455
2.398463010787964
2.8443965911865234
0.9420557022094727
0.8424186706542969
0.8007118701934814
0.6896483898162842
4.4069743156433105
4.01598596572876
1.5377869606018066
0.7594943046569824
0.7918097972869873
1.8648645877838135
1.7981181144714355
1.7965731620788574
2.2223153114318848
1.4844856262207031
0.5262949466705322
1.168945074081421
1.4325675964355469
5.134962797164917
0.8335115909576416
0.8498427867889404
0.8113691806793213
0.7855470180511475
4.179049253463745
0.7986850738525391
0.8102316856384277
1.411588430404663
4.7720746994018555
1.3673853874206543
1.4138927459716797
1.6270208358764648
1.012545108795166
1.3112297058105469
5.057433128356934
2.4795799255371094
1.4387972354888916
4.729499816894531
0.45229506492614746
4.955473184585571
2.8454997539520264
4.904376029968262
4.688005208969116
0.9768195152282715
0.5540964603424072
3.9091076850891113
1.068955659866333
1.0736055374145508
1.0948057174682617
4.641334772109985
0.9218547344207764
5.310120582580566
0.8640615940093994
3.651491641998291
1.1541061401367188
1.7849836349487305
1.1864068508148193
4.3679587841033936
0.7974371910095215
0.7727169990539551
0.7659375667572021
5.511796712875366
4.825645208358765
2.862419843673706
4.5852789878845215
2.2148733139038086
4.53545355796814
2.654352903366089
3.811471939086914
2.4123828411102295
2.5634818077087402
0.8925333023071289
0.8338360786437988
0.9243118762969971
1.2091064453125
1.116858720779419
1.2393314838409424
0.5125467777252197
4.190719127655029
5.556433916091919
5.878350019454956
2.246352434158325
3.9500572681427
2.8539187908172607
2.2858221530914307
4.970985412597656
2.056760787963867
1.5270423889160156
0.696483850479126
6.496946573257446
4.326488971710205
0.7929737567901611
5.399270057678223
0.7808709144592285
2.166804075241089
6.584022283554077
1.6018993854522705
1.2639429569244385
4.269812107086182
0.9770197868347168
0.9740757942199707
0.9594218730926514
0.9680123329162598
1.008113145828247
0.7660186290740967
4.445092439651489
4.336613655090332
0.7935163974761963
0.8025367259979248
5.247567415237427
2.283553123474121
5.6332197189331055
1.391089916229248
0.8803427219390869
0.8846325874328613
0.19645094871520996
6.799602270126343
6.66399359703064
3.491908073425293
5.115647792816162
3.1759531497955322
5.98814058303833
5.118652582168579
1.5528013706207275
1.363133430480957
0.16678977012634277
0.9468865394592285
1.0413434505462646
0.973675012588501
0.9802591800689697
4.995289325714111
3.042618989944458
5.901139736175537
1.5656001567840576
0.9758410453796387
0.9371795654296875
0.9223077297210693
0.927849292755127
0.9348266124725342
0.8741726875305176
0.8785536289215088
3.810502529144287
5.973426580429077
6.415434122085571
5.905425548553467
2.596254348754883
1.5750806331634521
4.128035306930542
3.5933337211608887
0.9784379005432129
2.541663885116577
1.9226324558258057
4.897249221801758
6.837944269180298
1.1510026454925537
1.9266831874847412
1.1643970012664795
1.124650239944458
1.1289925575256348
1.0793845653533936
1.2218234539031982
1.2221300601959229
1.0850656032562256
1.1241424083709717
1.0070381164550781
0.9879882335662842
5.2745726108551025
0.9756672382354736
0.802173376083374
1.9251899719238281
2.8500709533691406
2.8421618938446045
2.381235361099243
5.747575759887695
1.3914718627929688
0.9365005493164062
0.9430761337280273
0.8037445545196533
0.9649083614349365
1.218045711517334
1.4983668327331543
1.179809808731079
1.4396355152130127
2.840596914291382
2.800605058670044
0.35592198371887207
6.496662139892578
2.47308349609375
2.490917921066284
1.789252519607544
1.6173417568206787
5.989023685455322
1.044729471206665
1.2187905311584473
6.189921617507935
0.425922155380249
0.9773495197296143
2.6168417930603027
2.5064101219177246
7.228811025619507
1.7383615970611572
1.6402227878570557
1.0642848014831543
3.0180816650390625
1.2430086135864258
1.1256217956542969
1.151395559310913
1.011354684829712
2.6250224113464355
0.6038899421691895
0.5825808048248291
0.4369320869445801
1.1373655796051025
1.126795768737793
3.0650100708007812
3.109698534011841
2.6899075508117676
0.13060426712036133
7.991957664489746
1.5946877002716064
7.127935409545898
1.5942997932434082
1.4247877597808838
1.3297953605651855
1.5406849384307861
1.2993416786193848
0.5197844505310059
2.803988218307495
1.0960004329681396
6.010660409927368
4.473208427429199
1.2869694232940674
7.4399755001068115
2.8469505310058594
0.831212043762207
0.8437197208404541
1.4659788608551025
0.8527183532714844
0.6870050430297852
1.1624815464019775
1.2277202606201172
1.127486228942871
3.4098775386810303
3.4151694774627686
1.1388983726501465
1.3046610355377197
1.297572374343872
0.9118027687072754
3.0737948417663574
3.093946933746338
0.37764859199523926
0.8507764339447021
0.8281490802764893
5.640841960906982
0.7935538291931152
2.837972640991211
0.7962076663970947
0.7927477359771729
3.1870200634002686
2.879593849182129
6.432871103286743
8.461791515350342
1.0826539993286133
1.0042219161987305
1.0004446506500244
3.309921979904175
3.3237063884735107
0.6517453193664551
3.021347761154175
3.403726816177368
0.6096701622009277
3.165526866912842
1.114447832107544
1.1750667095184326
1.2711470127105713
1.050790786743164
1.080169916152954
7.420611381530762
7.810129880905151
3.0482566356658936
1.3280551433563232
0.9173014163970947
0.9638509750366211
0.9608299732208252
7.792877912521362
3.212965250015259
0.48732900619506836
0.4982798099517822
6.463877439498901
0.9847891330718994
4.431230783462524
3.202305793762207
1.3808598518371582
1.3757975101470947
0.3593134880065918
3.7463505268096924
3.867027759552002
3.802729368209839
3.799363136291504
3.836695671081543
3.9572207927703857
0.5659806728363037
3.260645627975464
1.3335199356079102
0.31386613845825195
1.0405254364013672
1.1739757061004639
6.382269859313965
1.0999598503112793
1.0713181495666504
0.9465885162353516
1.0176365375518799
1.0248174667358398
5.427898168563843
8.27572226524353
1.33416748046875
1.328784465789795
0.576256275177002
0.5755281448364258
0.5827028751373291
3.5322954654693604
0.43818116188049316
1.2747774124145508
1.2766306400299072
1.554321527481079
1.2953979969024658
1.2224819660186768
1.2447926998138428
1.2107512950897217
1.2153375148773193
1.1996123790740967
1.0095548629760742
3.6363980770111084
8.644701957702637
5.636619806289673
0.7933516502380371
0.2543971538543701
3.7015652656555176
0.6130366325378418
0.5529968738555908
1.1204185485839844
3.8177530765533447
3.7967405319213867
5.858702659606934
0.9430007934570312
0.5042212009429932
4.112458944320679
3.5718817710876465
3.9024877548217773
1.733877182006836
0.8882062435150146
0.8134775161743164
0.8320493698120117
1.2135486602783203
0.9857673645019531
0.1839127540588379
0.18963837623596191
0.6397414207458496
0.6819198131561279
0.9706308841705322
4.140343904495239
4.1520161628723145
3.2774622440338135
3.088770627975464
3.092705011367798
1.1668267250061035
0.7327184677124023
1.0269725322723389
0.9368999004364014
0.9372138977050781
0.9254491329193115
3.926001787185669
3.853773593902588
3.8318440914154053
0.9804167747497559
3.335358142852783
0.8479020595550537
4.323300361633301
4.3587517738342285
1.2922937870025635
1.2438228130340576
3.3716607093811035
3.3559062480926514
4.054369926452637
0.3878664970397949
1.0442156791687012
0.8880038261413574
0.7793741226196289
0.6831908226013184
0.6833930015563965
4.43473744392395
0.44891810417175293
4.3050150871276855
4.151411056518555
4.508870840072632
0.5170135498046875
0.5217211246490479
4.509417772293091
0.45963454246520996
3.6566762924194336
3.602365732192993
3.479539632797241
1.4854686260223389
1.7699761390686035
1.4834399223327637
4.220247507095337
1.3330409526824951
1.3079721927642822
1.3245372772216797
1.1406452655792236
0.7342574596405029
4.759291410446167
4.355456352233887
4.355314254760742
0.43999648094177246
0.7625589370727539
0.49066901206970215
0.9158816337585449
3.74113130569458
0.8376586437225342
0.711381196975708
4.836684703826904
1.2835657596588135
1.2879648208618164
0.8627719879150391
3.8227996826171875
4.57358980178833
0.45821118354797363
4.6931397914886475
1.048931360244751
4.595015048980713
0.9660985469818115
4.556423902511597
4.369478702545166
0.4779672622680664
0.21682524681091309
0.29149341583251953
0.30842018127441406
3.8712007999420166
0.4741504192352295
0.4953806400299072
0.48824262619018555
0.4907853603363037
0.5178468227386475
5.1176018714904785
3.939399480819702
5.227584600448608
0.6550233364105225
5.297439336776733
4.089942455291748
0.7691843509674072
5.382092475891113
0.5008602142333984
4.080425500869751
1.236557960510254
0.8924150466918945
5.4735260009765625
0.6127266883850098
4.164703607559204
0.5727708339691162
0.5690853595733643
0.5611960887908936
2.2543513774871826
1.3689649105072021
1.3857545852661133
1.2953360080718994
1.3823158740997314
0.9185059070587158
0.9186065196990967
1.4962618350982666
2.357496738433838
1.3564324378967285
0.9632129669189453
0.9516656398773193
4.38582181930542
3.688732862472534
0.47379016876220703
0.8808960914611816
0.4599323272705078
0.87697434425354
0.8362278938293457
4.462857246398926
0.8749516010284424
4.466048240661621
0.7875726222991943
0.8535182476043701
3.8117871284484863
0.772784948348999
0.6553962230682373
0.6542959213256836
0.5674922466278076
0.39798569679260254
4.553859710693359
4.560377597808838
4.565088748931885
3.8262038230895996
3.8160653114318848
0.24755263328552246
4.713756322860718
1.0617122650146484
4.441057205200195
4.439638137817383
3.9327800273895264
0.6461210250854492
0.6548810005187988
0.7113802433013916
4.71913743019104
4.712168216705322
4.563113689422607
4.0160813331604
0.5260801315307617
4.00641655921936
0.8949925899505615
0.8419320583343506
0.6186878681182861
0.6109254360198975
0.5958764553070068
4.7802510261535645
0.6410953998565674
0.5711572170257568
4.90002703666687
4.149067401885986
4.062894344329834
0.5649945735931396
4.0574188232421875
4.779997110366821
4.813740968704224
0.452833890914917
4.866643667221069
5.015163898468018
0.7683143615722656
5.0175721645355225
0.769719123840332
0.9563663005828857
0.9678738117218018
0.9680323600769043
0.9791312217712402
0.9679138660430908
4.896116495132446
0.9807662963867188
0.7361891269683838
0.7362844944000244
0.7151734828948975
5.013142347335815
0.7176079750061035
0.4103217124938965
0.29948973655700684
1.0019667148590088
1.0045340061187744
0.8755676746368408
0.8761870861053467
1.017301321029663
4.471323013305664
5.141738414764404
5.277351140975952
3.0543384552001953
0.7522509098052979
0.7057206630706787
0.702582836151123
0.22023367881774902
3.268860101699829
5.347646951675415
5.354345798492432
1.0689420700073242
1.0819334983825684
5.324756383895874
5.2375311851501465
5.264210939407349
5.231633901596069
0.9095621109008789
0.9155123233795166
0.6613223552703857
0.6555092334747314
4.77196478843689
0.7053067684173584
1.1506788730621338
1.034224510192871
1.1587896347045898
4.836959362030029
4.875772714614868
3.504263162612915
0.831632137298584
0.8531200885772705
0.8459599018096924
0.3613779544830322
0.8795320987701416
3.5509145259857178
3.6088273525238037
4.942983627319336
0.946469783782959
1.3730061054229736
1.4767014980316162
3.7415084838867188
5.025376796722412
0.6061477661132812
5.112769603729248
0.6685993671417236
1.2177248001098633
3.8613667488098145
1.1213712692260742
1.2905430793762207
1.0837948322296143
1.0914618968963623
0.8079190254211426
0.799001932144165
0.8410036563873291
4.979337930679321
4.7691216468811035
5.300983667373657
0.9080743789672852
1.4380724430084229
4.135108947753906
4.83406925201416
1.4832773208618164
1.552567481994629
1.3516418933868408
5.51396918296814
1.355083703994751
1.3541760444641113
0.8039295673370361
1.3667221069335938
1.3093571662902832
1.2809414863586426
1.3417556285858154
5.14683198928833
4.133849859237671
0.9156558513641357
0.8727247714996338
0.773827314376831
0.7109925746917725
4.911972284317017
0.656825065612793
0.7835595607757568
4.206348657608032
4.946747064590454
5.688205718994141
5.675199270248413
5.056856632232666
0.7761495113372803
0.8226644992828369
1.199080228805542
1.1064059734344482
1.1913201808929443
5.052445411682129
5.01186990737915
4.663132190704346
5.023707389831543
5.443042993545532
1.3599658012390137
0.7977683544158936
0.7200150489807129
0.6483681201934814
0.8714678287506104
1.5393292903900146
5.86894154548645
5.915459394454956
5.826717138290405
5.158621311187744
0.1373124122619629
4.6244916915893555
5.211380481719971
6.022962808609009
1.044818639755249
4.735774040222168
4.7386064529418945
0.8170480728149414
0.8319361209869385
0.8226022720336914
5.957442283630371
1.130176305770874
0.1972825527191162
0.5306193828582764
0.7101039886474609
4.7618727684021
1.1372673511505127
6.067735195159912
1.0810656547546387
1.024404764175415
0.5503590106964111
4.953179121017456
4.8464274406433105
4.85487699508667
0.8393380641937256
1.0299301147460938
0.8440189361572266
0.2587902545928955
1.0311157703399658
0.27675890922546387
1.120028018951416
0.707754373550415
0.7063627243041992
0.774996280670166
0.26609158515930176
4.820074558258057
4.702000856399536
1.19035005569458
6.272902488708496
6.239495754241943
0.8205780982971191
0.8206415176391602
0.8211977481842041
4.860435485839844
0.5787472724914551
0.5492665767669678
5.236865520477295
5.248090505599976
4.900634765625
4.97452187538147
6.519713401794434
0.4871964454650879
0.5213143825531006
1.0761170387268066
5.375701665878296
5.688061714172363
5.562109470367432
0.40216684341430664
5.368229150772095
0.45790839195251465
0.5369851589202881
0.5186667442321777
5.326515197753906
0.3651595115661621
0.2460169792175293
4.947369575500488
4.948276042938232
1.1973497867584229
1.3007681369781494
1.171354055404663
1.2606205940246582
1.3132379055023193
1.147859811782837
0.3206636905670166
0.8715488910675049
0.2681419849395752
0.8810861110687256
5.137861013412476
5.315443754196167
0.863034725189209
0.8867623805999756
5.676163673400879
1.2878425121307373
5.237724781036377
5.14550518989563
5.147842645645142
4.936839580535889
4.8541975021362305
4.925421953201294
4.854728698730469
3.7260446548461914
5.4168617725372314
5.446801662445068
1.126321792602539
1.0656039714813232
0.7264494895935059
0.7196862697601318
0.7265267372131348
0.6493854522705078
0.6800732612609863
0.529475212097168
4.927345514297485
4.9494688510894775
0.5853276252746582
0.6015777587890625
0.5926980972290039
0.5918223857879639
0.5502183437347412
5.616588115692139
5.630890607833862
5.023512125015259
0.24730777740478516
0.6713573932647705
0.8021352291107178
5.138700723648071
0.7595415115356445
0.5765464305877686
5.049497842788696
1.2178809642791748
1.2326648235321045
1.1711390018463135
1.060368299484253
1.0585665702819824
1.0446405410766602
5.1343090534210205
5.133913040161133
5.22630763053894
0.5128200054168701
4.288451910018921
4.450509309768677
0.8498570919036865
0.8297092914581299
0.8366172313690186
0.561481237411499
0.5990021228790283
0.5534505844116211
0.8471133708953857
0.851844310760498
0.8773276805877686
4.401901006698608
0.5952441692352295
5.296367883682251
5.402547359466553
0.4532017707824707
0.18610143661499023
4.515548229217529
0.9168596267700195
0.9109232425689697
5.602330446243286
5.333074569702148
0.3143157958984375
4.630352735519409
0.727346658706665
0.7125086784362793
4.796909332275391
4.700809717178345
5.40529465675354
0.41680121421813965
0.1760239601135254
1.0883986949920654
1.0441584587097168
4.3093037605285645
5.64781379699707
0.2605404853820801
4.593750476837158
0.8647687435150146
1.170661449432373
0.3737478256225586
0.23825764656066895
4.699273347854614
5.6272478103637695
5.604756593704224
5.645402669906616
0.8524723052978516
0.7383468151092529
0.7477736473083496
0.6999166011810303
0.7446105480194092
0.36780595779418945
0.3673269748687744
0.3826920986175537
4.474085092544556
4.359138488769531
4.505368232727051
1.4723525047302246
6.292098760604858
4.940457820892334
5.988780498504639
4.868508577346802
5.744746923446655
4.980280637741089
1.327451467514038
1.3273706436157227
1.3232414722442627
1.2917914390563965
1.3424837589263916
1.2513976097106934
0.6104683876037598
0.5563099384307861
0.6000995635986328
0.3333761692047119
4.981969356536865
0.5807054042816162
0.5803797245025635
0.5506072044372559
0.41474437713623047
0.6171810626983643
4.717745780944824
5.040674686431885
5.952515602111816
5.948324203491211
4.838737726211548
5.358317136764526
0.6479651927947998
0.6435754299163818
0.6155040264129639
0.6110410690307617
0.5535256862640381
0.619253396987915
5.180550813674927
5.469131708145142
6.194791078567505
0.8320424556732178
0.8164811134338379
0.6606886386871338
0.6590092182159424
4.545159578323364
0.39095425605773926
6.25312352180481
0.43856382369995117
0.8519735336303711
0.8823528289794922
0.8872983455657959
0.657820463180542
0.8858106136322021
0.3097801208496094
4.97461724281311
5.026244878768921
0.6932632923126221
0.44315052032470703
5.036336421966553
5.044568300247192
0.7788534164428711
4.829513788223267
4.855195999145508
0.8728342056274414
0.9173910617828369
0.9310586452484131
0.829944372177124
4.902996778488159
0.8309934139251709
0.7998325824737549
0.7890112400054932
0.8392140865325928
0.6778488159179688
5.018996477127075
5.0998499393463135
0.28215575218200684
5.188965797424316
0.7321641445159912
0.8945486545562744
0.7224287986755371
5.218343734741211
5.298766374588013
0.7174036502838135
0.8725240230560303
0.7456228733062744
5.033524990081787
5.006840944290161
5.571540355682373
0.2896125316619873
0.579749345779419
0.5757663249969482
0.5835199356079102
0.5740094184875488
5.3585755825042725
0.31939220428466797
5.054972410202026
5.0271642208099365
4.5794761180877686
5.6148388385772705
5.479674339294434
1.0183448791503906
7.4205968379974365
4.611616373062134
1.103632926940918
6.061878204345703
5.22261905670166
0.5206494331359863
5.23096227645874
5.70764946937561
5.719572305679321
0.7561988830566406
0.5244760513305664
0.5190389156341553
0.47272777557373047
0.5576307773590088
0.5898807048797607
0.5928030014038086
0.5040199756622314
5.714183330535889
1.2665445804595947
1.1296896934509277
1.1635990142822266
4.904010057449341
4.902146816253662
4.626710414886475
1.0637412071228027
1.3302781581878662
1.4086906909942627
0.9440581798553467
5.9395716190338135
0.7497503757476807
0.6151909828186035
0.5503466129302979
5.533546447753906
5.264824151992798
0.5847017765045166
0.5326864719390869
4.843400955200195
4.71663236618042
5.633471488952637
4.899580001831055
5.640926837921143
5.678260564804077
0.2233881950378418
5.382869005203247
5.398247003555298
5.337660789489746
5.3316569328308105
5.278895378112793
5.297774314880371
0.7731969356536865
0.7297725677490234
6.076987266540527
5.776824474334717
0.46576356887817383
5.709579229354858
5.039898872375488
5.78357720375061
5.59892463684082
5.636135578155518
4.824347972869873
0.7990996837615967
5.164354085922241
5.1759233474731445
5.507636308670044
5.167766332626343
5.149372577667236
0.3345799446105957
5.156919479370117
5.112565755844116
0.6774265766143799
0.5878069400787354
0.8381481170654297
0.6295571327209473
1.0338129997253418
1.070277452468872
0.6031031608581543
1.0859036445617676
0.9249155521392822
0.6436843872070312
0.5374341011047363
1.0409038066864014
1.0278432369232178
0.9535143375396729
0.9358370304107666
0.9665853977203369
0.9629628658294678
0.9155418872833252
0.9823529720306396
0.5086126327514648
0.5769972801208496
0.696117639541626
0.7746231555938721
0.3805222511291504
5.584284067153931
5.436897277832031
5.405609846115112
0.5171751976013184
0.4909498691558838
0.44188356399536133
4.489634037017822
1.0303897857666016
5.679326295852661
0.790823221206665
0.9155635833740234
0.8961737155914307
0.9129960536956787
0.8381764888763428
0.8597540855407715
5.512711524963379
0.9779758453369141
5.653343200683594
5.4144816398620605
1.011746883392334
5.165527105331421
5.404998064041138
5.429455995559692
4.843720197677612
4.843588829040527
5.733045816421509
1.2739872932434082
1.1237633228302002
4.714834451675415
0.4951348304748535
1.061652421951294
1.2041752338409424
1.060072660446167
1.0239455699920654
5.669892072677612
0.6256265640258789
0.49960875511169434
0.5383384227752686
0.5231986045837402
0.5987329483032227
5.446065425872803
5.4233691692352295
4.8665385246276855
5.085187196731567
1.6360950469970703
5.525449991226196
5.613567113876343
4.937703609466553
6.061943769454956
6.02546501159668
1.4917628765106201
1.3355300426483154
1.3077716827392578
1.434798240661621
1.3531265258789062
1.3560686111450195
0.825526237487793
5.068606615066528
4.973649740219116
5.511712551116943
0.33129096031188965
6.094472885131836
0.9403882026672363
0.9405417442321777
4.995978116989136
0.6534242630004883
5.629504203796387
5.180123805999756
0.9221043586730957
0.8130338191986084
0.6016757488250732
0.6871941089630127
0.6147847175598145
0.7551839351654053
0.7194359302520752
5.906250238418579
0.354689359664917
0.4489326477050781
0.4422035217285156
5.633171319961548
5.183899641036987
4.83678126335144
5.193310260772705
5.842349290847778
4.966375112533569
4.779715538024902
0.47323036193847656
0.2949657440185547
5.385815858840942
1.13016939163208
1.12123441696167
0.9329843521118164
0.9529032707214355
1.109438419342041
4.959948539733887
4.837286949157715
0.7908141613006592
4.9515111446380615
0.9338715076446533
0.9116172790527344
0.4541051387786865
0.5024805068969727
0.49754905700683594
0.6653087139129639
5.026232957839966
0.5869829654693604
0.575610876083374
5.38798713684082
4.986733913421631
5.365323543548584
0.5429463386535645
0.5177164077758789
0.3642756938934326
0.37487006187438965
4.816280841827393
1.148444652557373
1.1402201652526855
5.451215982437134
0.8795232772827148
0.45435166358947754
0.48622632026672363
0.486112117767334
1.4146003723144531
5.560361385345459
5.188481569290161
5.204433441162109
0.6416161060333252
1.265946626663208
1.3604638576507568
0.7557706832885742
5.061385869979858
5.097721338272095
1.3817169666290283
5.784447431564331
5.13827109336853
0.6147422790527344
6.8065409660339355
5.407042026519775
6.10442590713501
5.830535173416138
5.3837645053863525
0.6751894950866699
5.456182241439819
0.28158998489379883
0.23898720741271973
0.5963516235351562
6.027495384216309
1.5480124950408936
1.3883910179138184
1.3709971904754639
1.3972535133361816
1.4000437259674072
1.3595716953277588
0.8615765571594238
5.239598751068115
5.223607540130615
5.6249144077301025
5.2809953689575195
0.9382774829864502
0.9481930732727051
5.566004991531372
5.282591342926025
0.9007654190063477
5.743002414703369
1.1448094844818115
1.1200616359710693
5.3485777378082275
5.4681901931762695
0.1992182731628418
0.9854943752288818
5.459285020828247
1.0919756889343262
0.8456549644470215
0.8771629333496094
0.8969686031341553
5.994131803512573
5.297356843948364
5.540212392807007
4.952268362045288
5.165194988250732
0.8415167331695557
0.8486201763153076
5.168163061141968
1.2239034175872803
1.2950868606567383
1.149625301361084
0.3667948246002197
5.267070531845093
5.419862747192383
0.9302778244018555
0.96002197265625
0.9113419055938721
0.9122412204742432
0.9639580249786377
0.43755435943603516
0.4531221389770508
1.2579119205474854
1.3458969593048096
1.2191498279571533
1.2303030490875244
5.3196117877960205
1.2704076766967773
4.966122627258301
5.006886720657349
4.824942350387573
4.825162410736084
4.8264548778533936
4.646055221557617
5.362028121948242
5.449279546737671
0.5064187049865723
1.1363706588745117
1.1318597793579102
1.2000784873962402
0.2072889804840088
1.0361003875732422
0.8807430267333984
1.2209877967834473
5.452466249465942
1.1120538711547852
1.0885376930236816
1.0490407943725586
0.28220343589782715
5.266923189163208
5.183993577957153
5.282508611679077
5.28839373588562
5.609633922576904
5.177487850189209
5.563803434371948
5.57297420501709
5.538490056991577
4.943116188049316
1.1129727363586426
0.6591737270355225
0.7481770515441895
0.7538559436798096
0.30381250381469727
0.860649824142456
0.6245458126068115
0.6467037200927734
0.6823346614837646
0.7115967273712158
0.5814380645751953
0.578596830368042
0.6910285949707031
0.6009926795959473
0.5823748111724854
0.8099265098571777
0.8964576721191406
1.0614650249481201
1.0255496501922607
1.0635809898376465
1.2530615329742432
1.0166656970977783
1.0025484561920166
1.0078423023223877
1.0520718097686768
0.7848606109619141
0.7744488716125488
0.9890077114105225
5.5742027759552
0.4630131721496582
0.4284515380859375
2.0411674976348877
1.0739526748657227
0.9671766757965088
0.9688112735748291
5.0924341678619385
5.138256788253784
1.1004533767700195
1.1081123352050781
0.7881300449371338
0.8176395893096924
0.8198938369750977
0.8882846832275391
0.8437697887420654
0.7536814212799072
4.732103109359741
1.0334665775299072
0.968801736831665
0.9274301528930664
0.9472310543060303
0.9713056087493896
0.4227924346923828
5.6250810623168945
5.5345542430877686
5.594026565551758
0.28424882888793945
5.3693928718566895
0.4894533157348633
0.7835299968719482
5.716782331466675
0.5942416191101074
5.011057138442993
5.363537311553955
0.4994513988494873
5.008518218994141
5.0748372077941895
5.440495491027832
5.477186441421509
5.477636814117432
0.6913588047027588
0.45595860481262207
5.812037229537964
5.811489105224609
0.6036467552185059
5.573888778686523
5.597777605056763
5.041603088378906
5.132934331893921
0.9246342182159424
0.8800885677337646
1.024646520614624
0.8966832160949707
0.8869943618774414
0.6069116592407227
0.2582120895385742
4.780883073806763
5.14962363243103
0.9982602596282959
6.05249547958374
0.729973554611206
0.7299487590789795
0.19512271881103516
5.143914461135864
5.1666340827941895
5.850364685058594
0.849327802658081
0.8976283073425293
6.221850156784058
0.7407495975494385
6.19907808303833
0.8409051895141602
0.7407932281494141
4.7670557498931885
5.007108688354492
5.157501697540283
0.8786659240722656
0.960402250289917
0.18480873107910156
4.932197570800781
1.0114333629608154
1.067662000656128
0.3957834243774414
5.201418399810791
0.3455832004547119
5.09109091758728
0.17144513130187988
0.9940273761749268
0.8713576793670654
5.218087196350098
4.978901147842407
0.9307153224945068
5.424362659454346
1.0057728290557861
5.151522636413574
0.8919858932495117
0.5832605361938477
0.6414134502410889
0.8859469890594482
0.6047360897064209
1.0442631244659424
0.8922097682952881
0.8593358993530273
0.6686651706695557
4.980882167816162
0.9291510581970215
0.7214159965515137
0.6338329315185547
5.300583839416504
5.119644641876221
5.630343437194824
5.649876117706299
5.786624193191528
0.2635993957519531
0.5436787605285645
5.245153188705444
5.711660385131836
4.912749528884888
4.917544603347778
0.6590120792388916
5.39276647567749
5.532306909561157
5.865042209625244
5.01367712020874
0.7906589508056641
0.7032101154327393
4.833014488220215
5.4343438148498535
0.30145883560180664
5.067404270172119
0.44475364685058594
5.484165191650391
5.183624505996704
6.259954452514648
0.3878474235534668
4.900304555892944
4.465482711791992
5.295241832733154
5.400747537612915
0.4996683597564697
0.9828109741210938
4.8648600578308105
0.9209542274475098
0.9328598976135254
0.8151960372924805
0.9361367225646973
0.8059780597686768
0.772864580154419
0.6699092388153076
5.268054962158203
1.1357219219207764
0.6070137023925781
0.6088712215423584
4.430066108703613
0.5410161018371582
0.6200392246246338
0.4208056926727295
1.1529381275177002
1.1794445514678955
1.1685988903045654
0.790532112121582
1.145498275756836
1.1309936046600342
0.5764961242675781
0.4661836624145508
0.587944507598877
5.471731662750244
5.366170167922974
4.57604718208313
4.762175559997559
4.3222761154174805
5.624881982803345
4.668166399002075
0.5916924476623535
0.5318810939788818
0.4952383041381836
0.38747501373291016
4.9264442920684814
5.225257158279419
0.27947163581848145
0.3891141414642334
0.6732580661773682
0.2078852653503418
5.020014524459839
5.035984992980957
5.610588073730469
5.013356924057007
5.019996166229248
5.012158632278442
5.003471374511719
4.908950328826904
0.6767904758453369
0.8072845935821533
4.604209661483765
4.608299493789673
4.604536056518555
5.006504535675049
5.00173020362854
0.3756744861602783
4.922318696975708
4.810949325561523
4.930395841598511
4.832516193389893
0.28401637077331543
0.26748156547546387
0.7890713214874268
0.7079048156738281
4.704089641571045
4.642514705657959
4.639015197753906
4.63529896736145
4.644437313079834
0.9765725135803223
0.5568451881408691
0.4252622127532959
0.40340447425842285
0.5225296020507812
1.0413322448730469
0.9762039184570312
0.9618351459503174
0.9035978317260742
0.8463470935821533
0.2987663745880127
0.8220889568328857
0.6406159400939941
0.7738103866577148
0.6427881717681885
0.8290469646453857
5.0160181522369385
0.6061301231384277
0.5541965961456299
0.550067663192749
0.41629791259765625
0.4098212718963623
0.5664384365081787
5.033149719238281
5.143953800201416
5.0321033000946045
0.9452230930328369
5.332704067230225
5.058505058288574
0.9000205993652344
0.9091768264770508
0.6505727767944336
0.2600224018096924
1.062988519668579
1.0126192569732666
4.6186134815216064
4.667723655700684
4.67190957069397
0.4588479995727539
0.7200191020965576
0.4576401710510254
4.4004151821136475
5.315774917602539
1.1621372699737549
1.0413129329681396
1.04183030128479
1.1714212894439697
1.132646083831787
4.784804821014404
4.604854106903076
4.622674465179443
5.387670993804932
0.5032761096954346
0.5435073375701904
0.5306689739227295
0.6507489681243896
0.6155862808227539
0.5475764274597168
0.24547648429870605
4.974336385726929
4.972472667694092
5.619853734970093
5.624413251876831
5.310710191726685
0.2895498275756836
5.043917894363403
4.86780858039856
4.849442720413208
4.856993675231934
0.45790600776672363
0.3281440734863281
0.7604084014892578
0.7696349620819092
0.9140052795410156
0.9125556945800781
4.929280996322632
0.4200625419616699
5.228307723999023
0.7446370124816895
5.048051834106445
0.7605669498443604
0.7592697143554688
0.7708585262298584
0.7480783462524414
5.293596267700195
0.21287083625793457
6.017645359039307
4.676663160324097
5.287883758544922
0.445706844329834
0.41799402236938477
5.1373021602630615
0.5223028659820557
0.4045870304107666
0.5964899063110352
0.22284841537475586
5.194303750991821
5.129728317260742
0.5535259246826172
0.5631246566772461
0.5572960376739502
0.3254547119140625
4.986318826675415
6.395413398742676
5.220889091491699
5.170397043228149
0.3937075138092041
0.4066944122314453
0.2717154026031494
5.558828115463257
5.399739027023315
4.916677474975586
0.19799065589904785
5.505117654800415
0.6184453964233398
0.8918464183807373
0.8148133754730225
5.3683319091796875
0.8323113918304443
0.5408587455749512
0.5661983489990234
0.6247057914733887
0.21582674980163574
0.427520751953125
5.2949302196502686
5.273871660232544
5.275461673736572
4.824932336807251
0.869544506072998
0.9286239147186279
1.0871250629425049
5.5964415073394775
0.68170166015625
0.5768682956695557
0.5124688148498535
0.4661731719970703
0.5124483108520508
0.3989381790161133
5.293767213821411
4.9475531578063965
5.692868709564209
5.701632738113403
0.21191096305847168
5.448480129241943
4.835710287094116
5.768054485321045
0.5250265598297119
5.4893128871917725
5.021185398101807
0.6206121444702148
5.8839430809021
5.576178550720215
5.589891672134399
5.983160018920898
5.107439994812012
0.5842392444610596
6.000040054321289
0.6158008575439453
5.673891067504883
0.640955924987793
5.224468231201172
0.4958515167236328
6.1315295696258545
0.6531219482421875
0.5457851886749268
0.6609213352203369
0.15053415298461914
0.7698044776916504
0.8230855464935303
0.6013896465301514
0.5011308193206787
0.5687625408172607
5.341236114501953
5.347134590148926
5.896838188171387
0.25820446014404297
5.992933511734009
4.959431171417236
4.9166693687438965
0.9777004718780518
0.9302952289581299
0.34778380393981934
0.22736334800720215
0.7402286529541016
0.7418675422668457
0.7411038875579834
0.6269328594207764
0.6274557113647461
0.5887742042541504
0.13469672203063965
6.003563404083252
5.996258020401001
5.890061616897583
4.931382894515991
5.71991491317749
5.72611403465271
5.263195753097534
5.160608291625977
5.698610305786133
5.484395503997803
0.8049588203430176
0.4293081760406494
5.828935384750366
4.995798349380493
0.9556498527526855
0.9353132247924805
0.4896278381347656
0.5049576759338379
0.546267032623291
5.110721588134766
5.091327905654907
5.369420528411865
0.6255295276641846
0.631439208984375
6.026335954666138
0.22096657752990723
4.895087957382202
4.892821311950684
4.949215888977051
4.899889945983887
4.881194829940796
5.4840476512908936
0.6190223693847656
1.1794195175170898
1.1604907512664795
1.1567327976226807
1.117232084274292
1.067150592803955
1.1447691917419434
5.317698001861572
0.7222650051116943
0.6379146575927734
0.584256649017334
0.751882791519165
0.20372605323791504
5.557886362075806
5.426687955856323
5.674438238143921
5.679757833480835
0.38968801498413086
0.37956953048706055
0.6969490051269531
0.6555881500244141
0.723222017288208
0.5570590496063232
0.6065764427185059
0.34659385681152344
0.44315052032470703
5.662526845932007
5.6738972663879395
5.871186971664429
5.6142120361328125
5.881490468978882
5.646610260009766
5.50438928604126
5.717030048370361
5.485971689224243
6.172221422195435
0.2896764278411865
4.9137420654296875
0.8645000457763672
0.8411221504211426
6.131774187088013
5.538148641586304
5.531560182571411
0.3474619388580322
0.35559654235839844
0.8516643047332764
0.5456767082214355
5.157656908035278
4.871567010879517
0.8781418800354004
5.7368409633636475
0.4839813709259033
0.4822733402252197
0.48477721214294434
5.854591369628906
0.47448205947875977
1.1167817115783691
1.1227221488952637
5.145212650299072
0.8530168533325195
0.5143053531646729
0.6215419769287109
0.6214268207550049
5.256874322891235
0.5282959938049316
0.3595917224884033
5.939534902572632
5.915082693099976
5.936566114425659
5.859918117523193
1.2893788814544678
1.2734403610229492
1.27882981300354
0.500274658203125
5.280271291732788
5.9334423542022705
0.999626636505127
1.0699176788330078
0.9162015914916992
0.41112518310546875
0.26663899421691895
0.26679372787475586
5.242155075073242
5.845027446746826
1.1514778137207031
5.525965690612793
5.010997295379639
5.400763273239136
5.511027812957764
5.263390779495239
6.193235397338867
1.0683698654174805
1.0659666061401367
5.1738786697387695
5.009765625
0.4670581817626953
0.36071252822875977
0.3544163703918457
0.9065167903900146
1.0061438083648682
0.31758546829223633
5.303124904632568
5.487598419189453
5.475356101989746
0.6811559200286865
0.693530797958374
1.0875358581542969
0.30579137802124023
0.42638635635375977
4.806781053543091
5.201415538787842
5.579334259033203
1.4198853969573975
5.35008430480957
5.351900815963745
5.437277793884277
5.37815260887146
1.0339388847351074
5.824101686477661
5.78279447555542
0.8670468330383301
0.6990113258361816
5.157342433929443
5.14606785774231
5.418359756469727
1.1546850204467773
0.742560625076294
0.6705563068389893
0.5631048679351807
0.6783831119537354
5.280828952789307
1.1886208057403564
1.191112756729126
1.2342860698699951
1.068969964981079
1.1502680778503418
6.015598297119141
6.580477476119995
0.6738812923431396
5.663766145706177
0.9884681701660156
5.512446641921997
5.5142364501953125
6.263911485671997
6.237153053283691
6.346581935882568
0.7234358787536621
5.795711517333984
1.2795512676239014
0.9763286113739014
5.6315391063690186
0.8038172721862793
0.8875954151153564
0.8076555728912354
0.6126980781555176
0.48195481300354004
0.4937095642089844
5.4739203453063965
1.4962618350982666
1.0870232582092285
1.1586833000183105
6.015027284622192
0.13689208030700684
5.474629640579224
5.567826509475708
5.807751417160034
5.713753700256348
5.509350061416626
5.603161096572876
0.7233061790466309
0.5059895515441895
0.47834110260009766
0.4761638641357422
5.53490948677063
1.042297601699829
5.855129957199097
0.9988713264465332
1.5678691864013672
5.858543872833252
0.5638487339019775
0.3221569061279297
0.4428286552429199
5.512305974960327
0.9190731048583984
0.93656325340271
0.9617738723754883
0.7403750419616699
0.5606248378753662
5.683140277862549
0.5712041854858398
0.6400415897369385
5.605018615722656
5.416248798370361
5.313400983810425
5.478655576705933
5.687352657318115
5.495774269104004
0.23669862747192383
0.5327980518341064
0.5691039562225342
0.5031945705413818
0.48486328125
6.748007774353027
5.856441020965576
0.4550766944885254
0.8687851428985596
5.761152505874634
5.97018837928772
5.750247478485107
0.6240055561065674
0.7011113166809082
0.685664176940918
5.1315553188323975
5.217109441757202
5.504076242446899
0.739861249923706
5.9921839237213135
0.7990517616271973
5.395643711090088
5.668504476547241
0.3578016757965088
5.400755167007446
5.156541585922241
0.3005397319793701
6.117779970169067
0.9127261638641357
5.437591314315796
0.4402139186859131
5.874946355819702
5.378676414489746
5.5448524951934814
5.597764253616333
5.199160575866699
5.201518297195435
0.5578861236572266
1.037064552307129
0.5151047706604004
1.0820963382720947
0.5168311595916748
0.8481338024139404
0.3644428253173828
0.7557916641235352
1.0659067630767822
0.8207976818084717
5.518521070480347
5.528106689453125
5.407538414001465
5.33342981338501
5.419814348220825
5.33693528175354
0.5343852043151855
0.4200150966644287
0.418046236038208
0.4103057384490967
0.4046492576599121
0.3783595561981201
0.25885462760925293
0.21941018104553223
5.3259406089782715
5.19228720664978
5.2751305103302
5.194926738739014
5.083496332168579
5.640281438827515
0.253309965133667
0.2186899185180664
6.44494104385376
5.605363368988037
5.606486558914185
5.494875431060791
0.32606053352355957
0.34967660903930664
0.1689448356628418
4.86899995803833
5.642340183258057
0.49442148208618164
0.2568023204803467
0.24518156051635742
4.698646783828735
0.9951443672180176
0.9480488300323486
0.9958751201629639
1.0144364833831787
1.003040075302124
0.9524343013763428
1.0301053524017334
5.133070230484009
0.4895141124725342
0.4800441265106201
1.1023061275482178
1.1067469120025635
1.1272861957550049
1.0397162437438965
1.113252878189087
1.081977367401123
1.1369223594665527
5.849663019180298
0.2923896312713623
0.1870114803314209
1.1111910343170166
5.966458082199097
4.910678148269653
4.928375244140625
4.768164873123169
4.787453651428223
5.97484564781189
0.67376708984375
0.49282360076904297
0.41883420944213867
0.4403514862060547
5.387048959732056
5.556505441665649
5.540141820907593
0.40549516677856445
0.4105527400970459
6.209160089492798
5.335468769073486
6.132490873336792
5.063307523727417
5.0676305294036865
0.2054429054260254
6.239558458328247
5.003885984420776
0.3007845878601074
6.117779970169067
6.365152359008789
1.4201905727386475
5.03976845741272
0.5679323673248291
0.5733375549316406
0.543163537979126
0.5857372283935547
5.196980953216553
4.6645965576171875
6.479921340942383
0.9148609638214111
0.8511776924133301
0.7797307968139648
5.0836546421051025
5.103145122528076
0.7078733444213867
1.0529725551605225
0.9758596420288086
5.494370698928833
4.911017179489136
0.1804654598236084
6.716059684753418
6.891834259033203
0.8036715984344482
0.8569595813751221
0.7393286228179932
0.8691179752349854
0.8916456699371338
6.750386714935303
5.3346686363220215
6.708848476409912
0.2545797824859619
0.24575495719909668
0.869927167892456
0.8168087005615234
0.6075475215911865
5.170619010925293
5.123510837554932
0.8152289390563965
0.6802215576171875
0.46701693534851074
5.409355401992798
6.836248874664307
0.22521090507507324
0.7016267776489258
1.08467435836792
0.7563481330871582
0.7221033573150635
0.6779606342315674
6.888826370239258
5.265438079833984
5.277007102966309
0.1903681755065918
5.656385898590088
5.320051908493042
0.7472710609436035
7.074455261230469
0.44827699661254883
5.135956525802612
0.4531543254852295
0.4802277088165283
0.7528457641601562
0.24998164176940918
5.078233242034912
5.0635597705841064
0.4858980178833008
0.41608524322509766
5.494037628173828
0.36743807792663574
5.460958957672119
0.21229219436645508
5.829308032989502
5.2016637325286865
0.8090157508850098
0.21909093856811523
7.6328535079956055
5.454457998275757
5.354843378067017
5.453498840332031
5.355254173278809
5.519508361816406
5.31623649597168
5.497652053833008
6.265081167221069
5.41448450088501
5.378876209259033
0.5015702247619629
0.4635188579559326
0.4783291816711426
0.3594818115234375
5.446184873580933
1.080108404159546
1.085503339767456
1.0933516025543213
0.9507277011871338
1.0395476818084717
0.23671364784240723
5.401179313659668
0.6938176155090332
0.7179112434387207
0.7260150909423828
0.2696704864501953
5.162400484085083
5.175588607788086
5.51185154914856
5.560256719589233
5.737073183059692
5.566509962081909
5.551321744918823
5.2060706615448
0.5028011798858643
0.6846232414245605
0.44527196884155273
0.42197656631469727
0.45671510696411133
5.3405444622039795
5.384026050567627
5.299372434616089
1.078620195388794
1.0620918273925781
0.5164320468902588
0.49932050704956055
0.5362136363983154
0.5162069797515869
5.783797264099121
5.470956563949585
5.475955009460449
0.8351268768310547
5.3309760093688965
0.7891290187835693
5.43315052986145
0.9306764602661133
0.7998309135437012
1.202756643295288
0.6951017379760742
0.8571386337280273
5.907272577285767
5.809659481048584
0.5595283508300781
0.6881508827209473
5.448647499084473
0.6525082588195801
0.19461512565612793
0.28058958053588867
0.7987613677978516
0.7923247814178467
0.7565417289733887
0.7746837139129639
0.6431641578674316
5.634759426116943
5.654360294342041
5.621260643005371
5.78890061378479
5.698339939117432
0.854928731918335
5.356168508529663
0.5948348045349121
0.5510702133178711
0.5005545616149902
0.20033979415893555
0.6475732326507568
0.7291157245635986
5.830570220947266
5.7935631275177
5.752604961395264
5.474945306777954
5.918813467025757
0.7702970504760742
0.14908456802368164
1.1445863246917725
5.949713468551636
6.00353741645813
1.1458492279052734
1.0107624530792236
1.0286662578582764
1.0151152610778809
5.543546915054321
1.2227373123168945
5.664048671722412
0.7770164012908936
0.4269380569458008
5.27286171913147
5.49470329284668
5.989102840423584
1.040590763092041
1.0340397357940674
5.577327489852905
5.3055784702301025
0.9749150276184082
0.9703309535980225
0.8611865043640137
5.628402233123779
6.187749147415161
0.6679141521453857
0.6850728988647461
5.674992799758911
5.528616189956665
1.0205597877502441
6.322897434234619
6.27186918258667
0.8087522983551025
0.7692523002624512
0.7786092758178711
5.2243146896362305
6.45619010925293
5.635197639465332
0.8737950325012207
5.629554748535156
0.9727354049682617
0.8524184226989746
0.6588320732116699
0.6631827354431152
0.43170833587646484
5.3787877559661865
0.5445230007171631
0.631201982498169
0.6375539302825928
0.5087406635284424
0.7327930927276611
0.7737386226654053
0.8843789100646973
0.9343974590301514
0.7825584411621094
5.812589645385742
6.701505899429321
0.3265666961669922
5.8687334060668945
4.605005502700806
0.44837498664855957
0.37514328956604004
6.472624063491821
0.8204214572906494
6.250081777572632
0.7335045337677002
0.6522624492645264
0.7043578624725342
6.176647424697876
6.070627689361572
6.152620077133179
5.670100212097168
5.284621715545654
5.271808385848999
4.769306898117065
6.295581817626953
0.512009859085083
5.36777925491333
4.7109949588775635
0.8697922229766846
5.465581178665161
5.47720742225647
5.46791410446167
0.17896270751953125
4.9454872608184814
4.884123086929321
0.7331264019012451
0.896679162979126
0.8943634033203125
1.0015294551849365
0.9045090675354004
0.91501784324646
0.9051740169525146
0.8169305324554443
0.645815372467041
0.6397652626037598
0.5586531162261963
0.5708591938018799
5.414565324783325
5.882545471191406
6.088041305541992
5.749850034713745
5.748359203338623
1.0715062618255615
5.021315813064575
0.6807570457458496
0.821953296661377
0.6899712085723877
0.4524228572845459
5.113558292388916
5.109102964401245
5.86819314956665
1.191969633102417
5.060464382171631
5.979867458343506
5.965512990951538
1.314021348953247
1.2648036479949951
1.2411689758300781
1.3633856773376465
0.5208208560943604
0.5378482341766357
6.215652704238892
0.22523283958435059
1.2823481559753418
1.1824088096618652
0.881767749786377
0.9718084335327148
5.2292139530181885
5.00000524520874
0.5862267017364502
0.4158785343170166
1.3087658882141113
0.6795539855957031
0.5920712947845459
0.588606595993042
0.5889236927032471
5.557616472244263
5.111603260040283
5.267014980316162
6.293920278549194
6.390584707260132
0.39819788932800293
0.3982570171356201
1.4089560508728027
0.43298959732055664
0.4156150817871094
1.0522770881652832
7.369524717330933
5.492701768875122
0.48943471908569336
0.2193293571472168
5.191315650939941
1.1760919094085693
1.190413475036621
1.1870579719543457
0.5479626655578613
1.1068365573883057
1.0523130893707275
1.063119888305664
1.0595698356628418
5.480798959732056
5.468597412109375
6.460488796234131
5.313686847686768
1.505197525024414
0.8353109359741211
0.9132111072540283
0.9346733093261719
0.8325059413909912
5.525929927825928
0.6540811061859131
0.6619412899017334
5.4517223834991455
0.5374858379364014
0.5373978614807129
5.5845983028411865
5.5576171875
0.1252298355102539
5.429504632949829
5.293452262878418
5.138498067855835
5.777838468551636
5.059419870376587
4.92297101020813
5.991605043411255
5.965911865234375
5.809931755065918
5.697710990905762
1.018186092376709
1.0247948169708252
1.030327320098877
0.9107091426849365
0.8652994632720947
0.8703153133392334
1.0891375541687012
0.9336061477661133
0.9513294696807861
0.8889906406402588
0.915496826171875
0.42058587074279785
5.804985523223877
5.821664571762085
0.3997836112976074
0.3889336585998535
5.694072246551514
5.930879592895508
1.022094488143921
0.2533609867095947
5.805311679840088
1.1203491687774658
1.2087182998657227
1.1371524333953857
5.803555011749268
1.03104829788208
5.497452259063721
1.1378657817840576
0.977755069732666
0.9719607830047607
1.082106590270996
0.44643235206604004
4.879709720611572
4.7913291454315186
6.029512643814087
5.914154767990112
1.279294729232788
5.6730194091796875
5.451362609863281
0.6546947956085205
0.668177604675293
0.6033666133880615
1.2541043758392334
1.3739206790924072
5.56210732460022
4.96403431892395
6.141244411468506
6.188032627105713
0.7624630928039551
1.328963279724121
0.819279670715332
5.052959680557251
5.08837628364563
1.2179992198944092
5.534631252288818
5.725710868835449
0.8064751625061035
5.165050029754639
1.385908842086792
1.2432024478912354
1.2023427486419678
5.322650194168091
4.92387318611145
4.917873859405518
1.013124704360962
4.92981743812561
4.947842597961426
4.820084095001221
5.695013999938965
5.305522918701172
1.2447795867919922
0.9439349174499512
1.0384471416473389
0.9099855422973633
5.843475103378296
5.682431697845459
0.5869400501251221
5.3794426918029785
5.544809818267822
1.0352318286895752
0.9174540042877197
1.103332281112671
5.557106256484985
0.9500443935394287
1.276515007019043
0.6873764991760254
0.6641092300415039
5.9347710609436035
0.7613232135772705
1.0738778114318848
1.1387460231781006
0.6647377014160156
0.7848803997039795
0.8517105579376221
0.36350178718566895
1.1622068881988525
1.0717790126800537
1.1400716304779053
1.1411807537078857
1.1475012302398682
6.054368495941162
5.243867635726929
0.6503438949584961
0.5514144897460938
0.6369214057922363
0.8414254188537598
0.8458094596862793
0.6456096172332764
0.8009777069091797
0.6808397769927979
6.230465412139893
6.1957104206085205
5.48128342628479
5.485830545425415
5.3001179695129395
4.408652067184448
4.2996439933776855
5.420900344848633
5.303432941436768
0.3941531181335449
4.2399680614471436
0.8151712417602539
5.320491313934326
0.5100173950195312
4.317091464996338
0.6821608543395996
0.6810257434844971
5.45658278465271
4.450621604919434
0.31168055534362793
0.5797195434570312
0.5785284042358398
4.346679925918579
5.652953147888184
5.640626668930054
0.8496968746185303
0.3869621753692627
0.12853479385375977
1.0280840396881104
1.0159037113189697
1.053743600845337
5.715656518936157
0.673224687576294
0.8117823600769043
0.8111953735351562
0.9776244163513184
0.5472328662872314
0.18692445755004883
4.539479732513428
4.312924385070801
4.303466558456421
0.1358332633972168
0.8410227298736572
1.4310903549194336
0.8561725616455078
1.1694066524505615
1.2041685581207275
0.8581547737121582
1.1835029125213623
5.860751628875732
0.7512366771697998
0.8608810901641846
1.197547197341919
1.17173433303833
1.1845791339874268
0.7570285797119141
1.5944159030914307
1.145796775817871
1.1508655548095703
1.1649351119995117
1.0324804782867432
1.173384666442871
1.0524258613586426
0.15064501762390137
6.168044805526733
5.925155162811279
0.17641115188598633
6.071628093719482
6.118757724761963
5.160200357437134
4.524452209472656
4.496644020080566
4.7262773513793945
5.934712886810303
0.5384426116943359
5.941238164901733
0.5112447738647461
0.4567539691925049
6.176748514175415
0.4831676483154297
0.1694042682647705
5.946763038635254
0.4614431858062744
4.736822605133057
4.477426528930664
6.068317174911499
5.87934422492981
0.4299948215484619
0.41570305824279785
4.7880330085754395
0.3765416145324707
0.27037549018859863
0.3357055187225342
0.7580382823944092
0.8176608085632324
0.7143323421478271
6.241977691650391
0.33923888206481934
4.959481477737427
0.9199130535125732
4.884534120559692
0.8218741416931152
0.366957426071167
4.768238544464111
6.166486978530884
1.0369930267333984
1.00052809715271
0.9653909206390381
0.966301679611206
0.9811849594116211
0.9817774295806885
4.993731737136841
0.40430355072021484
5.032471418380737
0.460848331451416
0.7472615242004395
6.164052724838257
6.1747071743011475
5.1293158531188965
4.981665849685669
4.707641124725342
0.4846501350402832
0.43717122077941895
4.659595966339111
0.7941725254058838
0.8528618812561035
0.7992799282073975
6.597159385681152
4.859477281570435
4.8880228996276855
0.6409006118774414
0.6616382598876953
0.6671953201293945
0.644268274307251
0.6668903827667236
0.5395739078521729
1.1229689121246338
0.48316216468811035
1.1223654747009277
4.624915838241577
0.7065911293029785
0.6987020969390869
0.45506811141967773
4.495647430419922
0.5799503326416016
0.19853448867797852
0.9951400756835938
0.9621481895446777
5.309897422790527
5.0718278884887695
5.007714033126831
0.92148756980896
0.9588348865509033
0.7618618011474609
4.803970098495483
4.593701362609863
0.8280928134918213
0.6422948837280273
0.6115767955780029
5.168238401412964
5.142258167266846
4.916465997695923
0.999039888381958
1.0325560569763184
4.748387813568115
0.13924241065979004
4.573992729187012
4.472973108291626
0.4130415916442871
5.04142951965332
0.30988550186157227
0.4935774803161621
5.437073707580566
5.445385694503784
0.21166181564331055
4.9135448932647705
0.3772242069244385
4.568587779998779
4.820719957351685
0.8644862174987793
1.1014995574951172
1.2916357517242432
0.7523388862609863
5.551318883895874
0.5620341300964355
0.7720816135406494
0.28167033195495605
0.19048762321472168
0.6776208877563477
0.6584770679473877
0.5209550857543945
0.6871740818023682
4.824336290359497
4.918800592422485
0.6452953815460205
0.4797983169555664
5.034377574920654
5.815494537353516
0.37036800384521484
0.3718535900115967
6.017362594604492
4.887515068054199
4.880788803100586
4.426966667175293
4.4248716831207275
4.461925983428955
0.546480655670166
0.7064342498779297
0.7133619785308838
6.091311931610107
6.103312969207764
6.097477436065674
6.108206272125244
6.218282222747803
6.156428337097168
6.1838250160217285
5.219831466674805
5.006547451019287
4.637610912322998
0.7463634014129639
0.30252528190612793
0.31908583641052246
0.5827388763427734
5.59818959236145
4.708552360534668
4.834825038909912
4.830763101577759
0.19900035858154297
5.175738573074341
5.654957294464111
1.093989610671997
1.108922004699707
1.1513450145721436
1.1082050800323486
1.039191484451294
5.392990827560425
0.31970810890197754
0.5880386829376221
0.5668363571166992
0.6017136573791504
0.4843018054962158
5.399866104125977
5.396179437637329
5.3857948780059814
5.149060249328613
0.31643128395080566
1.2852509021759033
5.123453378677368
5.133906364440918
0.8921561241149902
5.476028919219971
1.397284746170044
0.43874311447143555
4.982600450515747
0.8728713989257812
0.8779587745666504
0.9466278553009033
1.311413288116455
1.3453469276428223
1.2168781757354736
1.2262141704559326
5.305454969406128
4.989177942276001
0.9782390594482422
5.7098283767700195
5.710176229476929
5.1627161502838135
5.723718643188477
0.6201155185699463
0.6303319931030273
5.429377555847168
1.1354565620422363
1.0641486644744873
1.0074267387390137
1.2946879863739014
5.0529303550720215
1.0294430255889893
5.511896133422852
0.7070693969726562
0.4751014709472656
0.6411991119384766
0.4510486125946045
0.8196220397949219
5.2417004108428955
0.707406759262085
4.27631139755249
4.067149639129639
4.022260665893555
5.268890619277954
5.269003391265869
5.168528318405151
1.0306332111358643
0.9881317615509033
1.1189169883728027
4.198729038238525
4.137465953826904
4.215036392211914
3.9088945388793945
0.46817803382873535
5.4659576416015625
0.6006619930267334
5.318862676620483
5.182133436203003
5.1551032066345215
0.4740147590637207
0.5112230777740479
0.4763798713684082
4.949857234954834
0.661057710647583
0.7569594383239746
0.6209492683410645
0.49928855895996094
5.073725700378418
0.6739342212677002
0.5552575588226318
0.6710054874420166
5.215780019760132
1.3362751007080078
1.3297395706176758
5.384365797042847
5.142208814620972
5.151865482330322
1.3987274169921875
5.5208611488342285
0.5697863101959229
1.4559299945831299
1.455967664718628
4.737291574478149
4.511833190917969
5.651408433914185
5.8049843311309814
5.436587810516357
5.495450019836426
5.3734705448150635
0.7783598899841309
4.476344108581543
0.8275330066680908
0.8546826839447021
0.8295965194702148
5.7278361320495605
0.4579634666442871
0.9373793601989746
0.9064393043518066
0.9243316650390625
1.6809816360473633
1.6864593029022217
1.781151294708252
0.4697873592376709
5.575979709625244
4.791101694107056
4.69226598739624
0.45783543586730957
1.065211534500122
0.31442785263061523
0.4512045383453369
0.9697887897491455
0.9743716716766357
0.9816172122955322
0.8726942539215088
5.7668116092681885
5.720113754272461
4.761506080627441
1.7576463222503662
1.8508226871490479
1.743424892425537
1.7694330215454102
1.8185844421386719
0.9297971725463867
5.78062891960144
5.8041911125183105
4.92285680770874
4.86961030960083
0.4824404716491699
0.4852712154388428
0.17033863067626953
0.8043127059936523
5.931856155395508
4.785610198974609
0.6255800724029541
0.6324589252471924
1.1627991199493408
0.663818359375
0.6540007591247559
0.6514191627502441
0.6862092018127441
0.6706056594848633
0.6660676002502441
0.453493595123291
0.1767587661743164
5.276721715927124
0.7334108352661133
0.6951582431793213
0.714320182800293
0.6565361022949219
6.336665391921997
6.366785526275635
6.364997386932373
4.9795753955841064
1.0996906757354736
6.460625171661377
5.0547709465026855
5.054968595504761
5.068686485290527
1.2624201774597168
1.2565724849700928
1.2886953353881836
5.526457786560059
1.2770030498504639
5.648916482925415
1.388784408569336
5.725404739379883
1.2010092735290527
5.637760162353516
1.2171242237091064
1.2969400882720947
6.629439830780029
5.218716621398926
5.296671628952026
5.645416498184204
5.657808065414429
5.194211483001709
5.236473798751831
5.304025411605835
5.88715386390686
5.14003324508667
5.163246154785156
5.4544878005981445
5.46474027633667
5.466099500656128
5.978732585906982
5.356329679489136
5.367737293243408
6.069577932357788
5.70077657699585
5.962982654571533
5.943801641464233
5.632819175720215
5.707596778869629
4.980835676193237
4.3517796993255615
5.923244953155518
6.0578601360321045
5.631652593612671
5.62698221206665
5.674240350723267
4.703444480895996
4.579836368560791
5.777941465377808
5.857442378997803
5.9297873973846436
5.93091344833374
5.908343076705933
5.881168603897095
5.885476350784302
5.460411310195923
5.981139183044434
5.442635774612427
6.046381711959839
5.255132436752319
4.9839928150177
5.21883749961853
4.47783899307251
4.537229061126709
4.652843236923218
5.611009359359741
4.621327638626099
4.51540732383728
4.630582094192505
4.594571352005005
4.689980983734131
4.580384731292725
5.525802135467529
5.642221927642822
6.014653205871582
5.10513162612915
5.173553943634033
5.8942906856536865
4.756407737731934
4.764808177947998
5.876220703125
4.845461368560791
5.377204895019531
4.887203693389893
4.518764495849609
5.110975742340088
5.490796327590942
4.988231182098389
5.530806541442871
5.6275269985198975
5.084694862365723
4.627808332443237
4.362335205078125
4.486990213394165
5.126631498336792
5.139256954193115
5.746477842330933
5.662132263183594
4.682968616485596
5.244950294494629
5.157323360443115
4.1635777950286865
4.12955904006958
4.137033224105835
5.779629230499268
4.004947662353516
4.558604955673218
4.60371732711792
5.500425100326538
5.491377353668213
4.708326578140259
5.595488548278809
5.5973594188690186
5.546361207962036
5.606037139892578
5.5878496170043945
4.889577150344849
5.090674638748169
4.960172891616821
5.309927701950073
5.315303325653076
5.326765060424805
5.391587018966675
5.4687981605529785
5.553300142288208
5.585097551345825
5.554276466369629
5.537326335906982
5.5453200340271
