0.63319993019104
0.9489109516143799
0.930546760559082
0.7311182022094727
1.2693994045257568
1.3475477695465088
1.0939366817474365
1.3554022312164307
1.38016939163208
1.3000705242156982
0.6393837928771973
0.6946825981140137
1.4488356113433838
1.2222025394439697
1.1465730667114258
1.305938482284546
1.2628576755523682
1.8255391120910645
1.8083901405334473
1.6678545475006104
1.7204997539520264
1.8260438442230225
1.7696874141693115
1.4168672561645508
1.8215787410736084
1.3572862148284912
1.9175894260406494
1.3267149925231934
1.5632259845733643
1.467607021331787
1.541710615158081
1.4367706775665283
1.5016992092132568
1.4445972442626953
1.4999165534973145
2.254876136779785
1.7367329597473145
2.0850729942321777
2.1479625701904297
2.279041051864624
2.071772575378418
1.7954366207122803
1.654897689819336
1.8024492263793945
1.7410507202148438
1.8009717464447021
1.7248637676239014
2.7364089488983154
2.782656192779541
2.7941548824310303
2.811915874481201
2.783935546875
2.797757625579834
2.115432024002075
2.6538097858428955
2.8299593925476074
2.367741823196411
2.5324270725250244
2.9861361980438232
3.009617567062378
3.001544237136841
2.544139862060547
2.5942418575286865
2.5625908374786377
